Pedestrian -1 -1 -10 680.000000 161.000000 708.000000 238.000000 1.676349 0.609494 0.733458 2.203019 1.407301 16.742640 -1.404689 0.996813
Pedestrian -1 -1 -10 656.000000 162.000000 680.000000 238.000000 1.682548 0.607431 0.748672 1.620051 1.503748 16.611685 -1.437055 0.995779
Pedestrian -1 -1 -10 446.000000 166.000000 475.000000 244.000000 1.689417 0.602806 0.763899 -3.101561 1.528941 16.072575 -1.718715 0.969083
Pedestrian -1 -1 -10 559.000000 168.000000 578.000000 204.000000 1.703747 0.608876 0.654274 -1.559899 1.305166 36.839138 -1.563895 0.568394
Pedestrian -1 -1 -10 535.000000 167.000000 546.000000 201.000000 1.663716 0.625505 0.704961 -2.714592 1.273416 32.768738 -1.626141 0.256165
Pedestrian -1 -1 -10 1005.000000 224.000000 1127.000000 373.000000 1.700684 0.592727 0.610962 1.006011 1.138433 1.889662 -1.018134 0.017457
Pedestrian -1 -1 -10 729.000000 161.000000 742.000000 204.000000 1.638484 0.618083 0.571857 5.841178 1.083926 30.126355 0.730166 0.017414
Pedestrian -1 -1 -10 532.000000 169.000000 541.000000 199.000000 1.645953 0.621075 0.639428 -2.640848 1.256336 32.951628 -1.626592 0.012295
Pedestrian -1 -1 -10 570.000000 168.000000 587.000000 198.000000 1.751524 0.591467 0.705672 -1.486285 1.386342 37.507925 2.050867 0.011853
Pedestrian -1 -1 -10 724.000000 162.000000 736.000000 200.000000 1.727924 0.592417 0.620389 5.253890 1.030989 30.485904 0.731389 0.010575
Car -1 -1 -10 567.000000 167.000000 598.000000 194.000000 1.499634 1.612351 3.655411 -1.813255 0.976898 37.996956 2.146560 0.012771
Cyclist -1 -1 -10 601.000000 164.000000 627.000000 207.000000 1.704935 0.553500 0.740090 0.457658 1.264369 30.396377 -1.484706 0.986633
Cyclist -1 -1 -10 557.000000 168.000000 580.000000 204.000000 1.674067 0.621794 0.678330 -1.441045 1.238805 36.661944 -1.596783 0.901548
Cyclist -1 -1 -10 566.000000 168.000000 590.000000 202.000000 1.693765 0.590669 0.731871 -1.463102 1.292205 37.320823 -1.123858 0.411540
Cyclist -1 -1 -10 446.000000 170.000000 481.000000 239.000000 1.673801 0.597760 0.762602 -3.135024 1.504225 16.121620 -1.727727 0.031254
Cyclist -1 -1 -10 679.000000 162.000000 708.000000 236.000000 1.667657 0.598567 0.749728 2.211366 1.368542 16.757670 -1.410503 0.023967
Cyclist -1 -1 -10 461.000000 173.000000 499.000000 225.000000 1.597907 0.594286 0.544787 -3.534742 1.721538 21.849676 -1.709471 0.012013
