Pedestrian -1 -1 -10 937.000000 210.000000 1001.000000 350.000000 1.756900 0.583575 0.608003 2.642788 2.167544 4.426131 -1.107357 0.904002
Pedestrian -1 -1 -10 598.000000 174.000000 616.000000 220.000000 1.662583 0.604113 0.713125 0.195315 1.568801 24.796213 -1.526812 0.795314
Pedestrian -1 -1 -10 819.000000 198.000000 859.000000 302.000000 1.618953 0.584483 0.531489 2.820105 2.141784 7.762107 -1.226418 0.634344
Pedestrian -1 -1 -10 1041.000000 219.000000 1133.000000 363.000000 1.815546 0.614052 0.672309 3.056390 1.946898 5.861428 2.248124 0.575605
Pedestrian -1 -1 -10 800.000000 198.000000 845.000000 297.000000 1.640076 0.619566 0.493483 3.088738 1.861326 9.471579 1.337904 0.115885
Pedestrian -1 -1 -10 780.000000 198.000000 822.000000 287.000000 1.617232 0.595659 0.597991 3.459621 1.770353 11.446966 -1.284623 0.077825
Pedestrian -1 -1 -10 745.000000 202.000000 788.000000 283.000000 1.595896 0.595408 0.581407 2.884824 1.983949 10.681977 -1.300982 0.065378
Pedestrian -1 -1 -10 953.000000 233.000000 1237.000000 367.000000 1.846836 0.594961 0.757295 1.480723 1.417108 2.504599 -1.000275 0.057670
Car -1 -1 -10 959.000000 236.000000 1238.000000 368.000000 1.593293 1.672277 3.533691 3.045246 1.550963 5.368614 2.633246 0.121897
Cyclist -1 -1 -10 1017.000000 227.000000 1167.000000 369.000000 1.846026 0.595740 0.688862 1.522240 1.169913 2.934498 2.244378 0.055496
