Pedestrian -1 -1 -10 728.000000 177.000000 750.000000 215.000000 1.568106 0.595801 0.561289 5.796937 1.834957 33.078422 -1.381676 0.017150
Car -1 -1 -10 704.000000 186.000000 831.000000 271.000000 1.458118 1.556486 3.881081 3.224929 1.725755 14.214652 -1.480143 0.999389
Car -1 -1 -10 445.000000 179.000000 523.000000 231.000000 1.470917 1.576602 3.759629 -3.522256 1.631841 20.379094 1.458527 0.999231
Car -1 -1 -10 172.000000 173.000000 430.000000 354.000000 1.541862 1.616928 3.702117 -3.299137 1.676071 8.052187 1.613269 0.998540
Car -1 -1 -10 652.000000 178.000000 705.000000 219.000000 1.508692 1.586050 3.911480 2.936748 1.928440 29.188491 -1.514489 0.997085
Car -1 -1 -10 496.000000 172.000000 549.000000 213.000000 1.504438 1.578772 3.707042 -3.423688 1.599675 28.634917 1.588215 0.995686
Car -1 -1 -10 526.000000 174.000000 565.000000 203.000000 1.471898 1.571550 3.771141 -3.194803 1.927762 37.419799 -1.603673 0.596634
Car -1 -1 -10 871.000000 55.000000 1235.000000 363.000000 1.531464 1.590164 4.061787 3.203466 1.258747 3.583174 1.522045 0.054767
Car -1 -1 -10 643.000000 180.000000 680.000000 210.000000 1.490723 1.545229 3.613364 2.467740 2.173500 37.688181 -1.463834 0.036415
Cyclist -1 -1 -10 728.000000 177.000000 750.000000 215.000000 1.603223 0.587198 0.568060 5.812943 1.777964 33.093400 -1.395803 0.013294
