Pedestrian -1 -1 -10 1000.000000 145.000000 1100.000000 319.000000 1.707055 0.585686 0.590728 2.264870 1.823018 3.476224 -1.020669 0.990515
Pedestrian -1 -1 -10 668.000000 172.000000 686.000000 226.000000 1.682791 0.606100 0.741735 2.563450 1.637528 23.966770 -1.426130 0.972727
Pedestrian -1 -1 -10 689.000000 170.000000 709.000000 225.000000 1.652757 0.636578 0.666267 3.400006 1.621476 23.654480 1.164229 0.930344
Pedestrian -1 -1 -10 849.000000 216.000000 902.000000 335.000000 1.687698 0.599891 0.601479 2.235113 1.861730 5.531452 -1.206393 0.482258
Pedestrian -1 -1 -10 538.000000 173.000000 558.000000 227.000000 1.675872 0.606804 0.732825 -1.701102 1.613535 23.142819 -1.606786 0.384433
Pedestrian -1 -1 -10 928.000000 167.000000 1109.000000 356.000000 1.607244 0.625913 0.567222 2.320888 1.890389 4.328994 -1.068604 0.042419
Pedestrian -1 -1 -10 913.000000 177.000000 981.000000 290.000000 1.626369 0.574694 0.654697 2.982191 1.704744 6.716785 -1.087962 0.040598
Pedestrian -1 -1 -10 612.000000 173.000000 623.000000 205.000000 1.694982 0.598591 0.758241 0.970085 1.469493 40.414533 -1.504990 0.024633
Pedestrian -1 -1 -10 676.000000 171.000000 699.000000 226.000000 1.731322 0.614554 0.767345 2.951801 1.596710 24.087211 -1.422515 0.022062
Car -1 -1 -10 6.000000 198.000000 420.000000 374.000000 1.492106 1.605090 3.741624 -2.741161 1.588207 4.668684 1.664983 0.992571
Car -1 -1 -10 152.000000 208.000000 382.000000 302.000000 1.416205 1.625378 3.583250 -1.872960 0.892321 3.177102 -2.014434 0.012921
Cyclist -1 -1 -10 907.000000 174.000000 985.000000 298.000000 1.646774 0.564540 0.676926 2.813693 1.751403 6.754448 -1.081759 0.955100
Cyclist -1 -1 -10 836.000000 210.000000 914.000000 342.000000 1.626013 0.598178 0.570464 2.484481 1.805897 5.733339 -1.174245 0.162089
Cyclist -1 -1 -10 832.000000 195.000000 975.000000 363.000000 1.711547 0.644289 1.752627 2.367410 1.822215 5.431194 1.441394 0.090817
Cyclist -1 -1 -10 538.000000 172.000000 559.000000 227.000000 1.683531 0.607248 0.773427 -1.714318 1.524796 23.156171 -1.612943 0.058336
Cyclist -1 -1 -10 668.000000 174.000000 686.000000 226.000000 1.672863 0.596265 0.755051 2.565515 1.596197 23.984769 -1.432201 0.036562
Cyclist -1 -1 -10 876.000000 177.000000 1111.000000 347.000000 1.429972 1.602448 3.763100 2.453034 1.590548 4.848880 1.600729 0.015358
