Pedestrian -1 -1 -10 654.000000 167.000000 670.000000 216.000000 1.651458 0.606395 0.608982 1.925551 1.724083 24.051133 0.621146 0.532169
Pedestrian -1 -1 -10 660.000000 166.000000 693.000000 219.000000 1.710540 0.645075 0.656255 2.392364 1.636875 23.411140 1.104328 0.074300
Pedestrian -1 -1 -10 140.000000 176.000000 162.000000 223.000000 1.599468 0.616111 0.615680 -15.723275 2.095254 25.125260 1.475984 0.027958
Pedestrian -1 -1 -10 662.000000 167.000000 673.000000 213.000000 1.637777 0.599343 0.638663 1.841217 1.532371 23.542371 -1.462517 0.027114
Pedestrian -1 -1 -10 668.000000 166.000000 681.000000 214.000000 1.622713 0.600847 0.669719 2.163391 1.556475 23.544339 -1.456239 0.014457
Pedestrian -1 -1 -10 427.000000 174.000000 436.000000 206.000000 1.588195 0.703716 0.637816 -4.268173 1.970548 13.125630 1.332550 0.010776
Pedestrian -1 -1 -10 312.000000 177.000000 319.000000 213.000000 1.769331 0.583993 0.613010 -11.766222 2.127495 29.045651 -1.969222 0.010713
Car -1 -1 -10 418.000000 174.000000 526.000000 258.000000 1.584698 1.618854 3.769692 -2.992374 1.652077 15.733254 -1.611424 0.999126
Car -1 -1 -10 230.000000 185.000000 320.000000 228.000000 1.581186 1.625729 3.745096 -12.699638 2.115517 27.568865 1.613272 0.996789
Car -1 -1 -10 586.000000 171.000000 613.000000 198.000000 1.521138 1.623006 3.866444 -0.701811 1.486095 46.692571 -1.584201 0.996097
Cyclist -1 -1 -10 662.000000 162.000000 722.000000 221.000000 1.690320 0.636751 1.782499 2.660281 1.527655 22.400304 1.134316 0.999470
Cyclist -1 -1 -10 658.000000 166.000000 691.000000 218.000000 1.726343 0.644084 1.717471 2.399917 1.576892 23.627456 1.123292 0.644428
Cyclist -1 -1 -10 654.000000 167.000000 671.000000 216.000000 1.619754 0.628036 0.600014 1.954332 1.662579 23.986082 1.098159 0.361167
Cyclist -1 -1 -10 662.000000 167.000000 673.000000 213.000000 1.606220 0.594098 0.631413 1.863138 1.434925 23.616679 -1.464068 0.070835
Cyclist -1 -1 -10 1014.000000 151.000000 1037.000000 205.000000 1.544052 1.459995 3.564506 8.490901 2.148176 16.749746 2.101030 0.010709
