Pedestrian -1 -1 -10 147.000000 192.000000 270.000000 371.000000 1.631801 0.604124 0.697653 -2.471204 1.760558 4.673471 -2.042535 0.997693
Pedestrian -1 -1 -10 581.000000 164.000000 605.000000 236.000000 1.699104 0.608459 0.758719 -0.171557 1.514385 17.471061 0.516327 0.990457
Pedestrian -1 -1 -10 959.000000 157.000000 1010.000000 286.000000 1.621311 0.599336 0.694305 4.822951 1.508601 9.119269 -1.039680 0.988915
Pedestrian -1 -1 -10 521.000000 159.000000 543.000000 232.000000 1.686155 0.593262 0.681717 -1.890920 1.579901 19.635216 0.440949 0.948522
Pedestrian -1 -1 -10 552.000000 164.000000 575.000000 222.000000 1.704728 0.604104 0.749976 -1.162362 1.438302 22.329032 -1.581069 0.937291
Pedestrian -1 -1 -10 426.000000 169.000000 484.000000 288.000000 1.653281 0.602397 0.737281 -1.876736 1.762294 10.508845 -1.719771 0.872578
Pedestrian -1 -1 -10 220.000000 171.000000 275.000000 337.000000 1.628543 0.596194 0.619690 -2.683620 1.701725 5.077163 -2.002085 0.842164
Pedestrian -1 -1 -10 594.000000 163.000000 610.000000 220.000000 1.502743 1.552380 3.749962 -0.969766 2.016503 16.002324 1.604911 0.336007
Pedestrian -1 -1 -10 696.000000 156.000000 736.000000 239.000000 1.637550 0.637773 0.723137 2.483536 1.413984 15.251454 1.225398 0.209155
Pedestrian -1 -1 -10 607.000000 165.000000 622.000000 209.000000 1.724749 0.578001 0.711275 0.360344 1.336041 29.145877 0.578025 0.127626
Pedestrian -1 -1 -10 620.000000 164.000000 636.000000 210.000000 1.638425 0.599271 0.646726 1.073128 1.280183 29.277371 -1.483048 0.112363
Pedestrian -1 -1 -10 801.000000 160.000000 840.000000 259.000000 1.701482 0.608372 0.754442 4.037644 1.433389 13.280948 -1.232365 0.047627
Car -1 -1 -10 160.000000 190.000000 276.000000 359.000000 1.514407 1.593371 3.614542 -2.994165 1.521328 5.471752 -2.021214 0.010733
Cyclist -1 -1 -10 419.000000 169.000000 488.000000 292.000000 1.675692 0.599250 0.752039 -1.858191 1.710753 10.575415 -1.730626 0.950498
Cyclist -1 -1 -10 691.000000 159.000000 743.000000 240.000000 1.667896 0.640449 0.705068 2.483419 1.458144 15.267418 -1.419740 0.916287
Cyclist -1 -1 -10 867.000000 178.000000 970.000000 366.000000 1.670519 0.609070 0.685884 2.600136 1.853343 6.484482 -1.140090 0.170277
Cyclist -1 -1 -10 160.000000 190.000000 276.000000 359.000000 1.610546 0.592704 0.696510 -2.473270 1.685181 4.697735 -2.036971 0.148320
Cyclist -1 -1 -10 219.000000 174.000000 285.000000 328.000000 1.616324 0.590369 0.598130 -2.886252 1.579028 5.378278 -1.985963 0.136481
Cyclist -1 -1 -10 676.000000 161.000000 697.000000 206.000000 1.714020 0.461503 1.643385 4.085941 0.966340 32.332019 -1.451803 0.032798
Cyclist -1 -1 -10 198.000000 184.000000 328.000000 301.000000 1.616090 0.606073 0.567836 -4.072901 1.877514 9.723866 -2.021231 0.027029
Cyclist -1 -1 -10 784.000000 152.000000 861.000000 368.000000 1.694561 0.604223 0.770888 2.303803 1.664849 6.322834 -1.237444 0.017424
Cyclist -1 -1 -10 666.000000 163.000000 688.000000 207.000000 1.724894 0.521564 1.723661 3.585540 1.123414 32.117551 -1.449063 0.010461
