Pedestrian -1 -1 -10 648.000000 173.000000 658.000000 203.000000 1.689135 0.598966 0.732884 2.792155 1.953125 44.288981 -1.467126 0.224212
Car -1 -1 -10 724.000000 182.000000 803.000000 253.000000 1.474610 1.573591 3.776948 3.962255 1.767935 17.840524 -1.430588 0.999282
Car -1 -1 -10 561.000000 174.000000 613.000000 218.000000 1.542792 1.623170 3.900497 -0.963587 1.707052 30.131478 1.534267 0.999210
Car -1 -1 -10 347.000000 183.000000 532.000000 313.000000 1.518330 1.585654 3.711366 -2.362770 1.758934 10.138296 -1.313201 0.998898
Car -1 -1 -10 20.000000 184.000000 346.000000 374.000000 1.460683 1.611971 3.725025 -2.737181 1.622924 3.754161 1.621432 0.982000
Car -1 -1 -10 398.000000 173.000000 515.000000 217.000000 1.369810 1.591277 3.782710 -5.236156 1.071693 30.173882 0.826455 0.962999
Car -1 -1 -10 592.000000 177.000000 628.000000 209.000000 1.508356 1.614069 3.629805 0.219440 1.961122 37.193100 -1.512612 0.947288
Car -1 -1 -10 887.000000 211.000000 1230.000000 371.000000 1.423549 1.568728 3.844535 2.888222 1.574587 2.554880 1.540269 0.942876
Car -1 -1 -10 713.000000 185.000000 765.000000 234.000000 1.442797 1.558612 3.788629 4.174759 2.083626 21.085566 1.179536 0.932495
Car -1 -1 -10 379.000000 176.000000 517.000000 255.000000 1.472062 1.620717 3.803622 -4.800236 1.317589 18.513917 1.911770 0.207249
Cyclist -1 -1 -10 648.000000 173.000000 658.000000 202.000000 1.647822 0.596035 0.720946 2.818921 1.888484 44.264986 -1.478706 0.395252
Cyclist -1 -1 -10 391.000000 173.000000 516.000000 228.000000 1.510659 1.568933 3.845877 -4.727114 1.576196 23.426956 1.883297 0.041679
