Pedestrian -1 -1 -10 709.000000 177.000000 721.000000 212.000000 1.692067 0.625003 0.527493 4.995125 1.709697 33.160778 -1.399435 0.375492
Pedestrian -1 -1 -10 702.000000 168.000000 711.000000 214.000000 1.645628 0.598380 0.618854 5.497955 1.749974 39.938651 -1.433237 0.120140
Pedestrian -1 -1 -10 704.000000 170.000000 718.000000 214.000000 1.720229 0.612748 0.566058 5.031328 1.621782 33.907896 -1.413325 0.104583
Pedestrian -1 -1 -10 698.000000 169.000000 725.000000 222.000000 1.705014 0.592883 0.607434 4.701895 1.656355 31.132689 -1.438863 0.025021
Pedestrian -1 -1 -10 699.000000 169.000000 708.000000 210.000000 1.556579 0.599871 0.615514 5.570298 1.487069 40.410425 -1.410971 0.019853
Pedestrian -1 -1 -10 696.000000 172.000000 703.000000 207.000000 1.606565 0.583366 0.651966 5.289928 1.604773 41.496643 -1.405421 0.013328
Car -1 -1 -10 683.000000 184.000000 780.000000 255.000000 1.461656 1.574861 3.835004 2.948109 1.706871 16.472391 -1.518401 0.998902
Car -1 -1 -10 531.000000 177.000000 575.000000 211.000000 1.475765 1.605793 3.855654 -2.566406 1.708163 33.695728 1.599100 0.998794
Car -1 -1 -10 651.000000 178.000000 698.000000 219.000000 1.453980 1.593082 3.912146 2.655359 1.731542 29.475989 1.517700 0.996630
Car -1 -1 -10 102.000000 188.000000 465.000000 372.000000 1.524587 1.617850 3.760361 -2.796822 1.832369 6.676586 1.602906 0.991420
Car -1 -1 -10 639.000000 175.000000 668.000000 201.000000 1.573558 1.623158 3.807747 2.953113 1.913403 48.748190 -1.489793 0.125376
Cyclist -1 -1 -10 712.000000 176.000000 721.000000 214.000000 1.691191 0.635792 0.519642 4.986175 1.669440 33.099296 -1.408805 0.011366
