Car -1 -1 -10 249.000000 199.000000 377.000000 263.000000 1.446858 1.607987 3.983157 -7.092259 2.030356 17.671997 0.692996 0.999444
Car -1 -1 -10 111.000000 193.000000 183.000000 233.000000 1.460599 1.563685 3.863868 -18.260051 2.282569 28.334091 -2.255936 0.998600
Car -1 -1 -10 710.000000 180.000000 801.000000 234.000000 1.437057 1.573419 3.844584 4.083452 1.632048 19.599659 1.755556 0.998038
Car -1 -1 -10 90.000000 191.000000 154.000000 226.000000 1.441300 1.529522 3.664202 -19.578371 2.390534 29.692721 0.493260 0.981859
Car -1 -1 -10 630.000000 179.000000 698.000000 231.000000 1.409449 1.583339 3.748084 1.542019 1.677165 20.401149 1.654376 0.977753
Car -1 -1 -10 387.000000 166.000000 647.000000 304.000000 1.621865 1.694857 4.221524 -1.569692 1.569128 11.842047 -2.298805 0.942379
Car -1 -1 -10 310.000000 180.000000 408.000000 217.000000 1.549269 1.692216 4.012439 -11.684441 1.878206 33.621995 -3.008312 0.882694
Car -1 -1 -10 49.000000 186.000000 84.000000 211.000000 1.494028 1.590748 3.869038 -40.669210 2.668891 53.407634 -2.252047 0.463151
Car -1 -1 -10 255.000000 186.000000 343.000000 211.000000 1.415982 1.617501 4.092237 -15.818204 1.821299 37.151573 0.555246 0.177618
Car -1 -1 -10 774.000000 173.000000 925.000000 224.000000 1.457739 1.681340 4.107527 7.321793 1.487400 22.383988 1.320968 0.138188
Car -1 -1 -10 501.000000 178.000000 637.000000 251.000000 1.518391 1.604908 3.679609 0.592446 2.243892 17.676010 1.508969 0.012293
