Pedestrian -1 -1 -10 626.000000 173.000000 648.000000 214.000000 1.656372 0.600467 0.707820 1.219448 1.509806 27.389037 -1.490016 0.961542
Pedestrian -1 -1 -10 856.000000 201.000000 897.000000 288.000000 1.856155 0.622545 0.696195 1.425971 1.727309 5.670725 2.007891 0.250024
Pedestrian -1 -1 -10 919.000000 203.000000 979.000000 305.000000 1.853024 0.680806 0.896436 3.078745 2.324289 8.541365 2.060037 0.226891
Pedestrian -1 -1 -10 784.000000 193.000000 813.000000 275.000000 1.621991 0.594870 0.617224 3.473744 1.667711 13.062282 -1.281022 0.101040
Pedestrian -1 -1 -10 730.000000 196.000000 761.000000 267.000000 1.604857 0.602157 0.605907 2.966264 1.967797 13.069951 0.762316 0.069885
Pedestrian -1 -1 -10 745.000000 195.000000 784.000000 271.000000 1.622633 0.622382 0.596310 2.975898 1.957493 12.691815 1.247888 0.035653
Pedestrian -1 -1 -10 924.000000 186.000000 945.000000 250.000000 1.880397 0.671161 0.884158 2.819775 2.250460 8.243879 2.052427 0.032267
Pedestrian -1 -1 -10 918.000000 196.000000 963.000000 264.000000 1.706337 0.592320 0.611111 6.445871 1.564715 14.240080 -1.136550 0.022465
Cyclist -1 -1 -10 481.000000 187.000000 534.000000 240.000000 1.684088 0.521214 1.715625 -2.476913 1.833450 20.645491 -1.686050 0.027355
Cyclist -1 -1 -10 916.000000 202.000000 984.000000 301.000000 1.837768 0.593246 0.690345 1.451727 1.401864 4.244119 2.084566 0.014340
