Pedestrian -1 -1 -10 723.000000 175.000000 788.000000 226.000000 1.611680 0.650863 0.581017 4.372361 1.878503 19.999027 -1.378198 0.010383
Car -1 -1 -10 524.000000 173.000000 570.000000 204.000000 1.470258 1.599128 3.870571 -3.366840 1.698899 37.342201 1.583446 0.999607
Car -1 -1 -10 193.000000 185.000000 394.000000 315.000000 1.483924 1.585653 3.726464 -4.670424 1.832485 9.990354 1.618515 0.997460
Car -1 -1 -10 1.000000 204.000000 261.000000 375.000000 1.479812 1.611906 3.660752 -4.618329 1.867348 5.959288 1.542907 0.984845
Car -1 -1 -10 725.000000 177.000000 795.000000 230.000000 1.433689 1.523807 3.637835 4.809384 1.695869 20.815137 -1.397108 0.982112
Car -1 -1 -10 707.000000 171.000000 770.000000 215.000000 1.424895 1.498202 3.734710 5.265661 1.518566 27.373134 -1.540107 0.974106
Car -1 -1 -10 748.000000 163.000000 892.000000 263.000000 1.532178 1.602656 4.092347 4.333021 1.450832 14.728484 -1.726074 0.957596
Car -1 -1 -10 549.000000 173.000000 581.000000 199.000000 1.494183 1.577267 3.739522 -3.047958 1.826165 38.326031 1.612334 0.522345
Car -1 -1 -10 698.000000 171.000000 743.000000 207.000000 1.443066 1.563938 3.543691 5.187264 1.584286 31.753432 -1.399297 0.515770
Car -1 -1 -10 692.000000 170.000000 726.000000 199.000000 1.448748 1.621732 3.650916 5.063376 1.621728 36.907060 -1.384392 0.269504
