Pedestrian -1 -1 -10 0.000000 185.000000 140.000000 375.000000 1.635673 0.588243 0.639178 -4.464352 2.211003 5.220905 -2.185525 0.016560
Car -1 -1 -10 677.000000 184.000000 751.000000 238.000000 1.447204 1.569367 3.819739 3.154799 1.779985 20.421584 -1.524138 0.998921
Car -1 -1 -10 259.000000 182.000000 467.000000 252.000000 1.444931 1.563983 4.001959 -5.816359 1.743053 17.697461 0.594281 0.996822
Car -1 -1 -10 734.000000 174.000000 836.000000 221.000000 1.569386 1.703312 4.081965 6.222256 1.480820 25.970602 0.190685 0.992734
Car -1 -1 -10 782.000000 170.000000 1134.000000 374.000000 1.481114 1.619474 3.954610 3.090650 1.549542 6.550126 -1.652663 0.987319
Car -1 -1 -10 368.000000 180.000000 492.000000 225.000000 1.487261 1.546299 3.875234 -6.078458 1.659056 26.344887 -2.917554 0.970441
Car -1 -1 -10 0.000000 188.000000 148.000000 374.000000 1.439018 1.632491 3.753065 -5.155455 1.959244 5.736375 1.401111 0.953931
Car -1 -1 -10 -14.000000 179.000000 271.000000 343.000000 1.526155 1.549861 3.852431 -6.158563 1.691993 9.062401 -3.285125 0.934395
Car -1 -1 -10 404.000000 178.000000 519.000000 212.000000 1.545071 1.689868 3.976011 -6.212655 1.598920 33.466608 1.914718 0.707748
Car -1 -1 -10 683.000000 175.000000 733.000000 202.000000 1.496333 1.642445 3.926331 5.415851 1.566458 39.821413 1.221850 0.425993
Car -1 -1 -10 42.000000 185.000000 339.000000 278.000000 1.506203 1.622749 3.727972 -6.372752 1.714397 12.397958 -2.740240 0.373676
Car -1 -1 -10 193.000000 189.000000 414.000000 266.000000 1.467886 1.602973 3.885729 -6.176162 1.830543 16.187067 0.590005 0.190868
