Pedestrian -1 -1 -10 765.000000 172.000000 783.000000 226.000000 1.654922 0.643414 0.559803 6.428292 1.566873 27.659935 -1.357135 0.010982
Car -1 -1 -10 733.000000 181.000000 946.000000 317.000000 1.458322 1.574751 4.044836 3.065520 1.674250 8.037623 1.367897 0.998381
Car -1 -1 -10 470.000000 178.000000 540.000000 235.000000 1.601405 1.626823 3.787733 -3.369654 1.823431 22.873333 -1.596611 0.997726
Car -1 -1 -10 685.000000 177.000000 788.000000 255.000000 1.467341 1.531627 3.876486 3.073070 1.726950 15.645445 -1.535143 0.997405
Car -1 -1 -10 670.000000 177.000000 732.000000 227.000000 1.425712 1.574564 3.787404 3.143386 1.574214 23.711702 -1.477484 0.993412
Car -1 -1 -10 650.000000 176.000000 696.000000 212.000000 1.421880 1.555459 3.696693 3.048378 1.698421 31.608215 -1.491091 0.992663
Car -1 -1 -10 826.000000 181.000000 1223.000000 371.000000 1.425007 1.626866 4.172961 2.834586 1.464100 3.426312 1.515322 0.988892
Car -1 -1 -10 634.000000 177.000000 668.000000 203.000000 1.546761 1.638061 3.644768 2.435976 1.949857 41.538230 -1.479016 0.885143
Car -1 -1 -10 505.000000 178.000000 549.000000 216.000000 1.450715 1.602047 3.693581 -3.561222 1.922271 33.302115 -1.626100 0.483357
Cyclist -1 -1 -10 790.000000 178.000000 805.000000 227.000000 1.752813 0.579793 0.644045 9.282902 1.598831 35.153252 -1.332867 0.025863
Cyclist -1 -1 -10 782.000000 180.000000 815.000000 223.000000 1.739572 0.578982 0.640028 8.366098 1.710145 30.240122 -1.331989 0.011757
