Car -1 -1 -10 169.000000 199.000000 364.000000 304.000000 1.521351 1.605833 3.732834 -5.944373 2.154673 12.711566 1.620539 0.999387
Car -1 -1 -10 325.000000 195.000000 425.000000 263.000000 1.494981 1.560647 3.727041 -5.742836 2.204303 17.839376 1.651339 0.997735
Car -1 -1 -10 812.000000 154.000000 944.000000 204.000000 1.456729 1.665653 4.112162 9.632458 0.718765 26.205112 1.353927 0.995040
Car -1 -1 -10 381.000000 192.000000 464.000000 245.000000 1.453804 1.535591 3.719048 -5.705333 2.137065 22.984552 1.512166 0.990408
Car -1 -1 -10 663.000000 177.000000 714.000000 212.000000 1.426801 1.520836 3.707028 3.904627 1.764405 31.992191 1.157199 0.988515
Car -1 -1 -10 428.000000 190.000000 493.000000 228.000000 1.497700 1.599591 3.695316 -5.857501 2.238420 28.626994 1.750838 0.961475
Car -1 -1 -10 475.000000 187.000000 521.000000 218.000000 1.477425 1.571146 3.773686 -5.523777 2.449790 35.933100 1.823705 0.904900
Car -1 -1 -10 1103.000000 142.000000 1216.000000 179.000000 1.457359 1.602829 4.037154 22.832327 0.245507 30.932645 1.700690 0.424362
Car -1 -1 -10 651.000000 178.000000 695.000000 206.000000 1.468738 1.453138 3.548241 3.581569 1.786460 36.780443 -1.572612 0.238263
Car -1 -1 -10 755.000000 162.000000 862.000000 200.000000 1.462631 1.583948 3.905339 8.297197 1.172089 30.591882 1.373178 0.193438
Car -1 -1 -10 1116.000000 119.000000 1245.000000 364.000000 1.532020 1.570701 3.582382 3.687802 1.253868 4.284133 -0.859342 0.092422
Cyclist -1 -1 -10 1125.000000 120.000000 1241.000000 369.000000 1.660567 0.590824 0.730664 3.157013 1.395049 3.584868 -0.866008 0.029720
