Pedestrian -1 -1 -10 773.000000 165.000000 782.000000 192.000000 1.705745 0.613109 0.700538 12.498247 1.645063 52.526364 -1.300562 0.484696
Car -1 -1 -10 834.000000 177.000000 906.000000 239.000000 1.478489 1.587836 3.836120 7.414355 1.723856 19.972899 -1.277217 0.999407
Car -1 -1 -10 690.000000 167.000000 738.000000 207.000000 1.466132 1.572144 3.768879 4.767075 1.556967 32.885355 -1.450062 0.999024
Car -1 -1 -10 912.000000 201.000000 1233.000000 374.000000 1.437135 1.582491 3.863331 3.638181 1.710573 5.343583 -1.135204 0.997246
Car -1 -1 -10 237.000000 170.000000 559.000000 376.000000 1.507777 1.597709 3.692364 -1.932859 1.642705 6.718011 1.802849 0.997207
Car -1 -1 -10 543.000000 174.000000 669.000000 264.000000 1.525989 1.588533 3.700851 0.001591 1.553641 13.761445 -1.080988 0.996485
Car -1 -1 -10 554.000000 163.000000 653.000000 227.000000 1.489704 1.563293 3.661384 -1.064647 1.111375 21.756286 2.136791 0.983427
Car -1 -1 -10 720.000000 169.000000 753.000000 200.000000 1.516791 1.586680 3.652785 6.899677 1.635767 39.902689 -1.357416 0.934918
Car -1 -1 -10 5.000000 167.000000 299.000000 372.000000 1.512994 1.628332 3.767834 -2.812128 1.592464 3.509535 1.555758 0.894545
Car -1 -1 -10 832.000000 177.000000 879.000000 222.000000 1.460720 1.546014 3.749431 8.211855 1.828638 23.126511 1.351162 0.029941
Cyclist -1 -1 -10 773.000000 165.000000 782.000000 191.000000 1.707447 0.616145 0.691767 12.510343 1.599114 52.536401 -1.315061 0.020924
