Car -1 -1 -10 376.000000 190.000000 499.000000 268.000000 1.559249 1.592931 3.731145 -3.458343 1.593557 14.602245 -1.359269 0.999702
Car -1 -1 -10 577.000000 179.000000 614.000000 212.000000 1.494393 1.590818 3.847492 -0.631917 1.362999 36.610141 -1.608857 0.999645
Car -1 -1 -10 236.000000 187.000000 360.000000 254.000000 1.577484 1.609753 3.762588 -7.711457 1.635687 17.878767 -1.461675 0.997827
Car -1 -1 -10 205.000000 186.000000 291.000000 230.000000 1.476401 1.542631 3.653997 -12.861466 1.471651 25.393686 -2.032437 0.994015
Car -1 -1 -10 465.000000 185.000000 515.000000 219.000000 1.485520 1.582781 3.776206 -5.061841 1.384347 29.902879 -1.675040 0.978886
Car -1 -1 -10 365.000000 182.000000 414.000000 226.000000 1.510297 1.618363 3.843212 -7.917926 1.272408 27.152866 -1.813468 0.978744
Car -1 -1 -10 2.000000 210.000000 172.000000 371.000000 1.517146 1.618386 3.791101 -3.492139 1.715088 3.704878 -2.151761 0.970219
Car -1 -1 -10 0.000000 188.000000 118.000000 269.000000 1.529519 1.662469 3.821527 -12.372158 1.618529 15.111394 -1.617432 0.881323
Car -1 -1 -10 292.000000 181.000000 356.000000 214.000000 1.554539 1.652412 3.782287 -13.425682 1.177791 33.503603 1.722822 0.522136
Car -1 -1 -10 407.000000 187.000000 461.000000 218.000000 1.543514 1.573018 3.535516 -9.246778 1.411925 39.907340 1.407760 0.073156
