Pedestrian -1 -1 -10 569.000000 158.000000 594.000000 227.000000 1.697352 0.607889 0.761773 -0.530147 1.316588 19.148533 -1.558690 0.995754
Pedestrian -1 -1 -10 213.000000 169.000000 242.000000 244.000000 1.698552 0.602635 0.754297 -9.549397 1.645980 17.999048 -2.021287 0.992317
Pedestrian -1 -1 -10 242.000000 174.000000 270.000000 238.000000 1.718835 0.589419 0.662124 -9.634866 1.877213 19.232864 1.619317 0.926987
Pedestrian -1 -1 -10 201.000000 172.000000 230.000000 240.000000 1.739467 0.598713 0.768559 -9.527999 1.737317 18.033637 -2.023540 0.673209
Pedestrian -1 -1 -10 190.000000 176.000000 218.000000 240.000000 1.681980 0.612029 0.710836 -11.486443 1.876728 20.777139 1.555985 0.303249
Pedestrian -1 -1 -10 867.000000 152.000000 884.000000 199.000000 1.648290 0.591233 0.713617 10.350566 0.718980 27.189496 -1.168668 0.265679
Pedestrian -1 -1 -10 404.000000 165.000000 428.000000 219.000000 1.769333 0.583993 0.613011 -6.462814 1.190276 23.530349 -1.842572 0.050785
Pedestrian -1 -1 -10 333.000000 164.000000 364.000000 218.000000 1.619958 0.604815 0.653159 -6.983555 1.202453 19.365860 -1.894682 0.023618
Car -1 -1 -10 330.000000 178.000000 484.000000 279.000000 1.520281 1.589813 3.727071 -3.295286 1.463363 12.044961 -1.360642 0.999251
Car -1 -1 -10 1121.000000 140.000000 1220.000000 187.000000 1.534242 1.611915 3.681262 23.125565 0.303334 28.577071 -0.314012 0.078135
Car -1 -1 -10 1045.000000 151.000000 1145.000000 190.000000 1.561282 1.685246 3.838585 19.475236 0.397345 28.134539 0.070961 0.061690
Car -1 -1 -10 1069.000000 138.000000 1211.000000 208.000000 1.541970 1.642175 3.826865 21.017641 0.285550 27.979158 -0.362349 0.036356
Car -1 -1 -10 402.000000 179.000000 434.000000 213.000000 1.604167 1.645559 3.463732 -2.798750 1.507462 7.671658 1.347247 0.017873
Cyclist -1 -1 -10 281.000000 166.000000 357.000000 241.000000 1.723464 0.574467 1.763725 -6.950525 1.539290 17.192820 1.230990 0.995061
Cyclist -1 -1 -10 1081.000000 133.000000 1200.000000 214.000000 1.544389 1.570644 3.717904 5.242687 1.092726 7.851284 2.228442 0.994105
Cyclist -1 -1 -10 993.000000 142.000000 1069.000000 205.000000 1.635852 0.593375 0.638020 12.265897 0.270332 20.390207 -1.023651 0.918674
Cyclist -1 -1 -10 788.000000 155.000000 834.000000 197.000000 1.662036 0.588969 0.726875 8.995198 0.835844 30.374291 -1.239535 0.863557
Cyclist -1 -1 -10 867.000000 152.000000 885.000000 200.000000 1.666225 0.579674 0.715413 10.361866 0.659318 27.265161 -1.170324 0.563657
Cyclist -1 -1 -10 327.000000 164.000000 367.000000 220.000000 1.628855 0.598666 0.682264 -6.684502 1.249926 19.394543 -1.890026 0.557172
Cyclist -1 -1 -10 307.000000 168.000000 388.000000 224.000000 1.499998 1.540229 3.641187 -6.898212 1.224792 18.569467 1.762517 0.064179
Cyclist -1 -1 -10 1121.000000 140.000000 1220.000000 187.000000 1.521172 1.530099 3.602129 22.239726 0.399496 27.697615 2.807337 0.015703
Cyclist -1 -1 -10 404.000000 165.000000 428.000000 219.000000 1.752813 0.579793 0.644045 -6.542008 1.133361 23.561466 -1.847772 0.015569
