Pedestrian -1 -1 -10 680.000000 170.000000 695.000000 216.000000 1.709351 0.595924 0.745157 3.289574 1.868994 29.703027 -1.419983 0.953665
Car -1 -1 -10 461.000000 182.000000 511.000000 215.000000 1.433587 1.576844 3.912065 -5.354575 1.864941 32.101032 1.026961 0.998739
Car -1 -1 -10 338.000000 183.000000 415.000000 211.000000 1.529145 1.640500 4.203255 -12.398492 2.075214 39.327321 0.640899 0.989860
Car -1 -1 -10 882.000000 192.000000 1237.000000 374.000000 1.454594 1.594798 3.872587 3.229982 1.647052 3.693224 1.535388 0.978524
Car -1 -1 -10 -3.000000 197.000000 200.000000 375.000000 1.512442 1.632931 3.716457 -6.007981 1.800537 7.332533 1.547639 0.971250
Car -1 -1 -10 108.000000 182.000000 200.000000 235.000000 1.478059 1.574218 3.745570 -14.985175 1.912780 24.175078 1.469627 0.765071
Car -1 -1 -10 28.000000 185.000000 133.000000 236.000000 1.474192 1.576470 3.983471 -18.005760 1.624846 24.894976 0.488006 0.275417
Car -1 -1 -10 0.000000 192.000000 132.000000 305.000000 1.470068 1.598180 3.716181 -5.962585 1.615790 7.106443 -2.175474 0.153611
Car -1 -1 -10 -1.000000 189.000000 67.000000 243.000000 1.477390 1.551361 3.597938 -19.215354 1.831439 25.018890 -2.209358 0.142377
Car -1 -1 -10 678.000000 173.000000 696.000000 208.000000 1.516574 1.622052 3.674733 3.248579 1.580953 30.729550 -1.419655 0.017976
Cyclist -1 -1 -10 679.000000 173.000000 697.000000 211.000000 1.660038 0.580631 0.723895 3.256766 1.742706 29.720716 -1.428189 0.011373
