Pedestrian -1 -1 -10 769.000000 157.000000 808.000000 276.000000 1.624763 0.607466 0.683114 3.091510 1.359006 11.346365 -1.285282 0.823528
Pedestrian -1 -1 -10 497.000000 163.000000 512.000000 222.000000 1.633941 0.598778 0.636529 -3.555224 0.737756 28.303793 -1.691900 0.306146
Pedestrian -1 -1 -10 483.000000 168.000000 514.000000 215.000000 1.481140 1.560966 3.795449 -4.831059 0.924102 35.709338 0.960754 0.209464
Pedestrian -1 -1 -10 608.000000 166.000000 617.000000 196.000000 1.652167 0.608815 0.611994 0.805247 1.131945 43.256294 -1.500814 0.131624
Pedestrian -1 -1 -10 520.000000 168.000000 556.000000 220.000000 1.371379 1.542324 3.706084 -3.393862 0.973108 38.356874 1.982773 0.080215
Pedestrian -1 -1 -10 593.000000 165.000000 604.000000 195.000000 1.775413 0.585330 0.719561 -0.229720 1.093088 42.876829 0.561300 0.075233
Pedestrian -1 -1 -10 581.000000 165.000000 589.000000 191.000000 1.682066 0.627725 0.768735 -0.993506 0.945516 53.038051 0.506793 0.038145
Pedestrian -1 -1 -10 476.000000 171.000000 501.000000 219.000000 1.568235 0.602066 0.603503 -5.005258 1.360376 34.765302 0.926180 0.011297
Pedestrian -1 -1 -10 436.000000 168.000000 456.000000 222.000000 1.632160 0.611342 0.588142 -4.964794 1.277087 23.727821 -1.764134 0.010603
Car -1 -1 -10 441.000000 176.000000 574.000000 280.000000 1.503963 1.573729 3.763821 -1.481924 1.520607 12.091258 1.601320 0.998507
Car -1 -1 -10 515.000000 172.000000 565.000000 228.000000 1.519485 1.564960 3.876144 -3.460745 1.256926 37.761851 2.037601 0.023912
Car -1 -1 -10 474.000000 171.000000 522.000000 222.000000 1.509456 1.584934 3.852466 -5.392852 1.020432 37.725252 0.981346 0.018076
Cyclist -1 -1 -10 519.000000 169.000000 562.000000 230.000000 1.675356 0.582668 0.620873 -2.923127 0.846442 32.754439 -1.659620 0.206467
Cyclist -1 -1 -10 770.000000 156.000000 810.000000 280.000000 1.614010 0.591680 0.699857 3.081462 1.322831 11.389616 -1.288014 0.206100
Cyclist -1 -1 -10 541.000000 169.000000 566.000000 218.000000 1.549350 1.345987 3.453784 -2.546848 2.842227 20.653714 1.447327 0.068607
Cyclist -1 -1 -10 476.000000 172.000000 513.000000 215.000000 1.411334 1.605630 3.879926 -4.996503 1.081906 34.597053 1.350614 0.068092
Cyclist -1 -1 -10 762.000000 166.000000 800.000000 243.000000 1.752813 0.579793 0.644046 4.237596 1.102185 17.006980 -1.341356 0.019358
Cyclist -1 -1 -10 494.000000 164.000000 513.000000 219.000000 1.708161 0.619052 0.649894 -3.676832 0.787782 28.265040 -1.707581 0.018046
