Car -1 -1 -10 639.000000 177.000000 682.000000 213.000000 1.494223 1.561269 3.826055 2.482299 1.597706 32.655866 -1.591472 0.998903
Car -1 -1 -10 266.000000 190.000000 461.000000 305.000000 1.498829 1.604655 3.787675 -3.841331 1.951324 11.663538 1.647222 0.997375
Car -1 -1 -10 404.000000 188.000000 504.000000 246.000000 1.472246 1.562006 3.672177 -4.137484 2.055406 19.603538 1.784100 0.995726
Car -1 -1 -10 47.000000 204.000000 290.000000 317.000000 1.464707 1.611892 3.775677 -6.733530 2.069314 11.112613 1.602950 0.979414
Car -1 -1 -10 762.000000 160.000000 899.000000 208.000000 1.423368 1.628410 4.253301 8.294579 0.842412 27.670297 2.958495 0.973314
Car -1 -1 -10 733.000000 165.000000 827.000000 202.000000 1.412514 1.526277 3.578353 7.085242 1.250399 32.754580 1.279779 0.229776
Car -1 -1 -10 773.000000 161.000000 811.000000 208.000000 1.505767 1.591681 3.780942 7.769728 0.844281 29.529120 1.781530 0.081448
Car -1 -1 -10 394.000000 189.000000 461.000000 234.000000 1.375207 1.644525 3.685625 -6.300860 1.803667 26.206298 1.282132 0.071772
Car -1 -1 -10 937.000000 149.000000 1008.000000 178.000000 1.528225 1.636819 4.149107 20.949676 0.334468 40.757682 1.545841 0.027744
Cyclist -1 -1 -10 776.000000 160.000000 808.000000 210.000000 1.686936 0.586214 0.634873 5.953942 1.821828 25.583414 -1.335019 0.024092
