Pedestrian -1 -1 -10 522.000000 171.000000 537.000000 212.000000 1.665437 0.602062 0.714997 -3.470647 1.897911 31.380382 -1.642314 0.355531
Pedestrian -1 -1 -10 704.000000 159.000000 719.000000 211.000000 1.657994 0.611393 0.740710 4.169559 1.475927 29.826699 -1.393037 0.221149
Pedestrian -1 -1 -10 479.000000 170.000000 508.000000 245.000000 1.679061 0.600472 0.739564 -2.697094 1.933139 17.478672 -1.681082 0.015986
Car -1 -1 -10 5.000000 188.000000 301.000000 374.000000 1.543336 1.637016 3.717651 -5.076471 1.830940 7.886057 1.525096 0.999531
Car -1 -1 -10 820.000000 173.000000 1243.000000 372.000000 1.437131 1.618967 4.045296 2.753730 1.568228 3.821434 1.540482 0.962849
Car -1 -1 -10 407.000000 183.000000 491.000000 234.000000 1.363275 1.536714 3.884317 -4.907597 2.111012 23.033918 -2.349306 0.828847
Car -1 -1 -10 504.000000 177.000000 542.000000 205.000000 1.533086 1.627444 3.708728 -5.176140 2.272763 41.551045 1.459685 0.436324
Car -1 -1 -10 519.000000 173.000000 538.000000 209.000000 1.516954 1.596441 3.632546 -3.695785 1.743793 32.324643 -1.645589 0.017753
Cyclist -1 -1 -10 443.000000 173.000000 484.000000 252.000000 1.699490 0.591058 0.757745 -3.424576 1.953222 17.050582 -1.724559 0.999010
Cyclist -1 -1 -10 477.000000 169.000000 510.000000 247.000000 1.681120 0.592660 0.742767 -2.694169 1.884270 17.515832 -1.690994 0.998782
Cyclist -1 -1 -10 521.000000 172.000000 538.000000 211.000000 1.661952 0.588767 0.728244 -3.462563 1.858025 31.394450 -1.648060 0.947679
Cyclist -1 -1 -10 409.000000 182.000000 489.000000 234.000000 1.456985 1.531565 3.559041 -3.580461 1.918867 18.916492 -1.808112 0.869852
Cyclist -1 -1 -10 458.000000 173.000000 501.000000 247.000000 1.724551 0.541713 1.737912 -3.151207 1.780262 17.592659 -1.734306 0.265569
Cyclist -1 -1 -10 505.000000 177.000000 542.000000 206.000000 1.612397 0.595903 0.623919 -3.433244 1.767929 31.493715 -1.678603 0.144658
Cyclist -1 -1 -10 448.000000 177.000000 480.000000 221.000000 1.728847 0.593101 1.745627 -5.143811 2.009704 23.400432 1.827223 0.043792
Cyclist -1 -1 -10 773.000000 161.000000 880.000000 367.000000 1.582690 0.591837 0.607624 2.057914 2.149025 5.087235 -1.272168 0.018749
