Car -1 -1 -10 723.000000 177.000000 1033.000000 372.000000 1.474566 1.612215 3.948388 2.912978 1.661261 7.300500 1.428785 0.998708
Car -1 -1 -10 6.000000 205.000000 405.000000 374.000000 1.501383 1.592502 3.717895 -2.713086 1.756915 4.482586 1.610601 0.990818
Car -1 -1 -10 231.000000 188.000000 413.000000 263.000000 1.471572 1.614605 3.858706 -6.293610 1.856457 16.441816 -3.116486 0.945452
Car -1 -1 -10 380.000000 185.000000 507.000000 227.000000 1.466575 1.572092 3.969120 -5.850820 1.943794 28.441127 0.760447 0.928585
Car -1 -1 -10 641.000000 184.000000 673.000000 210.000000 1.531729 1.614494 3.822931 2.851860 2.184567 41.185594 -1.510543 0.828152
Car -1 -1 -10 39.000000 195.000000 324.000000 313.000000 1.531323 1.519901 3.661278 -3.030625 1.344048 5.477995 0.978952 0.473858
Car -1 -1 -10 322.000000 188.000000 484.000000 236.000000 1.432390 1.597626 3.840143 -5.680893 1.899365 22.724647 0.793535 0.352472
Car -1 -1 -10 440.000000 181.000000 535.000000 214.000000 1.472408 1.619747 4.036353 -5.883202 1.740102 37.880544 0.305330 0.250058
Car -1 -1 -10 164.000000 195.000000 367.000000 292.000000 1.500686 1.543644 3.564379 -5.074887 1.626271 11.571465 0.575379 0.016778
Car -1 -1 -10 -1.000000 213.000000 192.000000 313.000000 1.523945 1.599845 3.695234 -2.902776 1.523276 4.912820 -2.144396 0.014190
Car -1 -1 -10 305.000000 188.000000 389.000000 234.000000 1.507385 1.666987 3.563685 -9.896529 1.606266 25.362074 1.208068 0.010318
Cyclist -1 -1 -10 937.000000 181.000000 992.000000 235.000000 1.805148 0.585520 0.656988 1.177822 1.180529 3.254171 2.084223 0.021731
Cyclist -1 -1 -10 951.000000 181.000000 970.000000 236.000000 1.714507 0.581413 0.637577 11.848099 1.729018 24.449406 -1.131300 0.015129
