Car -1 -1 -10 694.000000 182.000000 840.000000 277.000000 1.468264 1.571985 3.895966 3.017383 1.607749 13.007439 -1.519933 0.999738
Car -1 -1 -10 242.000000 184.000000 464.000000 250.000000 1.514877 1.584522 4.018043 -5.877201 1.697232 17.899502 -3.060950 0.995675
Car -1 -1 -10 671.000000 178.000000 734.000000 223.000000 1.419726 1.537019 3.782216 3.357982 1.648018 24.183406 -1.564985 0.995528
Car -1 -1 -10 -12.000000 185.000000 328.000000 309.000000 1.514075 1.595308 3.949489 -6.220794 1.616110 10.128933 -3.267107 0.993231
Car -1 -1 -10 646.000000 168.000000 683.000000 199.000000 1.520955 1.620607 3.945317 3.258456 1.523066 43.281342 -1.521769 0.968208
Car -1 -1 -10 896.000000 207.000000 1244.000000 371.000000 1.439701 1.589556 3.810668 3.301287 1.694140 3.577497 1.539573 0.922380
Car -1 -1 -10 -2.000000 193.000000 200.000000 359.000000 1.487632 1.603583 3.783732 -5.628617 1.770135 6.726954 -2.197062 0.878567
Car -1 -1 -10 335.000000 169.000000 454.000000 225.000000 1.485151 1.594911 3.887830 -5.857546 1.177068 20.874590 1.687774 0.811178
Car -1 -1 -10 472.000000 173.000000 541.000000 204.000000 1.429461 1.562575 3.771823 -4.910270 1.400582 37.321886 0.896807 0.204061
Car -1 -1 -10 435.000000 176.000000 534.000000 213.000000 1.448969 1.561829 3.699668 -4.668002 1.921675 31.938929 1.956380 0.073999
