Car -1 -1 -10 579.000000 177.000000 621.000000 214.000000 1.534603 1.628197 3.888978 -0.255610 1.162891 32.591256 -1.576710 0.999757
Car -1 -1 -10 322.000000 180.000000 479.000000 281.000000 1.578746 1.623279 3.732982 -3.696273 1.529551 12.854010 -1.381615 0.999406
Car -1 -1 -10 482.000000 183.000000 543.000000 224.000000 1.512972 1.588241 3.742281 -3.425704 1.307559 25.142485 1.597980 0.998841
Car -1 -1 -10 78.000000 173.000000 286.000000 278.000000 1.641526 1.689526 3.867733 -8.052325 1.488659 13.533751 -1.517648 0.996341
Car -1 -1 -10 1.000000 185.000000 143.000000 263.000000 1.519743 1.626071 3.723008 -12.267245 1.596947 14.895467 1.507061 0.977908
Car -1 -1 -10 280.000000 183.000000 384.000000 240.000000 1.485481 1.614124 3.918073 -7.734409 1.458132 20.388823 -1.885336 0.894642
Car -1 -1 -10 442.000000 179.000000 491.000000 207.000000 1.551764 1.627485 3.875023 -7.853315 1.136036 39.193076 -1.694535 0.297496
Car -1 -1 -10 190.000000 179.000000 294.000000 235.000000 1.523310 1.627604 3.819502 -11.791380 1.355883 22.976177 -1.985934 0.084430
Car -1 -1 -10 251.000000 180.000000 342.000000 223.000000 1.515322 1.675664 3.670723 -11.738330 1.227779 28.183276 -1.949152 0.064405
Car -1 -1 -10 1.000000 185.000000 38.000000 309.000000 1.493296 1.614104 3.635327 -8.143107 2.031947 9.623645 -2.221999 0.040221
Car -1 -1 -10 336.000000 181.000000 406.000000 230.000000 1.528507 1.627962 3.720897 -12.485489 1.175687 38.849323 1.263016 0.026437
