Car -1 -1 -10 254.000000 192.000000 439.000000 294.000000 1.515127 1.535415 3.704875 -4.252394 1.670661 11.514103 1.692706 0.999454
Car -1 -1 -10 577.000000 179.000000 611.000000 210.000000 1.533570 1.625214 3.885987 -0.759930 1.387889 39.488555 -1.596941 0.999159
Car -1 -1 -10 430.000000 185.000000 499.000000 234.000000 1.543302 1.606762 3.782408 -4.648214 1.546296 23.432665 -1.642212 0.996953
Car -1 -1 -10 -9.000000 179.000000 255.000000 292.000000 1.584609 1.620568 3.846649 -8.681461 1.656685 12.971857 -1.556955 0.982221
Car -1 -1 -10 265.000000 192.000000 350.000000 238.000000 1.510498 1.620190 3.803728 -8.898410 1.454643 21.345885 1.152423 0.847791
Car -1 -1 -10 472.000000 184.000000 522.000000 217.000000 1.490235 1.624921 3.680820 -5.174586 1.534893 32.699163 -1.610886 0.800829
Car -1 -1 -10 171.000000 197.000000 362.000000 320.000000 1.433509 1.567364 3.772472 -4.485597 1.745640 9.652041 -1.969016 0.790105
Car -1 -1 -10 501.000000 184.000000 540.000000 209.000000 1.519411 1.637104 3.836304 -5.324306 1.345973 42.488475 -1.651112 0.381878
Car -1 -1 -10 361.000000 181.000000 402.000000 207.000000 1.502552 1.633877 3.764846 -12.629191 1.176942 41.293679 -1.825966 0.086698
Car -1 -1 -10 371.000000 186.000000 427.000000 221.000000 1.541674 1.622406 3.807843 -8.962484 1.442678 31.536435 -1.815859 0.034160
