Pedestrian -1 -1 -10 452.000000 186.000000 461.000000 217.000000 1.730776 0.584887 0.606026 -7.743998 2.397567 37.878701 -1.791157 0.056205
Pedestrian -1 -1 -10 445.000000 184.000000 464.000000 210.000000 1.682610 0.577251 0.649973 -8.039808 1.974030 35.805543 1.847025 0.013364
Car -1 -1 -10 107.000000 180.000000 428.000000 373.000000 1.589801 1.650538 3.792637 -3.414150 1.641681 7.398849 -1.497662 0.999489
Car -1 -1 -10 559.000000 177.000000 604.000000 218.000000 1.524516 1.635322 3.901359 -1.137556 1.159956 31.092741 -1.605960 0.999361
Car -1 -1 -10 360.000000 187.000000 469.000000 263.000000 1.547021 1.593067 3.740611 -4.142354 1.623392 15.403771 -1.377667 0.997189
Car -1 -1 -10 94.000000 184.000000 217.000000 240.000000 1.490023 1.609542 3.918723 -13.567111 1.358570 21.227067 0.568461 0.985368
Car -1 -1 -10 1.000000 197.000000 92.000000 324.000000 1.493402 1.615137 3.726928 -7.762099 1.951143 8.644452 1.505308 0.905882
Car -1 -1 -10 103.000000 174.000000 193.000000 218.000000 1.505417 1.619674 3.881567 -17.557604 0.697293 27.751927 1.488232 0.232766
Car -1 -1 -10 330.000000 180.000000 375.000000 212.000000 1.556426 1.627630 3.746318 -5.934834 1.799717 13.616028 -2.013288 0.041224
Car -1 -1 -10 119.000000 186.000000 299.000000 267.000000 1.439331 1.604585 3.798279 -11.338309 1.545350 20.497291 0.515264 0.011996
