Pedestrian -1 -1 -10 403.000000 174.000000 414.000000 211.000000 1.651097 0.691974 0.697715 -4.756389 2.243192 13.093123 1.296642 0.057228
Pedestrian -1 -1 -10 415.000000 176.000000 445.000000 242.000000 1.677134 0.605397 0.757037 -4.469554 1.985024 18.172947 -1.766352 0.028915
Pedestrian -1 -1 -10 421.000000 178.000000 446.000000 213.000000 1.687614 0.692335 0.731559 -3.596243 1.855727 10.773377 -1.873365 0.018205
Pedestrian -1 -1 -10 361.000000 183.000000 418.000000 241.000000 1.695314 0.637412 0.643960 -5.645740 2.150064 17.322443 -1.840931 0.012459
Pedestrian -1 -1 -10 317.000000 186.000000 415.000000 253.000000 1.742575 0.645629 0.678081 -5.635661 2.166383 16.773560 -1.830784 0.010717
Car -1 -1 -10 661.000000 178.000000 780.000000 260.000000 1.470036 1.572245 3.894105 2.578331 1.533978 15.149927 -1.526647 0.999562
Car -1 -1 -10 319.000000 189.000000 407.000000 254.000000 1.504389 1.563062 3.699440 -5.947743 1.832978 17.592213 -1.799056 0.996685
Car -1 -1 -10 561.000000 177.000000 605.000000 213.000000 1.443251 1.576873 3.798400 -1.071646 1.727615 33.801125 -1.687597 0.992652
Car -1 -1 -10 796.000000 182.000000 1241.000000 373.000000 1.434272 1.625914 4.029050 3.092042 1.502317 5.591158 1.568156 0.982664
Car -1 -1 -10 351.000000 187.000000 420.000000 241.000000 1.461554 1.510082 3.552051 -6.299404 1.963714 19.709959 -1.829241 0.714671
Car -1 -1 -10 1083.000000 231.000000 1245.000000 377.000000 1.507274 1.636827 3.383142 3.250644 1.469859 5.369858 2.336760 0.303970
Car -1 -1 -10 538.000000 178.000000 570.000000 205.000000 1.493887 1.632809 3.792815 -3.303701 1.778447 43.929845 -1.646593 0.148516
Car -1 -1 -10 617.000000 182.000000 705.000000 230.000000 1.459362 1.557933 3.855518 1.410003 1.576883 22.227195 -1.631508 0.021093
Car -1 -1 -10 618.000000 176.000000 664.000000 205.000000 1.454884 1.669017 3.603102 2.109478 1.410392 33.703113 1.594156 0.017330
Cyclist -1 -1 -10 412.000000 174.000000 447.000000 248.000000 1.672096 0.610150 0.765542 -4.442883 1.939103 18.142625 -1.783175 0.997948
Cyclist -1 -1 -10 446.000000 174.000000 480.000000 239.000000 1.690037 0.588382 0.757794 -4.098959 1.958014 20.262938 -1.726326 0.997118
Cyclist -1 -1 -10 1104.000000 204.000000 1239.000000 348.000000 1.841567 0.593244 0.697343 2.581538 1.524157 4.368180 2.288998 0.065702
Cyclist -1 -1 -10 420.000000 179.000000 449.000000 213.000000 1.507184 1.507826 3.694578 -6.052528 2.934284 19.590551 1.329946 0.048598
Cyclist -1 -1 -10 317.000000 186.000000 415.000000 253.000000 1.494517 1.596746 3.771550 -5.634071 1.943735 16.949420 -1.810200 0.034807
