Car -1 -1 -10 686.000000 186.000000 793.000000 258.000000 1.431932 1.569462 3.816333 3.107472 1.852247 16.355047 -1.523737 0.999522
Car -1 -1 -10 109.000000 191.000000 385.000000 282.000000 1.536016 1.579534 3.956876 -6.310357 1.772175 13.167773 -3.164550 0.998697
Car -1 -1 -10 649.000000 180.000000 709.000000 226.000000 1.453242 1.590252 3.916281 2.534272 1.778172 25.727454 -1.619639 0.997175
Car -1 -1 -10 259.000000 188.000000 444.000000 245.000000 1.507652 1.580151 3.844598 -6.183892 1.765773 19.324216 1.675240 0.966373
Car -1 -1 -10 379.000000 182.000000 510.000000 223.000000 1.497092 1.633955 3.933153 -6.051155 1.816570 30.773525 1.350930 0.949133
Car -1 -1 -10 1.000000 196.000000 177.000000 360.000000 1.502489 1.614800 3.806538 -6.219819 1.761984 7.657758 -2.184662 0.797423
Car -1 -1 -10 334.000000 185.000000 468.000000 232.000000 1.584421 1.600935 4.015039 -6.395595 1.685530 22.690122 1.749902 0.654556
Car -1 -1 -10 428.000000 176.000000 506.000000 210.000000 1.538100 1.588624 3.933728 -6.573756 1.434335 34.217071 1.828387 0.044652
Car -1 -1 -10 640.000000 180.000000 680.000000 209.000000 1.402885 1.571631 3.701821 2.777754 1.845591 36.852045 -1.538592 0.031005
Car -1 -1 -10 24.000000 198.000000 283.000000 286.000000 1.468328 1.592200 3.768397 -7.097914 1.832029 13.066298 -2.122007 0.025500
