Pedestrian -1 -1 -10 405.000000 169.000000 418.000000 207.000000 1.620395 0.613329 0.680069 -10.813374 1.795408 40.105763 -1.810288 0.175965
Pedestrian -1 -1 -10 397.000000 174.000000 406.000000 207.000000 1.635326 0.604238 0.664986 -11.557297 1.917400 40.063257 -1.831634 0.104244
Pedestrian -1 -1 -10 386.000000 176.000000 409.000000 210.000000 1.652062 0.608344 0.630373 -11.519490 2.131385 40.281264 -1.839150 0.015211
Car -1 -1 -10 751.000000 173.000000 1022.000000 342.000000 1.499980 1.590109 4.015921 3.067612 1.459445 7.999628 -1.751636 0.999122
Car -1 -1 -10 584.000000 173.000000 641.000000 218.000000 1.461572 1.570569 3.864003 0.172845 1.566562 26.867462 -1.682444 0.998370
Car -1 -1 -10 405.000000 181.000000 447.000000 216.000000 1.519972 1.618979 3.842657 -7.998035 1.867458 31.708761 -1.800232 0.989043
Car -1 -1 -10 143.000000 197.000000 362.000000 310.000000 1.468836 1.547803 3.775208 -4.800372 1.748197 10.622742 -1.458155 0.925251
Car -1 -1 -10 558.000000 175.000000 596.000000 205.000000 1.446092 1.622332 3.823871 -1.485986 1.514495 37.052172 -1.629205 0.889731
Car -1 -1 -10 269.000000 181.000000 399.000000 265.000000 1.447019 1.605232 3.845228 -5.795450 1.816240 15.979109 1.711172 0.441821
Car -1 -1 -10 418.000000 174.000000 454.000000 209.000000 1.510055 1.573590 3.683876 -7.865995 1.775056 32.009405 -1.793863 0.161752
Car -1 -1 -10 659.000000 180.000000 784.000000 253.000000 1.490599 1.576894 3.890785 2.245342 1.475431 15.123951 -1.506342 0.035180
Car -1 -1 -10 250.000000 187.000000 354.000000 325.000000 1.503558 1.531331 3.642241 -4.166284 1.808230 10.000200 -1.971514 0.010573
Cyclist -1 -1 -10 353.000000 175.000000 431.000000 296.000000 1.710869 0.556351 0.728461 -3.264026 1.928627 10.725953 -1.802844 0.999823
Cyclist -1 -1 -10 261.000000 176.000000 349.000000 329.000000 1.650843 0.613507 0.687682 -3.503188 1.967037 8.791270 -1.933042 0.998520
Cyclist -1 -1 -10 273.000000 183.000000 381.000000 276.000000 1.681545 0.682383 0.572506 -4.400196 2.301573 12.934396 1.699976 0.758190
Cyclist -1 -1 -10 159.000000 191.000000 343.000000 302.000000 1.499260 1.590328 3.772787 -4.185039 1.773799 9.436574 0.511812 0.154677
Cyclist -1 -1 -10 402.000000 181.000000 448.000000 218.000000 1.702930 0.510530 1.686342 -7.589159 2.140808 30.452401 -1.801155 0.093676
Cyclist -1 -1 -10 397.000000 174.000000 416.000000 214.000000 1.702892 0.584702 0.638910 -11.205407 2.308585 40.309803 -1.858327 0.034086
Cyclist -1 -1 -10 386.000000 176.000000 409.000000 210.000000 1.658264 0.602799 0.633440 -11.561092 2.219325 40.179857 -1.849490 0.023192
Cyclist -1 -1 -10 373.000000 177.000000 415.000000 219.000000 1.691086 0.579741 0.625287 -8.266049 2.137754 30.392255 -1.872719 0.014347
Cyclist -1 -1 -10 396.000000 174.000000 407.000000 208.000000 1.634556 0.586523 0.616183 -11.488412 1.899439 40.241477 -1.851949 0.013338
