Pedestrian -1 -1 -10 457.000000 176.000000 471.000000 206.000000 1.753882 0.578101 0.737985 -9.316878 1.833647 46.929633 0.350620 0.288552
Pedestrian -1 -1 -10 521.000000 174.000000 530.000000 203.000000 1.598753 0.599269 0.599082 -4.238385 1.886481 41.184890 -1.669109 0.189158
Pedestrian -1 -1 -10 578.000000 171.000000 595.000000 199.000000 1.755823 0.600849 0.734669 -1.380211 1.494232 49.049635 0.525157 0.044242
Pedestrian -1 -1 -10 508.000000 173.000000 516.000000 199.000000 1.703926 0.613667 0.749051 -6.430337 1.556763 48.974045 -1.682061 0.012234
Pedestrian -1 -1 -10 518.000000 176.000000 539.000000 202.000000 1.617783 0.609654 0.598906 -3.911483 1.873751 41.086659 -1.684550 0.010290
Car -1 -1 -10 524.000000 178.000000 559.000000 204.000000 1.470507 1.556772 3.764690 -3.858583 1.463093 42.700480 -1.655551 0.998227
Car -1 -1 -10 889.000000 150.000000 1007.000000 189.000000 1.451813 1.575375 3.617427 15.094232 0.271828 30.319570 -1.158365 0.982120
Cyclist -1 -1 -10 396.000000 181.000000 419.000000 216.000000 1.695536 0.567493 0.717442 -10.687341 1.895465 37.193237 -1.794648 0.971430
Cyclist -1 -1 -10 624.000000 172.000000 656.000000 197.000000 1.691142 0.624938 1.678824 2.372618 1.249955 47.998489 -1.523269 0.951692
Cyclist -1 -1 -10 574.000000 174.000000 601.000000 199.000000 1.744200 0.629177 0.807695 -1.437999 1.443694 49.033101 0.515359 0.755957
