Pedestrian -1 -1 -10 432.000000 177.000000 440.000000 212.000000 1.690529 0.592954 0.603387 -7.064032 1.542391 29.617595 -1.814652 0.033905
Pedestrian -1 -1 -10 415.000000 180.000000 426.000000 215.000000 1.679142 0.595920 0.605962 -7.281321 1.513372 28.200223 -1.832611 0.031255
Pedestrian -1 -1 -10 428.000000 178.000000 436.000000 211.000000 1.677339 0.594035 0.599005 -7.192551 1.551033 29.243664 -1.815371 0.011573
Pedestrian -1 -1 -10 411.000000 179.000000 428.000000 232.000000 1.627810 0.591685 0.504845 -6.396779 1.772609 24.539627 0.765130 0.010797
Car -1 -1 -10 758.000000 176.000000 1085.000000 367.000000 1.503251 1.603211 3.979416 3.000984 1.532337 7.080113 -1.691014 0.999633
Car -1 -1 -10 306.000000 195.000000 447.000000 284.000000 1.540188 1.585407 3.722658 -4.509103 2.122035 14.083345 1.678747 0.999431
Car -1 -1 -10 710.000000 176.000000 847.000000 270.000000 1.451756 1.578636 3.903920 3.324811 1.614864 13.445142 -1.494980 0.998144
Car -1 -1 -10 678.000000 177.000000 749.000000 232.000000 1.436447 1.540006 3.778674 3.394199 1.712770 22.074288 -1.509118 0.992436
Car -1 -1 -10 396.000000 181.000000 489.000000 254.000000 1.496564 1.553733 3.715228 -4.305864 1.988081 19.354202 1.501445 0.986913
Car -1 -1 -10 455.000000 182.000000 521.000000 234.000000 1.516796 1.549980 3.782577 -4.166462 1.938293 24.972782 1.592969 0.980195
Car -1 -1 -10 1.000000 206.000000 93.000000 332.000000 1.478227 1.602863 3.792665 -8.622085 2.262059 9.760083 -2.232062 0.261075
Car -1 -1 -10 887.000000 169.000000 1050.000000 278.000000 1.486667 1.605930 3.860231 6.848236 1.003747 12.634502 1.487575 0.038574
