Pedestrian -1 -1 -10 576.000000 170.000000 598.000000 221.000000 1.630830 0.600553 0.682092 -0.524806 1.770398 19.707143 -1.560889 0.023023
Car -1 -1 -10 454.000000 172.000000 544.000000 243.000000 1.585165 1.622598 3.695842 -2.916456 1.747891 19.468452 1.783840 0.999483
Car -1 -1 -10 640.000000 176.000000 671.000000 202.000000 1.531168 1.618109 3.923950 2.721366 1.887488 44.333306 1.604754 0.999483
Car -1 -1 -10 764.000000 181.000000 997.000000 372.000000 1.486713 1.586209 3.867937 2.816797 1.708050 7.511457 -1.307396 0.998956
Car -1 -1 -10 520.000000 179.000000 567.000000 221.000000 1.536281 1.610983 3.624252 -2.642780 1.903288 26.799543 -1.549778 0.996639
Car -1 -1 -10 703.000000 185.000000 847.000000 292.000000 1.429078 1.579067 3.909741 2.992200 1.743428 11.470489 -1.460223 0.996357
Car -1 -1 -10 103.000000 172.000000 364.000000 260.000000 1.549586 1.625667 4.137332 -6.914614 1.448430 13.834438 -3.167965 0.996163
Car -1 -1 -10 760.000000 186.000000 948.000000 271.000000 1.439530 1.643387 3.640422 5.067398 1.216481 13.292889 -1.241014 0.030972
Car -1 -1 -10 768.000000 187.000000 869.000000 239.000000 1.468488 1.611393 3.808391 6.420753 1.377412 22.651020 -1.253129 0.012136
Car -1 -1 -10 576.000000 168.000000 598.000000 210.000000 1.556075 1.634113 3.682501 -1.376696 1.791989 13.083956 -1.670654 0.010686
Cyclist -1 -1 -10 573.000000 171.000000 602.000000 235.000000 1.689234 0.589060 0.740707 -0.491415 1.870526 19.742613 -1.550730 0.999651
Cyclist -1 -1 -10 576.000000 168.000000 598.000000 210.000000 1.652402 0.699631 0.747357 -1.413345 2.053375 12.462784 -1.654664 0.035866
