Pedestrian -1 -1 -10 424.000000 178.000000 442.000000 228.000000 1.648445 0.601161 0.626673 -6.136485 1.605554 25.473481 -1.806237 0.957451
Pedestrian -1 -1 -10 405.000000 182.000000 421.000000 222.000000 1.693315 0.620831 0.550087 -7.714666 1.879772 28.051342 -1.826021 0.771817
Pedestrian -1 -1 -10 413.000000 182.000000 423.000000 226.000000 1.673403 0.598204 0.608352 -6.726661 1.783851 25.283228 -1.831578 0.067508
Pedestrian -1 -1 -10 410.000000 180.000000 436.000000 230.000000 1.734086 0.581267 0.592908 -4.549468 1.892213 17.929414 -1.832950 0.056057
Pedestrian -1 -1 -10 398.000000 195.000000 474.000000 253.000000 1.667508 0.535485 1.658017 -4.310112 2.225748 18.337210 -1.714634 0.018094
Pedestrian -1 -1 -10 725.000000 184.000000 753.000000 217.000000 1.641990 0.597524 0.588255 5.619047 2.024481 33.675312 -1.383637 0.016451
Car -1 -1 -10 699.000000 183.000000 837.000000 281.000000 1.493435 1.569967 3.888478 3.019964 1.716623 13.137635 -1.466834 0.999741
Car -1 -1 -10 394.000000 196.000000 479.000000 253.000000 1.555792 1.588295 3.712366 -4.609076 2.051100 19.189520 -1.315097 0.998950
Car -1 -1 -10 656.000000 183.000000 714.000000 232.000000 1.459645 1.567368 3.719438 2.577691 1.765465 23.329063 -1.532351 0.995674
Car -1 -1 -10 447.000000 181.000000 506.000000 230.000000 1.538501 1.615045 3.817932 -4.945544 2.008183 27.898295 -1.644601 0.990136
Car -1 -1 -10 633.000000 180.000000 666.000000 210.000000 1.488595 1.586972 3.789672 2.070823 1.816980 38.674146 -1.547097 0.984155
Car -1 -1 -10 493.000000 185.000000 532.000000 213.000000 1.562453 1.584637 3.799791 -5.647904 2.323515 41.829511 -1.676341 0.729679
Car -1 -1 -10 0.000000 220.000000 120.000000 372.000000 1.511475 1.610803 3.725999 -4.718275 1.873918 5.030380 -2.182370 0.496457
Car -1 -1 -10 469.000000 184.000000 517.000000 222.000000 1.541516 1.590660 3.627626 -4.744608 2.057136 27.628494 -1.598682 0.024915
Cyclist -1 -1 -10 725.000000 184.000000 750.000000 217.000000 1.637740 0.576536 0.601766 5.614240 1.976143 33.726235 -1.388382 0.082141
Cyclist -1 -1 -10 406.000000 182.000000 432.000000 223.000000 1.711223 0.455278 1.592219 -6.511792 1.768812 25.608110 -1.841152 0.024473
Cyclist -1 -1 -10 418.000000 180.000000 442.000000 226.000000 1.626677 0.596410 0.625431 -6.077179 1.695251 25.301287 -1.812114 0.017119
