Pedestrian -1 -1 -10 401.000000 167.000000 429.000000 245.000000 1.660056 0.613795 0.521288 -4.545525 1.463918 16.810035 0.753719 0.911006
Pedestrian -1 -1 -10 424.000000 168.000000 442.000000 244.000000 1.621984 0.587371 0.520910 -4.661132 1.327526 19.341313 -1.793589 0.107351
Pedestrian -1 -1 -10 410.000000 169.000000 450.000000 250.000000 1.638499 0.601089 0.589231 -5.022810 1.306689 19.093072 -1.776777 0.022429
Car -1 -1 -10 664.000000 179.000000 717.000000 221.000000 1.438317 1.556384 3.757361 3.152709 1.741586 26.698931 -1.540478 0.998727
Car -1 -1 -10 224.000000 183.000000 481.000000 356.000000 1.511270 1.609779 3.733190 -2.666046 1.587822 7.859144 -1.422491 0.998581
Car -1 -1 -10 404.000000 183.000000 537.000000 279.000000 1.554462 1.561130 3.688399 -2.515288 1.817493 12.801373 -1.391521 0.997751
Car -1 -1 -10 715.000000 183.000000 882.000000 300.000000 1.434040 1.535148 3.951984 3.206540 1.627453 9.810903 1.310529 0.994972
Car -1 -1 -10 553.000000 178.000000 586.000000 209.000000 1.519482 1.613930 3.866245 -2.144266 1.833070 40.589634 -1.627759 0.991814
Car -1 -1 -10 770.000000 170.000000 1197.000000 375.000000 1.446462 1.603887 3.896586 2.802560 1.365073 5.215779 -1.146457 0.978639
Car -1 -1 -10 648.000000 179.000000 690.000000 208.000000 1.473129 1.583379 3.948085 3.838866 1.786945 38.591134 -1.600251 0.902941
Car -1 -1 -10 643.000000 179.000000 670.000000 204.000000 1.456764 1.515894 3.674841 3.605613 1.894835 38.954881 -1.564658 0.255966
Car -1 -1 -10 755.000000 179.000000 971.000000 336.000000 1.447011 1.530387 3.858737 2.588877 1.484970 5.207486 1.368089 0.016068
Cyclist -1 -1 -10 389.000000 170.000000 434.000000 246.000000 1.660175 0.624053 0.556034 -4.610631 1.362243 16.816289 -1.811368 0.154173
Cyclist -1 -1 -10 356.000000 173.000000 471.000000 243.000000 1.502807 1.546737 3.683153 -5.155339 1.260513 18.212490 1.374750 0.025806
Cyclist -1 -1 -10 401.000000 183.000000 537.000000 280.000000 1.550312 1.520584 3.735902 -2.384510 1.851940 11.915323 1.773395 0.016095
