Pedestrian -1 -1 -10 375.000000 171.000000 415.000000 286.000000 1.713006 0.604830 0.770011 -3.083238 1.776525 10.988963 -1.806699 0.997290
Pedestrian -1 -1 -10 741.000000 178.000000 793.000000 315.000000 1.735038 0.584860 0.750354 2.134985 1.882477 9.190636 0.774956 0.995660
Pedestrian -1 -1 -10 867.000000 166.000000 911.000000 287.000000 1.686277 0.609478 0.744387 4.312631 1.688361 10.451153 -1.152571 0.987505
Pedestrian -1 -1 -10 642.000000 171.000000 672.000000 244.000000 1.694537 0.621190 0.749934 1.284024 1.667769 18.566112 -1.462399 0.984976
Pedestrian -1 -1 -10 914.000000 168.000000 955.000000 289.000000 1.651209 0.596295 0.706138 4.653321 1.715259 9.975476 -1.089937 0.956033
Pedestrian -1 -1 -10 715.000000 176.000000 752.000000 281.000000 1.676774 0.608394 0.694364 2.234768 1.904108 11.726672 2.261728 0.893442
Pedestrian -1 -1 -10 295.000000 171.000000 332.000000 268.000000 1.615374 0.600881 0.634481 -4.609037 1.509489 11.649624 -1.907521 0.863175
Pedestrian -1 -1 -10 781.000000 169.000000 814.000000 254.000000 1.694769 0.632754 0.683104 3.646718 1.677157 14.154229 -1.280001 0.826561
Pedestrian -1 -1 -10 687.000000 182.000000 722.000000 270.000000 1.675171 0.589880 0.619847 2.142935 1.895191 12.614939 0.709258 0.733010
Pedestrian -1 -1 -10 766.000000 171.000000 802.000000 265.000000 1.683692 0.607776 0.742220 3.627283 1.644959 13.838697 -1.286091 0.652134
Pedestrian -1 -1 -10 732.000000 178.000000 770.000000 280.000000 1.658375 0.607434 0.665395 2.222055 1.833188 11.382031 1.257833 0.304453
Car -1 -1 -10 552.000000 181.000000 598.000000 217.000000 1.479680 1.595063 3.750747 -1.266973 1.453750 32.023196 1.690859 0.998758
Cyclist -1 -1 -10 284.000000 173.000000 340.000000 273.000000 1.651280 0.622649 0.693736 -4.360255 1.642871 11.115053 -1.938579 0.615780
Cyclist -1 -1 -10 274.000000 210.000000 357.000000 287.000000 1.832716 0.601627 0.698228 -3.450795 2.005607 6.239752 1.261592 0.061628
Cyclist -1 -1 -10 866.000000 170.000000 911.000000 285.000000 1.679789 0.597775 0.753454 4.316842 1.653831 10.469226 -1.157474 0.015926
