Car -1 -1 -10 782.000000 203.000000 1097.000000 373.000000 1.457551 1.612889 3.907228 3.285999 1.777811 7.090576 1.469096 0.998706
Car -1 -1 -10 85.000000 178.000000 345.000000 288.000000 1.578498 1.664657 4.008012 -6.357405 1.716692 12.413811 -3.195728 0.990346
Car -1 -1 -10 723.000000 175.000000 869.000000 232.000000 1.610636 1.660465 3.888281 5.990985 1.783347 25.347045 -0.217511 0.973608
Car -1 -1 -10 395.000000 183.000000 499.000000 218.000000 1.519069 1.638313 3.964966 -6.527227 1.771204 31.425251 -1.792055 0.961944
Car -1 -1 -10 794.000000 188.000000 1043.000000 280.000000 1.498574 1.613623 3.778648 6.314854 1.686028 14.965460 2.010068 0.915254
Car -1 -1 -10 -10.000000 171.000000 233.000000 377.000000 1.462025 1.579473 3.697222 -5.498955 1.817918 6.702910 -2.752599 0.830585
Car -1 -1 -10 435.000000 180.000000 521.000000 214.000000 1.460239 1.613047 4.062254 -6.355688 1.857727 35.288534 -2.963830 0.810456
Car -1 -1 -10 319.000000 183.000000 453.000000 236.000000 1.472764 1.575744 3.855595 -6.489850 1.533549 21.819459 1.743839 0.684751
Car -1 -1 -10 788.000000 183.000000 956.000000 253.000000 1.464612 1.667094 3.847167 5.962199 1.667175 16.996279 1.421385 0.629850
Car -1 -1 -10 -1.000000 179.000000 82.000000 383.000000 1.461550 1.589724 3.702937 -5.224943 1.795738 6.081174 0.980066 0.050916
Cyclist -1 -1 -10 813.000000 192.000000 1066.000000 286.000000 1.829998 0.595324 0.673351 1.025851 1.165264 3.260900 2.076011 0.027762
