Pedestrian -1 -1 -10 748.000000 177.000000 756.000000 203.000000 1.702299 0.683618 0.753503 1.270838 1.920678 11.263618 -1.430611 0.028400
Pedestrian -1 -1 -10 749.000000 179.000000 760.000000 211.000000 1.702012 0.683237 0.755192 1.292162 1.933414 11.233380 -1.426785 0.011192
Car -1 -1 -10 538.000000 185.000000 580.000000 213.000000 1.538224 1.659978 3.932869 -3.257018 2.326776 40.258299 1.460063 0.999259
Car -1 -1 -10 301.000000 193.000000 445.000000 288.000000 1.487143 1.559929 3.717689 -4.430900 2.030470 13.254557 1.659419 0.998599
Car -1 -1 -10 108.000000 205.000000 353.000000 359.000000 1.468194 1.604749 3.664745 -4.951396 1.956033 8.177338 1.670542 0.995499
Car -1 -1 -10 737.000000 178.000000 841.000000 258.000000 1.520306 1.575735 3.955476 4.489229 1.781533 17.784873 -1.472209 0.984538
Car -1 -1 -10 717.000000 185.000000 772.000000 234.000000 1.424019 1.505220 3.648314 4.837621 2.095301 23.792628 -1.412266 0.964207
Car -1 -1 -10 3.000000 201.000000 185.000000 372.000000 1.526726 1.612751 3.752307 -4.572872 1.776160 5.094202 1.570872 0.927260
Car -1 -1 -10 704.000000 184.000000 753.000000 224.000000 1.480804 1.539112 3.460805 5.353264 2.189955 29.339832 -1.419012 0.806110
Car -1 -1 -10 698.000000 184.000000 735.000000 216.000000 1.427574 1.583040 3.546471 5.439828 2.132681 34.377357 -1.407213 0.375233
Car -1 -1 -10 561.000000 184.000000 590.000000 209.000000 1.399107 1.577409 3.635980 -2.177224 2.778005 44.711030 -1.571765 0.237048
