Pedestrian -1 -1 -10 229.000000 159.000000 285.000000 297.000000 1.702879 0.605735 0.731080 -4.552367 1.620958 9.668885 0.088259 0.997655
Pedestrian -1 -1 -10 418.000000 190.000000 465.000000 288.000000 1.623333 0.586728 0.624434 -2.282442 1.793840 9.814243 0.331285 0.533544
Pedestrian -1 -1 -10 440.000000 187.000000 466.000000 264.000000 1.825672 0.610669 0.679501 -1.661130 1.719032 4.947736 1.438496 0.267016
Pedestrian -1 -1 -10 370.000000 192.000000 426.000000 291.000000 1.622057 0.598000 0.639404 -2.539694 1.825566 9.434316 -1.804520 0.221376
Pedestrian -1 -1 -10 1137.000000 26.000000 1198.000000 237.000000 1.763812 0.667500 0.810717 2.563593 0.855867 3.551366 -0.935111 0.200065
Pedestrian -1 -1 -10 1190.000000 75.000000 1237.000000 187.000000 1.810185 0.682289 0.877016 2.729158 1.227283 3.673956 2.299487 0.127737
Pedestrian -1 -1 -10 410.000000 192.000000 445.000000 253.000000 1.615531 0.595266 0.596663 -5.379587 1.697405 21.759360 -1.788105 0.069305
Pedestrian -1 -1 -10 380.000000 193.000000 413.000000 252.000000 1.693222 0.585538 0.585200 -5.939603 1.879307 19.626207 1.791766 0.066549
Pedestrian -1 -1 -10 428.000000 193.000000 455.000000 250.000000 1.610344 0.570844 0.592495 -5.426773 1.761378 22.773541 -1.747681 0.051329
Pedestrian -1 -1 -10 405.000000 191.000000 434.000000 280.000000 1.605431 0.592971 0.561524 -2.170544 1.717627 9.575621 -1.790372 0.046739
Pedestrian -1 -1 -10 367.000000 194.000000 396.000000 252.000000 1.619952 0.577848 0.565099 -5.221638 1.918066 17.207633 -1.804032 0.018336
Car -1 -1 -10 800.000000 130.000000 1227.000000 372.000000 1.624880 1.646750 4.071171 3.468226 1.284419 6.371608 -1.591868 0.989995
Car -1 -1 -10 1015.000000 132.000000 1231.000000 322.000000 1.510441 1.594072 3.680031 3.917373 0.936147 5.915429 -0.911861 0.033359
Cyclist -1 -1 -10 368.000000 194.000000 428.000000 278.000000 1.832942 0.594004 0.692323 -2.130626 1.688817 5.002675 1.357021 0.059669
Cyclist -1 -1 -10 358.000000 194.000000 408.000000 248.000000 1.712971 0.545396 1.731078 -5.497286 1.818922 17.391558 -1.809241 0.043916
Cyclist -1 -1 -10 1130.000000 25.000000 1198.000000 211.000000 1.739657 0.686106 0.834487 2.665942 0.944032 3.839525 2.233245 0.012488
