Pedestrian -1 -1 -10 415.000000 172.000000 454.000000 206.000000 1.678696 0.610918 0.677035 -8.454411 0.911682 36.801038 -1.795088 0.013678
Car -1 -1 -10 573.000000 175.000000 612.000000 210.000000 1.517297 1.638573 3.932225 -0.776376 1.130902 35.157378 -1.606484 0.999518
Car -1 -1 -10 149.000000 184.000000 389.000000 312.000000 1.568349 1.613437 3.762430 -4.845287 1.696276 10.486978 -1.471820 0.999265
Car -1 -1 -10 393.000000 185.000000 480.000000 240.000000 1.545291 1.607519 3.715481 -4.645659 1.476677 19.649448 -1.352140 0.998852
Car -1 -1 -10 52.000000 176.000000 209.000000 247.000000 1.532293 1.615595 3.799388 -12.071977 1.398448 18.606986 -1.508049 0.995238
Car -1 -1 -10 335.000000 179.000000 404.000000 220.000000 1.558631 1.586765 3.789363 -9.218444 1.372085 27.439480 1.681654 0.773401
Car -1 -1 -10 434.000000 179.000000 492.000000 222.000000 1.499920 1.601812 3.757708 -5.593316 1.225098 27.523621 -1.667007 0.648968
Car -1 -1 -10 412.000000 172.000000 455.000000 205.000000 1.521895 1.628159 3.841895 -8.972495 0.603361 38.209680 -1.798869 0.394399
Car -1 -1 -10 0.000000 180.000000 100.000000 315.000000 1.504520 1.628350 3.787906 -8.465709 1.683893 9.418263 -2.896985 0.055077
Car -1 -1 -10 398.000000 177.000000 464.000000 215.000000 1.324471 1.568774 3.568371 -8.261997 0.993900 34.769470 1.885447 0.010416
