Pedestrian -1 -1 -10 743.000000 149.000000 808.000000 275.000000 1.699032 0.616627 0.794297 2.703694 1.519382 10.591723 -1.291716 0.997752
Pedestrian -1 -1 -10 438.000000 147.000000 509.000000 298.000000 1.757239 0.594164 0.755168 -1.594463 1.595853 8.818220 0.362472 0.953239
Pedestrian -1 -1 -10 94.000000 174.000000 126.000000 280.000000 1.511211 1.484725 3.683814 -11.795100 2.501935 14.855744 0.972529 0.949279
Pedestrian -1 -1 -10 74.000000 178.000000 106.000000 288.000000 1.702196 0.585962 0.591653 -2.518225 1.400514 3.658411 -2.206300 0.832096
Pedestrian -1 -1 -10 985.000000 149.000000 1002.000000 212.000000 1.769333 0.583993 0.613010 14.451311 1.707703 25.502943 -1.078620 0.785110
Pedestrian -1 -1 -10 38.000000 181.000000 185.000000 364.000000 1.613938 0.588243 0.657550 -2.601189 1.641637 3.529169 -2.145996 0.233382
Pedestrian -1 -1 -10 807.000000 154.000000 824.000000 184.000000 1.678307 0.660893 0.697166 13.444081 0.436599 44.242917 2.916458 0.188746
Pedestrian -1 -1 -10 73.000000 172.000000 146.000000 334.000000 1.634961 0.602702 0.600021 -2.535198 1.566287 3.583844 -2.174399 0.062931
Pedestrian -1 -1 -10 1.000000 178.000000 20.000000 250.000000 1.752422 0.675593 0.792295 -6.603873 1.897179 6.652280 -2.303017 0.036743
Pedestrian -1 -1 -10 1.000000 170.000000 22.000000 324.000000 1.719499 0.600087 0.636901 -1.747517 1.110894 1.854628 -2.290201 0.018607
Pedestrian -1 -1 -10 3.000000 190.000000 327.000000 365.000000 1.716937 0.601572 0.723267 -2.866506 1.821206 3.492989 1.554374 0.013751
Car -1 -1 -10 1.000000 193.000000 349.000000 367.000000 1.518282 1.606675 3.832329 -3.190066 1.541090 3.899757 1.646219 0.988787
Car -1 -1 -10 38.000000 181.000000 185.000000 364.000000 1.471360 1.613137 3.691468 -3.254376 1.452410 3.905607 -2.122876 0.048238
Cyclist -1 -1 -10 423.000000 145.000000 541.000000 281.000000 1.733072 0.588979 0.741683 -1.665963 1.513047 9.058289 -1.691473 0.997512
Cyclist -1 -1 -10 984.000000 150.000000 1002.000000 212.000000 1.752813 0.579793 0.644045 14.415695 1.650788 25.580262 -1.084364 0.390602
Cyclist -1 -1 -10 3.000000 190.000000 327.000000 365.000000 1.703322 0.588434 0.740023 -2.823092 1.767848 3.443338 1.570236 0.052994
Cyclist -1 -1 -10 38.000000 181.000000 185.000000 364.000000 1.656914 0.581007 0.676541 -2.724647 1.582987 3.540995 -2.143096 0.044314
Cyclist -1 -1 -10 85.000000 176.000000 132.000000 281.000000 1.680771 0.578288 0.624526 -9.128222 1.193137 13.239632 -2.193212 0.016518
Cyclist -1 -1 -10 2.000000 165.000000 21.000000 339.000000 1.761190 0.681683 0.883599 -7.027688 2.156944 6.925755 0.885086 0.011866
