Pedestrian -1 -1 -10 721.000000 176.000000 734.000000 207.000000 1.591823 0.642401 0.522665 6.323065 1.719719 35.789974 1.187756 0.020302
Car -1 -1 -10 695.000000 179.000000 828.000000 270.000000 1.460612 1.563979 3.878113 2.931033 1.585872 13.353456 1.400600 0.999507
Car -1 -1 -10 658.000000 171.000000 708.000000 214.000000 1.443501 1.583585 3.925524 2.930751 1.526161 29.113437 1.528807 0.997824
Car -1 -1 -10 37.000000 193.000000 374.000000 305.000000 1.423988 1.583770 3.935343 -5.844274 1.764945 10.547676 -3.277755 0.993770
Car -1 -1 -10 180.000000 182.000000 407.000000 263.000000 1.500325 1.577724 3.975590 -6.535465 1.775822 15.707588 0.534662 0.923018
Car -1 -1 -10 379.000000 181.000000 495.000000 223.000000 1.560170 1.665816 4.026087 -5.559478 1.914411 25.691782 -2.935159 0.905838
Car -1 -1 -10 456.000000 176.000000 534.000000 205.000000 1.452897 1.551721 3.714301 -6.001758 1.698679 39.470760 -2.324339 0.736360
Car -1 -1 -10 413.000000 178.000000 520.000000 213.000000 1.554095 1.663873 4.075349 -6.355388 1.686039 32.619243 -1.785000 0.457637
Car -1 -1 -10 292.000000 183.000000 466.000000 230.000000 1.554220 1.584663 3.780269 -6.159294 1.544739 22.558551 -0.831975 0.047855
Car -1 -1 -10 6.000000 200.000000 222.000000 299.000000 1.477925 1.556627 3.732747 -5.563255 1.645570 7.921245 0.956561 0.033235
Car -1 -1 -10 216.000000 180.000000 357.000000 225.000000 1.528362 1.646514 3.909672 -12.621711 1.169595 26.152358 1.148120 0.013181
Car -1 -1 -10 482.000000 175.000000 552.000000 200.000000 1.557342 1.589009 3.780644 -5.349726 1.576690 42.580878 -1.233459 0.010723
