Car -1 -1 -10 788.000000 183.000000 1073.000000 363.000000 1.445629 1.604923 3.924799 3.352774 1.678630 7.805751 1.525254 0.999248
Car -1 -1 -10 22.000000 183.000000 353.000000 282.000000 1.469756 1.633069 4.006708 -6.559505 1.613817 11.735075 -3.243152 0.999016
Car -1 -1 -10 678.000000 181.000000 736.000000 223.000000 1.444917 1.580438 3.899856 3.823827 1.773255 26.544083 -1.527930 0.998350
Car -1 -1 -10 333.000000 179.000000 476.000000 238.000000 1.560135 1.596201 3.960209 -5.484084 1.688311 20.712226 -2.998453 0.997571
Car -1 -1 -10 382.000000 176.000000 508.000000 226.000000 1.436337 1.594479 3.883541 -5.058030 1.707762 24.946881 1.769829 0.989653
Car -1 -1 -10 233.000000 181.000000 429.000000 249.000000 1.598020 1.639426 3.973818 -6.158063 1.674009 17.742770 -3.066474 0.984946
Car -1 -1 -10 722.000000 176.000000 900.000000 281.000000 1.475662 1.572284 3.986517 3.680932 1.635724 12.527763 1.410243 0.979345
Car -1 -1 -10 3.000000 224.000000 96.000000 379.000000 1.513674 1.598490 3.733897 -4.477456 1.998878 5.067415 -2.200833 0.545848
Car -1 -1 -10 446.000000 176.000000 542.000000 211.000000 1.462724 1.618841 3.716070 -4.781725 1.749776 32.855470 2.020899 0.496092
Car -1 -1 -10 702.000000 177.000000 789.000000 224.000000 1.532653 1.607905 3.974857 4.793587 1.571829 27.888444 2.315614 0.114204
