Pedestrian -1 -1 -10 671.000000 170.000000 681.000000 199.000000 1.644825 0.600139 0.698561 4.418173 1.844280 46.597240 -1.444889 0.028242
Car -1 -1 -10 587.000000 170.000000 637.000000 213.000000 1.557794 1.626494 3.901639 0.187702 1.561560 31.072562 1.584311 0.999593
Car -1 -1 -10 746.000000 179.000000 818.000000 247.000000 1.459509 1.594539 3.831485 4.579731 1.700571 18.456398 -1.400907 0.999276
Car -1 -1 -10 397.000000 180.000000 561.000000 296.000000 1.533018 1.588217 3.733678 -1.904230 1.647147 11.353833 -1.252174 0.998955
Car -1 -1 -10 9.000000 186.000000 409.000000 374.000000 1.516016 1.609236 3.729189 -2.666151 1.669694 4.511230 1.643716 0.994570
Car -1 -1 -10 619.000000 174.000000 652.000000 205.000000 1.480077 1.608891 3.650288 1.310064 1.702135 38.182846 -1.448904 0.980590
Car -1 -1 -10 735.000000 182.000000 783.000000 230.000000 1.425690 1.579248 3.733585 4.895644 2.033373 21.983288 -1.374027 0.977072
Car -1 -1 -10 861.000000 211.000000 1255.000000 376.000000 1.487325 1.602912 3.797051 2.842918 1.370609 3.416989 1.590372 0.967173
Car -1 -1 -10 438.000000 169.000000 547.000000 224.000000 1.543910 1.592023 4.046054 -3.899183 1.260530 26.028041 1.872928 0.842608
Cyclist -1 -1 -10 670.000000 169.000000 682.000000 198.000000 1.645588 0.591190 0.723752 4.522863 1.713853 46.471646 -1.444304 0.934887
Cyclist -1 -1 -10 448.000000 169.000000 541.000000 219.000000 1.505776 1.593899 3.978516 -3.945303 1.224818 25.464472 1.812341 0.019922
