Pedestrian -1 -1 -10 548.000000 163.000000 583.000000 259.000000 1.731654 0.608940 0.780167 -0.743637 1.681447 13.344158 -1.578934 0.999094
Pedestrian -1 -1 -10 867.000000 154.000000 951.000000 358.000000 1.695001 0.607077 0.754998 2.724743 1.654429 6.282108 -1.126238 0.998732
Pedestrian -1 -1 -10 771.000000 165.000000 843.000000 362.000000 1.676153 0.607318 0.741900 1.841444 1.695761 6.323544 -1.251980 0.998254
Pedestrian -1 -1 -10 997.000000 158.000000 1043.000000 269.000000 1.650326 0.605366 0.704360 6.119850 1.419732 10.385486 -1.013629 0.996767
Pedestrian -1 -1 -10 205.000000 163.000000 279.000000 339.000000 1.657648 0.622757 0.708899 -3.662049 1.749135 7.429669 -1.994074 0.994838
Pedestrian -1 -1 -10 720.000000 165.000000 746.000000 238.000000 1.687366 0.607471 0.737822 2.984425 1.462727 16.259438 -1.355152 0.977176
Pedestrian -1 -1 -10 1134.000000 147.000000 1188.000000 263.000000 1.677411 0.606892 0.665043 8.427602 1.376891 10.822223 1.196455 0.972407
Pedestrian -1 -1 -10 954.000000 153.000000 989.000000 249.000000 1.684318 0.587838 0.732150 6.450778 1.385671 12.688729 -1.046642 0.931701
Pedestrian -1 -1 -10 492.000000 172.000000 512.000000 227.000000 1.634139 0.629992 0.599929 -3.003762 1.688382 22.358441 0.910133 0.546475
Pedestrian -1 -1 -10 126.000000 172.000000 223.000000 329.000000 1.694596 0.627163 0.679338 -4.615166 1.785138 8.158931 0.457514 0.288788
Pedestrian -1 -1 -10 1017.000000 152.000000 1037.000000 205.000000 1.730289 0.590374 0.611401 14.333992 0.263308 23.363997 -1.045679 0.048314
Pedestrian -1 -1 -10 428.000000 170.000000 451.000000 223.000000 1.612328 0.620765 0.673632 -5.732053 1.514445 25.990991 -1.756791 0.044975
Car -1 -1 -10 461.000000 165.000000 539.000000 218.000000 1.510096 1.646365 4.091895 -3.451341 1.138729 26.276938 0.900165 0.039581
Car -1 -1 -10 485.000000 165.000000 522.000000 226.000000 1.492217 1.475735 3.749371 -2.911670 1.383422 24.225387 -1.749578 0.018722
Car -1 -1 -10 503.000000 166.000000 545.000000 208.000000 1.489919 1.593710 3.759887 -3.579001 1.046410 35.090100 1.914823 0.011470
Cyclist -1 -1 -10 124.000000 170.000000 222.000000 329.000000 1.682446 0.644807 0.666180 -4.497366 1.742787 8.121585 0.461174 0.918580
Cyclist -1 -1 -10 488.000000 167.000000 526.000000 227.000000 1.715052 0.558314 1.792848 -2.701380 1.551905 22.181694 -1.680844 0.322573
Cyclist -1 -1 -10 1131.000000 146.000000 1189.000000 265.000000 1.687411 0.600757 0.689759 8.400533 1.276734 10.765816 -0.860596 0.113855
Cyclist -1 -1 -10 197.000000 166.000000 281.000000 329.000000 1.626416 0.636003 0.703378 -3.664690 1.663692 7.482761 -2.020603 0.084615
Cyclist -1 -1 -10 505.000000 166.000000 539.000000 222.000000 1.697632 0.559703 1.718390 -2.656219 1.564811 22.256756 -1.654999 0.048907
Cyclist -1 -1 -10 546.000000 163.000000 582.000000 262.000000 1.730479 0.604946 0.788950 -0.739428 1.651555 13.352431 -1.590836 0.015356
