Pedestrian -1 -1 -10 98.000000 164.000000 127.000000 262.000000 1.574625 0.594998 0.561036 -12.119710 1.331654 17.938363 -2.131893 0.742979
Pedestrian -1 -1 -10 75.000000 169.000000 134.000000 276.000000 1.769333 0.583993 0.613010 -10.102065 1.825367 14.510464 -2.192358 0.011782
Car -1 -1 -10 662.000000 175.000000 736.000000 237.000000 1.515105 1.577870 3.935325 2.895919 1.664206 22.482581 -1.588012 0.997774
Car -1 -1 -10 343.000000 182.000000 473.000000 238.000000 1.496322 1.622177 3.921729 -5.514519 1.866199 21.037999 1.406202 0.989788
Car -1 -1 -10 875.000000 219.000000 1242.000000 374.000000 1.438263 1.607192 3.840088 3.139391 1.770525 3.507460 1.538960 0.956464
Car -1 -1 -10 206.000000 185.000000 428.000000 263.000000 1.424693 1.592807 3.938452 -6.159716 1.708904 16.097783 0.621580 0.910973
Car -1 -1 -10 377.000000 174.000000 504.000000 225.000000 1.567126 1.567667 3.972662 -6.209745 1.768788 27.925246 -2.926508 0.884616
Car -1 -1 -10 634.000000 180.000000 663.000000 205.000000 1.573138 1.614243 3.717774 2.506241 2.177243 45.033261 -1.492689 0.603341
Car -1 -1 -10 647.000000 181.000000 694.000000 220.000000 1.438504 1.583890 3.703121 2.903713 2.103201 32.197259 -1.483248 0.592055
Car -1 -1 -10 467.000000 178.000000 542.000000 204.000000 1.530257 1.644644 3.638692 -5.138279 2.377881 44.126976 -1.705614 0.129144
Car -1 -1 -10 428.000000 177.000000 524.000000 213.000000 1.482486 1.591483 3.729277 -5.484442 1.836909 36.021007 1.841091 0.092762
Car -1 -1 -10 1.000000 199.000000 167.000000 322.000000 1.474399 1.595757 3.714896 -6.560618 1.778284 8.988042 -2.166955 0.044898
Cyclist -1 -1 -10 199.000000 182.000000 408.000000 280.000000 1.473110 1.544350 3.829887 -4.954689 1.961372 11.962040 1.629064 0.010757
