Car -1 -1 -10 693.000000 184.000000 806.000000 264.000000 1.437623 1.560849 3.820140 2.998484 1.675600 14.772751 -1.492998 0.999646
Car -1 -1 -10 551.000000 176.000000 587.000000 203.000000 1.513339 1.622915 3.880560 -2.318363 1.759655 39.123016 -1.632053 0.998278
Car -1 -1 -10 -5.000000 176.000000 319.000000 326.000000 1.531227 1.602975 3.981102 -6.130259 1.571710 9.576764 0.368807 0.995736
Car -1 -1 -10 673.000000 179.000000 725.000000 223.000000 1.416782 1.562695 3.831387 3.237392 1.722968 23.968093 -1.547724 0.988113
Car -1 -1 -10 348.000000 174.000000 498.000000 230.000000 1.470551 1.585741 3.958918 -5.296290 1.667846 22.646111 1.758860 0.984601
Car -1 -1 -10 267.000000 174.000000 445.000000 245.000000 1.517416 1.606902 4.057433 -5.926210 1.460578 16.908276 0.615185 0.960194
Car -1 -1 -10 414.000000 174.000000 513.000000 215.000000 1.470086 1.604757 3.804138 -5.540467 1.475973 29.859295 0.829021 0.881066
Car -1 -1 -10 647.000000 171.000000 681.000000 199.000000 1.460898 1.599211 3.799012 3.462740 1.531200 42.374331 -1.574729 0.876580
Car -1 -1 -10 480.000000 174.000000 548.000000 200.000000 1.485538 1.634391 3.982174 -6.142382 1.575630 45.891436 -2.828362 0.806826
Car -1 -1 -10 194.000000 171.000000 391.000000 263.000000 1.574514 1.687987 4.031026 -6.410523 1.527145 15.568446 0.640589 0.255352
