Car -1 -1 -10 466.000000 171.000000 545.000000 233.000000 1.538823 1.608073 3.737328 -3.055664 1.580224 21.733106 1.528637 0.999749
Car -1 -1 -10 727.000000 179.000000 887.000000 320.000000 1.484191 1.578735 3.871777 2.744027 1.649773 9.623329 -1.393433 0.999594
Car -1 -1 -10 520.000000 174.000000 567.000000 215.000000 1.511679 1.631997 3.681753 -2.871883 1.744251 28.990477 -1.562949 0.997143
Car -1 -1 -10 688.000000 183.000000 795.000000 269.000000 1.437581 1.532886 3.792905 2.940574 1.759540 13.929405 -1.456674 0.994848
Car -1 -1 -10 150.000000 170.000000 387.000000 245.000000 1.537720 1.599307 4.114899 -7.060975 1.354812 15.871363 -3.131535 0.993318
Car -1 -1 -10 0.000000 229.000000 195.000000 371.000000 1.490730 1.640781 3.581375 -2.281974 1.558817 3.161383 0.951095 0.951998
Car -1 -1 -10 1.000000 239.000000 72.000000 370.000000 1.496956 1.627176 3.299794 -6.010477 1.969448 5.965268 0.989038 0.032667
Car -1 -1 -10 748.000000 183.000000 868.000000 263.000000 1.471131 1.539745 3.707143 5.406072 1.324855 16.484367 1.330036 0.029811
Cyclist -1 -1 -10 582.000000 168.000000 604.000000 222.000000 1.701176 0.597451 0.763883 -0.497570 1.813969 24.619974 -1.551388 0.998709
Cyclist -1 -1 -10 579.000000 169.000000 600.000000 200.000000 1.510970 1.440884 3.670454 -2.050887 3.582437 21.775572 1.483373 0.017432
