Pedestrian -1 -1 -10 636.000000 156.000000 663.000000 230.000000 1.690710 0.593470 0.683195 1.302741 1.271593 17.241878 -1.454979 0.989869
Pedestrian -1 -1 -10 81.000000 157.000000 188.000000 374.000000 1.647044 0.613275 0.734237 -3.740026 1.748292 5.965141 -2.105503 0.987939
Pedestrian -1 -1 -10 9.000000 161.000000 109.000000 369.000000 1.664489 0.616319 0.662655 -4.654544 1.715804 6.194005 -2.167851 0.922591
Pedestrian -1 -1 -10 2.000000 164.000000 61.000000 356.000000 1.694109 0.585359 0.675202 -4.781883 1.754039 6.138446 1.383125 0.870999
Pedestrian -1 -1 -10 492.000000 167.000000 509.000000 214.000000 1.627520 0.626444 0.595521 -3.522825 1.330940 26.125735 0.879032 0.788602
Pedestrian -1 -1 -10 474.000000 168.000000 492.000000 215.000000 1.673715 0.607619 0.729159 -4.269087 1.360906 26.353912 -1.693662 0.650241
Pedestrian -1 -1 -10 352.000000 167.000000 375.000000 220.000000 1.653450 0.639529 0.671430 -7.877569 1.356756 23.834865 -1.887628 0.278060
Pedestrian -1 -1 -10 43.000000 174.000000 147.000000 361.000000 1.676548 0.606419 0.734115 -3.984507 1.683491 6.177364 -2.135537 0.259386
Pedestrian -1 -1 -10 442.000000 167.000000 452.000000 198.000000 1.697757 0.592447 0.761770 -9.192386 1.268035 42.510618 -1.737001 0.217106
Pedestrian -1 -1 -10 1.000000 159.000000 29.000000 362.000000 1.650237 0.586028 0.613635 -4.909266 1.756124 6.035113 -2.187770 0.181779
Pedestrian -1 -1 -10 28.000000 163.000000 76.000000 265.000000 1.683029 0.615742 0.583720 -10.414424 1.062947 13.876790 -2.193197 0.099641
Pedestrian -1 -1 -10 82.000000 173.000000 335.000000 335.000000 1.843085 0.645835 0.724963 -5.009825 1.928723 7.741793 -0.012519 0.067692
Pedestrian -1 -1 -10 89.000000 162.000000 134.000000 354.000000 1.654599 0.605474 0.714098 -3.794357 1.722731 5.903929 -2.129903 0.052880
Pedestrian -1 -1 -10 415.000000 168.000000 425.000000 194.000000 1.671378 0.593032 0.624857 -13.693437 1.299286 55.414423 -1.800897 0.017768
Pedestrian -1 -1 -10 116.000000 183.000000 202.000000 329.000000 1.669283 0.600533 0.639454 -4.286603 1.760785 6.567677 -0.001002 0.013527
Car -1 -1 -10 131.000000 180.000000 355.000000 319.000000 1.531559 1.576394 3.691657 -4.813749 1.684834 10.037703 1.544006 0.995001
Car -1 -1 -10 81.000000 169.000000 208.000000 339.000000 1.522249 1.532739 3.619330 -4.719513 1.481804 7.121474 -2.118444 0.045883
Cyclist -1 -1 -10 367.000000 160.000000 434.000000 282.000000 1.707703 0.592194 0.768421 -3.109595 1.629897 11.084814 -1.797105 0.999479
Cyclist -1 -1 -10 350.000000 167.000000 375.000000 220.000000 1.648335 0.614762 0.665817 -7.900334 1.313654 23.885745 -1.885661 0.520188
Cyclist -1 -1 -10 474.000000 167.000000 493.000000 215.000000 1.637862 0.595272 0.718365 -4.278572 1.254934 26.359344 -1.706802 0.080132
Cyclist -1 -1 -10 78.000000 174.000000 212.000000 353.000000 1.665225 0.612763 0.650754 -3.987112 1.671544 6.329238 -2.106982 0.032622
Cyclist -1 -1 -10 0.000000 162.000000 78.000000 354.000000 1.673644 0.589261 0.660882 -4.733498 1.685758 6.153853 -2.178839 0.027038
