Car -1 -1 -10 124.000000 191.000000 378.000000 332.000000 1.536515 1.636525 3.750145 -4.863397 1.928355 10.028617 1.600410 0.999647
Car -1 -1 -10 510.000000 178.000000 551.000000 209.000000 1.519086 1.591164 3.741554 -4.073216 1.744553 37.111719 1.580365 0.999328
Car -1 -1 -10 332.000000 186.000000 455.000000 265.000000 1.517038 1.555739 3.715833 -4.588520 1.959096 15.476502 1.708474 0.999259
Car -1 -1 -10 783.000000 183.000000 975.000000 299.000000 1.456736 1.614323 3.955822 3.944574 1.593942 10.218894 1.468469 0.999007
Car -1 -1 -10 405.000000 184.000000 496.000000 239.000000 1.481161 1.546255 3.717840 -4.395316 1.984993 20.704934 1.724469 0.998466
Car -1 -1 -10 725.000000 180.000000 850.000000 255.000000 1.421782 1.571974 3.957393 3.978083 1.701958 15.630627 -1.506844 0.996458
Car -1 -1 -10 703.000000 177.000000 781.000000 232.000000 1.395246 1.517990 3.707026 4.212778 1.707895 21.607337 -1.495481 0.995031
Car -1 -1 -10 912.000000 194.000000 1240.000000 375.000000 1.448544 1.604010 3.961110 4.135330 1.557438 4.439130 1.525661 0.983889
Car -1 -1 -10 694.000000 176.000000 752.000000 220.000000 1.396004 1.529460 3.677601 4.439636 1.683525 27.386292 -1.526015 0.958997
Car -1 -1 -10 529.000000 176.000000 564.000000 204.000000 1.485354 1.548539 3.661831 -3.937439 1.848107 37.258603 -1.557020 0.895155
Car -1 -1 -10 688.000000 176.000000 728.000000 212.000000 1.434416 1.525907 3.702753 4.727177 1.723056 31.382289 -1.472125 0.296747
Car -1 -1 -10 914.000000 171.000000 985.000000 202.000000 1.561307 1.593195 3.713601 13.530576 1.099570 31.361132 -1.117505 0.091271
