Pedestrian -1 -1 -10 427.000000 164.000000 458.000000 243.000000 1.729669 0.598094 0.781863 -3.753560 1.580445 16.006361 -1.751613 0.970600
Pedestrian -1 -1 -10 408.000000 166.000000 438.000000 242.000000 1.738899 0.603256 0.773555 -3.877782 1.622649 15.836549 -1.777057 0.891966
Pedestrian -1 -1 -10 401.000000 168.000000 412.000000 213.000000 1.655857 0.606213 0.697138 -7.680874 1.395974 27.507988 -1.816250 0.591270
Pedestrian -1 -1 -10 405.000000 164.000000 425.000000 221.000000 1.704045 0.592319 0.607263 -5.560244 1.934750 21.333845 -1.839435 0.251924
Pedestrian -1 -1 -10 411.000000 161.000000 422.000000 210.000000 1.734837 0.587875 0.609085 -7.407796 1.506691 27.861474 -1.840422 0.207561
Pedestrian -1 -1 -10 405.000000 165.000000 416.000000 213.000000 1.636639 0.605277 0.673098 -7.658702 1.311307 27.574820 -1.815967 0.142350
Pedestrian -1 -1 -10 396.000000 167.000000 406.000000 210.000000 1.622781 0.605891 0.670759 -7.672505 1.333980 27.539393 -1.826254 0.037584
Pedestrian -1 -1 -10 413.000000 167.000000 433.000000 219.000000 1.769114 0.605781 0.590098 -6.017147 1.731960 22.475485 -1.818590 0.036646
Pedestrian -1 -1 -10 424.000000 167.000000 445.000000 230.000000 1.682213 0.601229 0.725781 -3.686600 1.417032 16.045615 -1.769533 0.019580
Car -1 -1 -10 541.000000 163.000000 585.000000 208.000000 1.503252 1.622347 3.809721 -1.799862 0.933243 33.053225 -1.648862 0.029148
Cyclist -1 -1 -10 396.000000 167.000000 420.000000 211.000000 1.643140 0.596840 0.710629 -7.684427 1.360352 27.542483 -1.821262 0.047454
Cyclist -1 -1 -10 408.000000 163.000000 420.000000 210.000000 1.669018 0.578891 0.630300 -7.541704 1.429996 27.720877 -1.835185 0.012346
