Car -1 -1 -10 444.000000 180.000000 501.000000 232.000000 1.483438 1.643868 3.814404 -4.546156 1.428148 24.291251 -1.753824 0.999572
Car -1 -1 -10 539.000000 177.000000 620.000000 243.000000 1.470713 1.584402 3.862412 -0.602645 1.397977 19.778444 -1.693896 0.999320
Car -1 -1 -10 79.000000 190.000000 284.000000 292.000000 1.597938 1.613661 3.768893 -7.059089 1.659297 12.071663 -1.604288 0.999143
Car -1 -1 -10 247.000000 184.000000 352.000000 241.000000 1.548098 1.544837 3.793898 -8.787795 1.498488 20.623626 -1.524408 0.997225
Car -1 -1 -10 348.000000 183.000000 398.000000 218.000000 1.508433 1.591977 3.827006 -10.579159 1.473925 32.127421 -1.801399 0.997128
Car -1 -1 -10 -1.000000 203.000000 73.000000 354.000000 1.506308 1.567420 3.624044 -6.228608 1.998559 6.903460 -2.189098 0.262180
Car -1 -1 -10 1.000000 169.000000 90.000000 282.000000 1.572037 1.603974 3.855012 -11.844870 1.509381 14.004065 -2.184930 0.168276
Car -1 -1 -10 380.000000 182.000000 414.000000 211.000000 1.524797 1.608851 3.729811 -11.904736 1.552843 40.563465 -1.821732 0.164684
Car -1 -1 -10 143.000000 189.000000 214.000000 216.000000 1.468189 1.593594 3.835763 -18.433073 1.165919 29.494398 1.505875 0.063536
Car -1 -1 -10 305.000000 183.000000 343.000000 209.000000 1.588056 1.196165 3.196634 -10.044845 3.675083 21.337221 1.076389 0.035102
Car -1 -1 -10 177.000000 189.000000 242.000000 215.000000 1.433130 1.553257 3.782319 -19.661469 1.070936 34.175629 1.541741 0.019900
