Pedestrian -1 -1 -10 453.000000 174.000000 468.000000 207.000000 1.544620 1.336220 3.485141 -5.408650 3.060284 20.584561 1.322603 0.484567
Pedestrian -1 -1 -10 508.000000 171.000000 517.000000 202.000000 1.708041 0.599766 0.668731 -5.902369 1.762198 43.939912 1.907807 0.120411
Pedestrian -1 -1 -10 595.000000 168.000000 608.000000 197.000000 1.752912 0.602924 0.803168 -0.198216 1.317728 46.826131 -1.520064 0.032965
Pedestrian -1 -1 -10 569.000000 173.000000 581.000000 200.000000 1.710885 0.589520 0.763888 -2.160371 1.380183 44.832166 -1.578112 0.032851
Car -1 -1 -10 517.000000 177.000000 554.000000 205.000000 1.504010 1.604688 3.954311 -3.991884 1.348146 38.969809 -1.683995 0.990603
Car -1 -1 -10 930.000000 147.000000 1068.000000 191.000000 1.481553 1.730311 3.968648 18.149308 -0.257918 33.144160 1.591916 0.967351
Cyclist -1 -1 -10 383.000000 179.000000 410.000000 214.000000 1.692952 0.561300 0.746634 -10.556951 1.918440 35.087540 -1.802949 0.964687
Cyclist -1 -1 -10 641.000000 169.000000 675.000000 197.000000 1.694674 0.610561 1.677603 3.245484 1.219816 44.545682 -1.526747 0.598810
Cyclist -1 -1 -10 586.000000 171.000000 617.000000 198.000000 1.624381 0.642849 1.726768 -0.331932 1.243325 47.064969 -2.091900 0.075162
Cyclist -1 -1 -10 454.000000 174.000000 470.000000 207.000000 1.535143 1.398066 3.559412 -5.449969 3.102396 20.472714 1.318173 0.014131
