Pedestrian -1 -1 -10 110.000000 162.000000 172.000000 311.000000 1.813387 0.607037 0.665013 -2.976770 1.472134 3.581004 1.067823 0.969890
Pedestrian -1 -1 -10 214.000000 166.000000 248.000000 293.000000 1.656174 0.591915 0.579374 -5.291920 1.145002 10.369539 -2.057331 0.742359
Pedestrian -1 -1 -10 241.000000 169.000000 270.000000 266.000000 1.895294 0.666848 0.771601 -3.333774 1.796450 5.149699 1.185266 0.515588
Pedestrian -1 -1 -10 183.000000 173.000000 287.000000 316.000000 1.852590 0.613982 0.695145 -1.891194 1.306524 2.779196 -2.062985 0.224227
Pedestrian -1 -1 -10 135.000000 176.000000 391.000000 335.000000 1.674921 0.629890 0.562813 -2.827173 1.876700 5.043890 1.600206 0.165185
Pedestrian -1 -1 -10 233.000000 174.000000 305.000000 261.000000 1.688197 0.591045 0.568758 -9.622995 1.806284 20.582163 -2.003801 0.123468
Pedestrian -1 -1 -10 62.000000 182.000000 214.000000 340.000000 1.886936 0.634410 0.737522 -2.955040 1.499639 3.479987 1.048775 0.072479
Pedestrian -1 -1 -10 253.000000 167.000000 273.000000 242.000000 1.712591 0.587897 0.596037 -14.076569 1.761803 29.782418 -2.030207 0.032747
Pedestrian -1 -1 -10 8.000000 202.000000 361.000000 369.000000 1.863733 0.612583 0.704732 -2.064546 1.398435 2.696173 -2.112578 0.025482
Pedestrian -1 -1 -10 237.000000 184.000000 370.000000 257.000000 1.470352 1.606572 3.835494 -6.367005 1.805212 13.425288 1.225660 0.010943
Car -1 -1 -10 666.000000 175.000000 765.000000 247.000000 1.446031 1.558871 3.766734 2.513000 1.592957 16.691613 -1.553000 0.998551
Car -1 -1 -10 510.000000 176.000000 555.000000 217.000000 1.525437 1.638795 3.899439 -3.243869 1.685368 30.362830 -1.674234 0.997752
Car -1 -1 -10 638.000000 175.000000 693.000000 216.000000 1.459905 1.542912 3.792694 2.529527 1.615952 29.092627 -1.622889 0.994201
Car -1 -1 -10 0.000000 205.000000 369.000000 372.000000 1.399641 1.606870 3.582211 -1.897579 0.922049 2.748298 -2.119181 0.989080
Car -1 -1 -10 134.000000 189.000000 404.000000 337.000000 1.469984 1.537705 3.600762 -3.123397 1.573570 5.462512 -1.975057 0.727050
Car -1 -1 -10 626.000000 175.000000 667.000000 208.000000 1.503725 1.619810 3.628482 1.830487 1.828893 34.706867 -1.488546 0.667028
Car -1 -1 -10 539.000000 178.000000 565.000000 205.000000 1.521883 1.612114 3.605402 -3.065123 1.937391 43.424064 -1.604458 0.421796
Car -1 -1 -10 233.000000 187.000000 369.000000 247.000000 1.450673 1.623595 3.906295 -9.542789 1.441801 22.155339 0.658851 0.200318
Car -1 -1 -10 62.000000 182.000000 214.000000 340.000000 1.408237 1.608168 3.584612 -2.033874 0.912402 2.567183 -2.156680 0.044294
Car -1 -1 -10 622.000000 173.000000 653.000000 199.000000 1.495560 1.639917 3.582678 1.342516 1.694343 44.738212 1.609085 0.028522
Car -1 -1 -10 191.000000 178.000000 352.000000 283.000000 1.508693 1.660636 3.832064 -6.856816 1.899991 13.015241 -2.084177 0.016367
Cyclist -1 -1 -10 160.000000 186.000000 372.000000 337.000000 1.656350 0.620175 0.590213 -2.565338 1.879266 4.291627 1.632467 0.170947
Cyclist -1 -1 -10 48.000000 191.000000 235.000000 326.000000 1.483870 1.609491 3.476878 -2.722968 1.183797 3.182862 1.041045 0.135926
Cyclist -1 -1 -10 207.000000 182.000000 359.000000 251.000000 1.416776 1.600870 3.697999 -8.859493 1.689776 20.344918 -1.996286 0.113765
Cyclist -1 -1 -10 251.000000 178.000000 296.000000 254.000000 1.732852 0.578777 0.632979 -10.622458 1.714008 23.343706 -2.021980 0.052132
Cyclist -1 -1 -10 183.000000 173.000000 287.000000 316.000000 1.858841 0.678955 0.876558 -3.349196 1.654309 4.972391 1.140677 0.028819
Cyclist -1 -1 -10 95.000000 159.000000 181.000000 318.000000 1.467204 1.641765 3.596839 -3.081513 1.258632 3.660292 1.066241 0.023056
Cyclist -1 -1 -10 238.000000 171.000000 276.000000 259.000000 1.861700 0.591089 0.711803 -1.775326 1.224987 2.751755 1.175310 0.016817
Cyclist -1 -1 -10 8.000000 202.000000 361.000000 369.000000 1.712489 0.574466 0.621312 -1.307635 1.113849 1.961155 -2.133317 0.016510
