Car -1 -1 -10 601.000000 176.000000 679.000000 249.000000 1.488243 1.663798 3.791164 0.865059 1.370235 17.555921 -1.509412 0.999392
Car -1 -1 -10 136.000000 185.000000 399.000000 322.000000 1.557707 1.632636 3.750603 -4.441268 1.597556 9.449784 -1.501933 0.999171
Car -1 -1 -10 60.000000 182.000000 195.000000 247.000000 1.545565 1.684819 3.814971 -12.619752 1.448149 18.778084 1.533851 0.994307
Car -1 -1 -10 650.000000 180.000000 689.000000 208.000000 1.504327 1.610686 3.640865 3.903170 1.307136 40.843796 -1.390234 0.751212
Car -1 -1 -10 0.000000 186.000000 71.000000 309.000000 1.501158 1.606380 3.663907 -8.078453 1.908080 9.017023 -2.904639 0.521424
Car -1 -1 -10 487.000000 175.000000 537.000000 202.000000 1.478307 1.651685 3.713160 -5.079673 1.009033 41.409150 -1.650900 0.125129
Car -1 -1 -10 320.000000 178.000000 372.000000 221.000000 1.436170 1.618287 3.754828 -16.663774 1.450085 42.460776 -1.894480 0.117096
Car -1 -1 -10 153.000000 172.000000 224.000000 199.000000 1.369141 1.572725 3.707622 -20.975696 1.325701 36.981661 0.548650 0.063953
Car -1 -1 -10 617.000000 167.000000 654.000000 194.000000 1.577223 1.633421 3.630889 -0.394652 1.494808 10.410392 -1.587751 0.043193
Car -1 -1 -10 449.000000 167.000000 541.000000 207.000000 1.489050 1.635736 3.684820 -5.052797 1.172346 41.017240 -1.633992 0.011950
Car -1 -1 -10 240.000000 177.000000 326.000000 215.000000 1.485925 1.598305 3.332305 -3.286124 1.391562 5.317008 1.219730 0.011675
