Pedestrian -1 -1 -10 386.000000 175.000000 399.000000 203.000000 1.650289 0.606558 0.703847 -13.033602 1.492600 43.026485 -1.827802 0.388959
Pedestrian -1 -1 -10 1004.000000 152.000000 1027.000000 215.000000 1.529099 1.548000 3.720494 4.790893 1.030324 9.350243 2.122545 0.033063
Pedestrian -1 -1 -10 1011.000000 163.000000 1036.000000 212.000000 1.694999 0.591944 0.609076 13.977363 1.400211 22.796502 -1.040988 0.015188
Car -1 -1 -10 438.000000 174.000000 470.000000 202.000000 1.491695 1.599815 3.846071 -8.192000 1.447598 39.370905 -1.742420 0.997149
Car -1 -1 -10 248.000000 176.000000 325.000000 221.000000 1.553127 1.605115 3.733326 -14.570370 1.706795 31.851192 1.697520 0.994315
Car -1 -1 -10 905.000000 160.000000 1062.000000 208.000000 1.490935 1.620009 3.850287 12.167730 0.680866 24.168498 -1.119228 0.990979
Car -1 -1 -10 -1.000000 202.000000 293.000000 365.000000 1.491687 1.634477 3.824288 -3.193030 1.591030 3.678438 1.599370 0.977838
Cyclist -1 -1 -10 386.000000 174.000000 398.000000 204.000000 1.555525 1.326548 3.414248 -7.019522 2.722932 19.365856 1.219105 0.054285
Cyclist -1 -1 -10 7.000000 201.000000 276.000000 360.000000 1.664601 0.602733 0.718962 -2.724030 1.828867 3.228457 1.508985 0.015994
Cyclist -1 -1 -10 909.000000 159.000000 1060.000000 206.000000 1.466045 1.564391 3.784005 11.726431 0.848814 23.841758 -2.200847 0.013990
