Pedestrian -1 -1 -10 462.000000 170.000000 473.000000 197.000000 1.693010 0.628443 0.538392 -6.918247 1.404196 34.946032 -1.748795 0.048951
Car -1 -1 -10 440.000000 177.000000 507.000000 225.000000 1.480305 1.563315 3.719153 -4.752781 1.758138 25.325727 1.803626 0.998994
Car -1 -1 -10 674.000000 176.000000 757.000000 240.000000 1.446982 1.567326 3.838559 2.922613 1.597334 18.359592 -1.533872 0.998200
Car -1 -1 -10 2.000000 190.000000 305.000000 373.000000 1.512257 1.609503 3.696933 -4.435228 1.841484 6.693529 1.555182 0.997661
Car -1 -1 -10 801.000000 192.000000 1142.000000 377.000000 1.451339 1.596540 3.923403 3.295988 1.596988 6.472507 -1.168918 0.997006
Car -1 -1 -10 739.000000 179.000000 915.000000 304.000000 1.469481 1.589430 4.080010 3.359753 1.711203 9.308779 1.413367 0.983387
Car -1 -1 -10 660.000000 176.000000 723.000000 224.000000 1.441522 1.546404 3.814024 3.145553 1.611797 24.679202 -1.559588 0.945034
Car -1 -1 -10 649.000000 174.000000 689.000000 210.000000 1.429600 1.570880 3.854016 2.925471 1.586971 32.750652 -1.587781 0.714090
Car -1 -1 -10 472.000000 173.000000 521.000000 215.000000 1.461617 1.554342 3.701444 -4.862071 1.552353 30.408483 1.564599 0.566224
Car -1 -1 -10 190.000000 174.000000 350.000000 232.000000 1.490067 1.594316 3.883072 -9.537088 1.481751 21.429670 0.629782 0.520471
Car -1 -1 -10 497.000000 172.000000 536.000000 207.000000 1.512906 1.562191 3.604832 -4.722086 1.492957 31.750698 -1.621399 0.269509
