Pedestrian -1 -1 -10 650.000000 163.000000 673.000000 233.000000 1.701914 0.603857 0.744555 1.581558 1.521616 18.750108 -1.446583 0.988073
Pedestrian -1 -1 -10 670.000000 165.000000 697.000000 232.000000 1.683513 0.604843 0.726549 2.152236 1.458042 18.963319 -1.419697 0.984387
Pedestrian -1 -1 -10 952.000000 208.000000 1060.000000 374.000000 1.577922 0.605549 0.585263 2.156818 1.704626 3.907496 -1.044562 0.863106
Pedestrian -1 -1 -10 466.000000 164.000000 493.000000 232.000000 1.669975 0.611309 0.729934 -3.010859 1.425746 18.129470 -1.702453 0.812780
Pedestrian -1 -1 -10 1010.000000 178.000000 1219.000000 372.000000 1.630600 0.594507 0.626956 2.770723 1.723815 3.422454 -0.911040 0.460835
Pedestrian -1 -1 -10 900.000000 198.000000 1157.000000 374.000000 1.674679 0.619459 0.639546 2.635942 1.719706 4.081434 1.521675 0.257302
Pedestrian -1 -1 -10 1068.000000 180.000000 1180.000000 342.000000 1.842417 0.609971 0.701240 3.022886 2.016392 5.409800 2.257614 0.062143
Pedestrian -1 -1 -10 547.000000 168.000000 560.000000 203.000000 1.687544 0.605540 0.735066 -2.193214 1.302958 34.630164 -1.595240 0.056700
Car -1 -1 -10 574.000000 167.000000 609.000000 192.000000 1.525665 1.585513 3.691076 -1.242822 1.236834 50.099779 -1.662165 0.011010
Cyclist -1 -1 -10 1024.000000 172.000000 1214.000000 367.000000 1.747405 0.490534 1.686752 2.651986 1.663038 3.471150 -0.898178 0.303284
Cyclist -1 -1 -10 955.000000 205.000000 1068.000000 376.000000 1.594277 0.592408 0.601224 2.277944 1.697183 4.045567 -1.029648 0.198459
Cyclist -1 -1 -10 623.000000 166.000000 642.000000 201.000000 1.680059 0.570391 0.738705 1.562278 1.198954 35.489896 -1.481931 0.181816
Cyclist -1 -1 -10 920.000000 195.000000 1168.000000 373.000000 1.458762 1.586447 3.771919 2.617498 1.545046 4.021057 1.578931 0.025507
Cyclist -1 -1 -10 466.000000 164.000000 493.000000 232.000000 1.660243 0.600751 0.738051 -3.010268 1.387865 18.125120 -1.710588 0.015530
Cyclist -1 -1 -10 669.000000 164.000000 697.000000 230.000000 1.665508 0.590940 0.737986 2.124024 1.407182 18.972615 -1.424945 0.014909
Cyclist -1 -1 -10 1071.000000 178.000000 1187.000000 305.000000 1.866903 0.678402 0.864668 3.361783 1.854748 5.949766 2.259237 0.013149
