Pedestrian -1 -1 -10 907.000000 136.000000 989.000000 332.000000 1.729493 0.616932 0.803629 3.396526 1.564545 6.785646 -1.070937 0.998945
Pedestrian -1 -1 -10 622.000000 143.000000 690.000000 354.000000 1.648974 0.606006 0.711582 0.673744 1.520044 6.246179 -1.458306 0.998411
Pedestrian -1 -1 -10 756.000000 153.000000 823.000000 339.000000 1.677559 0.595100 0.601035 1.149157 1.718891 3.469257 -1.318543 0.995789
Pedestrian -1 -1 -10 798.000000 150.000000 906.000000 366.000000 1.617257 0.593321 0.663393 1.349997 1.552713 3.282212 -1.206997 0.968641
Pedestrian -1 -1 -10 536.000000 150.000000 556.000000 206.000000 1.634200 0.605709 0.634839 -2.073863 0.513932 28.860722 -1.647255 0.943214
Pedestrian -1 -1 -10 635.000000 143.000000 658.000000 202.000000 1.671017 0.625030 0.631900 1.403838 0.856063 22.849378 -1.473673 0.924236
Pedestrian -1 -1 -10 1030.000000 161.000000 1230.000000 369.000000 1.616837 0.593186 0.623922 1.558282 1.406510 1.930250 -0.913995 0.889059
Pedestrian -1 -1 -10 824.000000 142.000000 888.000000 317.000000 1.628832 0.593786 0.624836 1.360413 1.425704 3.308541 -1.215013 0.831904
Pedestrian -1 -1 -10 245.000000 132.000000 275.000000 261.000000 1.697436 0.607244 0.763029 -5.470596 1.139557 11.582316 -1.974785 0.679866
Pedestrian -1 -1 -10 520.000000 141.000000 539.000000 200.000000 1.659707 0.598455 0.617473 -3.390138 0.303469 29.786595 -1.673355 0.662271
Pedestrian -1 -1 -10 256.000000 134.000000 285.000000 250.000000 1.681620 0.596329 0.730080 -5.498011 1.039204 11.634581 -1.971631 0.494965
Pedestrian -1 -1 -10 234.000000 126.000000 265.000000 279.000000 1.824210 0.684151 0.882993 -4.160868 1.894058 6.663451 1.133424 0.070430
Pedestrian -1 -1 -10 628.000000 149.000000 664.000000 249.000000 1.521935 1.553321 3.696481 -0.106348 1.629470 12.693273 1.643669 0.068471
Pedestrian -1 -1 -10 516.000000 143.000000 531.000000 186.000000 1.655325 0.605005 0.706418 -3.550134 0.461786 29.725039 -1.656103 0.046990
Pedestrian -1 -1 -10 547.000000 146.000000 561.000000 187.000000 1.665231 0.614753 0.746875 -1.969907 0.565306 28.874011 -1.603606 0.045057
Pedestrian -1 -1 -10 238.000000 136.000000 306.000000 245.000000 1.613145 0.616084 0.685222 -5.646563 0.981815 11.807934 -1.976408 0.032439
Pedestrian -1 -1 -10 351.000000 141.000000 386.000000 206.000000 1.644931 0.598271 0.592719 -10.892211 0.483439 30.735484 -1.892847 0.017978
Pedestrian -1 -1 -10 859.000000 146.000000 962.000000 346.000000 1.613490 0.595356 0.653058 1.402072 1.471617 3.380403 -1.139557 0.010210
Car -1 -1 -10 1039.000000 156.000000 1226.000000 368.000000 1.496741 1.608351 3.647659 1.913558 1.216568 2.658726 -0.887953 0.016435
Cyclist -1 -1 -10 341.000000 141.000000 389.000000 209.000000 1.674530 0.580074 0.624063 -10.808188 0.518837 30.663651 -1.907661 0.754955
Cyclist -1 -1 -10 286.000000 146.000000 352.000000 202.000000 1.524869 1.576495 3.638040 -10.887644 0.336146 26.489785 1.251624 0.267803
Cyclist -1 -1 -10 315.000000 144.000000 369.000000 200.000000 1.639003 0.582903 0.567678 -10.823782 0.753056 30.674539 -1.931846 0.125084
Cyclist -1 -1 -10 238.000000 136.000000 306.000000 245.000000 1.729831 0.509894 1.624848 -5.788094 0.840924 11.888329 -1.969160 0.101932
Cyclist -1 -1 -10 633.000000 143.000000 659.000000 206.000000 1.606673 0.621640 0.689612 1.333621 0.644111 22.139290 -1.507814 0.094955
Cyclist -1 -1 -10 268.000000 140.000000 319.000000 214.000000 1.638122 0.635252 0.603586 -8.675339 0.643945 19.988351 1.657106 0.089705
Cyclist -1 -1 -10 309.000000 141.000000 343.000000 197.000000 1.637283 0.578124 0.585003 -11.542595 0.881030 30.799733 -1.940873 0.080187
Cyclist -1 -1 -10 1037.000000 152.000000 1224.000000 365.000000 1.597568 0.581253 0.628977 1.584053 1.349800 2.005962 -0.911905 0.068000
Cyclist -1 -1 -10 799.000000 145.000000 905.000000 355.000000 1.610335 0.587387 0.660474 1.354586 1.485678 3.309372 -1.207980 0.055558
Cyclist -1 -1 -10 254.000000 133.000000 285.000000 250.000000 1.641770 0.583654 0.723339 -5.509792 0.952065 11.636962 -1.978753 0.034625
Cyclist -1 -1 -10 536.000000 146.000000 557.000000 203.000000 1.609486 0.592291 0.679445 -1.937082 0.335635 28.654215 -1.630212 0.020915
Cyclist -1 -1 -10 244.000000 132.000000 272.000000 261.000000 1.669532 0.583117 0.747538 -5.500936 1.026805 11.650670 -1.983946 0.019514
