Car -1 -1 -10 557.000000 178.000000 613.000000 231.000000 1.516498 1.651529 3.865779 -0.675354 1.398163 24.631919 -1.596620 0.999522
Car -1 -1 -10 454.000000 177.000000 528.000000 238.000000 1.544506 1.619252 3.759408 -3.371314 1.377864 21.262111 -1.630961 0.999024
Car -1 -1 -10 39.000000 168.000000 417.000000 373.000000 1.567938 1.653128 3.851574 -3.527400 1.532710 6.730513 -2.009388 0.998205
Car -1 -1 -10 393.000000 185.000000 451.000000 215.000000 1.554890 1.609050 3.804727 -8.449923 1.367698 32.332741 -1.348490 0.516382
Car -1 -1 -10 0.000000 191.000000 107.000000 323.000000 1.493540 1.641010 3.763064 -7.661099 1.628536 8.423181 -2.894447 0.415145
Car -1 -1 -10 359.000000 181.000000 406.000000 208.000000 1.555787 1.625714 3.907525 -13.121749 1.321061 40.497075 1.306608 0.331723
Car -1 -1 -10 502.000000 183.000000 541.000000 215.000000 1.489627 1.573721 3.634513 -4.170136 1.277273 34.459091 -1.661983 0.176287
Car -1 -1 -10 206.000000 181.000000 386.000000 265.000000 1.598911 1.681967 3.741126 -7.946406 1.236929 19.513107 1.663914 0.121414
Car -1 -1 -10 6.000000 185.000000 230.000000 362.000000 1.465235 1.605264 3.814576 -3.564556 1.529964 6.426416 -2.132317 0.075444
Car -1 -1 -10 307.000000 180.000000 367.000000 216.000000 1.465125 1.514538 3.656901 -15.687058 1.126102 41.854718 0.646477 0.028394
Car -1 -1 -10 253.000000 178.000000 369.000000 240.000000 1.539207 1.594709 3.758289 -12.236974 1.207074 26.704732 1.175321 0.024587
