Pedestrian -1 -1 -10 309.000000 163.000000 342.000000 270.000000 1.648801 0.588997 0.594764 -4.911762 1.458837 12.316913 -1.881672 0.967536
Pedestrian -1 -1 -10 354.000000 170.000000 386.000000 282.000000 1.843858 0.607973 0.697785 -1.389092 1.291080 3.033692 -1.915239 0.818938
Pedestrian -1 -1 -10 311.000000 168.000000 374.000000 276.000000 1.666262 0.607384 0.621607 -5.383084 1.446423 13.836356 -1.890658 0.404034
Pedestrian -1 -1 -10 348.000000 175.000000 422.000000 279.000000 1.678014 0.595911 0.603401 -4.556543 1.436040 13.999055 -1.872942 0.185796
Pedestrian -1 -1 -10 998.000000 93.000000 1098.000000 299.000000 1.833674 0.680578 0.898366 1.579795 1.192314 3.338901 2.150394 0.140930
Pedestrian -1 -1 -10 281.000000 173.000000 350.000000 277.000000 1.598354 0.595760 0.609377 -5.057488 1.425042 12.017987 -1.922920 0.072278
Pedestrian -1 -1 -10 307.000000 180.000000 477.000000 272.000000 1.698791 0.652311 0.603467 -3.397171 1.716979 12.361690 -1.834438 0.058475
Car -1 -1 -10 662.000000 180.000000 730.000000 232.000000 1.442332 1.572231 3.790371 2.690846 1.729142 21.854063 -1.564893 0.999000
Car -1 -1 -10 763.000000 183.000000 1195.000000 376.000000 1.483058 1.603763 4.019976 2.773607 1.523376 5.643623 1.535506 0.998386
Car -1 -1 -10 532.000000 179.000000 569.000000 214.000000 1.521772 1.633821 3.850826 -2.883592 1.811411 35.602272 -1.644454 0.996201
Car -1 -1 -10 189.000000 192.000000 490.000000 361.000000 1.509626 1.580264 3.691768 -2.689835 1.716086 6.705061 1.701366 0.992037
Car -1 -1 -10 -12.000000 199.000000 346.000000 375.000000 1.476565 1.631071 3.582281 -2.192348 1.538068 2.999834 1.027701 0.956636
Car -1 -1 -10 639.000000 179.000000 689.000000 213.000000 1.467716 1.574632 3.982559 2.668135 1.795051 34.246188 1.263185 0.954883
Car -1 -1 -10 338.000000 187.000000 488.000000 265.000000 1.498148 1.605232 3.917822 -3.822796 1.491982 13.775388 0.799427 0.777710
Car -1 -1 -10 632.000000 179.000000 666.000000 206.000000 1.497324 1.584141 3.515555 2.009427 2.146546 39.538329 -1.490948 0.468876
Car -1 -1 -10 254.000000 186.000000 460.000000 293.000000 1.492415 1.647682 3.581053 -3.701581 1.335377 12.602325 1.230366 0.086593
Car -1 -1 -10 1119.000000 216.000000 1239.000000 368.000000 1.459534 1.655562 3.505504 2.796920 1.227144 4.569557 2.333793 0.074294
Car -1 -1 -10 348.000000 175.000000 422.000000 279.000000 1.525393 1.615718 3.733293 -4.933575 1.225002 14.876554 -1.856031 0.019958
Cyclist -1 -1 -10 348.000000 185.000000 485.000000 267.000000 1.501289 1.577320 3.892964 -3.431455 1.554397 12.770593 -1.771376 0.160163
Cyclist -1 -1 -10 348.000000 174.000000 403.000000 280.000000 1.698309 0.580040 0.626514 -4.617147 1.284063 14.047418 -1.897046 0.073181
Cyclist -1 -1 -10 287.000000 172.000000 352.000000 278.000000 1.591322 0.586296 0.620623 -4.913892 1.365266 12.127244 -1.910467 0.042091
Cyclist -1 -1 -10 180.000000 192.000000 494.000000 355.000000 1.581986 0.632507 1.791807 -2.575340 1.930218 5.600863 1.725459 0.010785
