Pedestrian -1 -1 -10 636.000000 169.000000 646.000000 199.000000 1.687369 0.589436 0.592900 1.263986 1.056760 27.576888 -1.533053 0.080438
Pedestrian -1 -1 -10 621.000000 174.000000 632.000000 204.000000 1.822397 0.682346 0.889364 -0.660427 2.241453 9.308544 1.625000 0.019795
Pedestrian -1 -1 -10 824.000000 178.000000 868.000000 212.000000 1.618728 0.624906 0.609317 10.562146 1.962297 31.774409 -1.239463 0.017442
Car -1 -1 -10 846.000000 175.000000 992.000000 284.000000 1.480532 1.579493 3.858673 5.472620 1.616137 12.451282 -1.270869 0.999645
Car -1 -1 -10 596.000000 176.000000 696.000000 252.000000 1.525772 1.587474 3.696214 0.869021 1.633149 16.195465 -1.379003 0.999639
Car -1 -1 -10 644.000000 179.000000 727.000000 236.000000 1.566433 1.590270 3.833717 1.953055 1.749316 21.685493 2.134485 0.996748
Car -1 -1 -10 731.000000 175.000000 761.000000 201.000000 1.573382 1.626870 3.940010 8.964953 1.969328 47.575427 -1.379758 0.975268
Car -1 -1 -10 824.000000 178.000000 867.000000 212.000000 1.436909 1.562810 3.710295 10.874289 1.713462 32.847204 -1.267607 0.796252
Car -1 -1 -10 846.000000 176.000000 931.000000 246.000000 1.447428 1.534927 3.600502 6.816933 1.874853 17.697883 -0.534013 0.054321
Car -1 -1 -10 816.000000 178.000000 850.000000 204.000000 1.504625 1.625276 3.850256 14.018893 1.643703 45.053397 -1.283628 0.037686
Cyclist -1 -1 -10 636.000000 169.000000 646.000000 200.000000 1.722431 0.578660 0.630022 1.340404 1.012504 27.916573 -1.542464 0.010049
