Car -1 -1 -10 745.000000 190.000000 988.000000 348.000000 1.460326 1.592499 3.936339 3.134915 1.651445 8.551886 -1.352938 0.998288
Car -1 -1 -10 -3.000000 180.000000 277.000000 327.000000 1.525915 1.573870 3.892243 -6.053589 1.613502 8.722967 0.408983 0.997584
Car -1 -1 -10 636.000000 178.000000 669.000000 205.000000 1.455901 1.618638 3.857614 2.524744 1.846572 42.332290 -1.535339 0.994883
Car -1 -1 -10 801.000000 175.000000 1069.000000 271.000000 1.603624 1.707419 4.220362 6.482789 1.532858 14.196003 -2.316448 0.990803
Car -1 -1 -10 266.000000 180.000000 435.000000 247.000000 1.523746 1.576665 3.898566 -5.783194 1.668676 17.100252 1.656260 0.990024
Car -1 -1 -10 324.000000 175.000000 458.000000 234.000000 1.524939 1.551523 3.917143 -6.230875 1.651299 20.967148 1.756967 0.948307
Car -1 -1 -10 726.000000 180.000000 824.000000 226.000000 1.461010 1.583564 3.992571 5.597773 1.871394 25.281496 1.347002 0.930260
Car -1 -1 -10 764.000000 180.000000 882.000000 238.000000 1.433642 1.608960 3.932885 5.759134 1.617913 19.536306 -1.385102 0.914420
Car -1 -1 -10 58.000000 182.000000 404.000000 263.000000 1.498934 1.632750 3.993109 -6.323633 1.401454 14.569155 1.634369 0.794933
Car -1 -1 -10 429.000000 178.000000 525.000000 211.000000 1.472792 1.603577 3.973467 -6.343257 1.480474 37.658920 0.806770 0.637028
Cyclist -1 -1 -10 551.000000 176.000000 563.000000 207.000000 1.633143 0.591374 0.685490 -2.791853 1.980378 39.090395 -1.615837 0.012467
