Car -1 -1 -10 573.000000 174.000000 614.000000 210.000000 1.528591 1.631151 3.839210 -0.668686 1.056638 33.184377 -1.592192 0.999563
Car -1 -1 -10 163.000000 188.000000 397.000000 316.000000 1.534692 1.632023 3.749902 -4.621143 1.574823 10.080644 -1.472847 0.999138
Car -1 -1 -10 344.000000 179.000000 452.000000 246.000000 1.567274 1.599362 3.763746 -5.305318 1.437341 18.080143 -1.407210 0.999013
Car -1 -1 -10 185.000000 187.000000 287.000000 238.000000 1.533269 1.605442 3.803440 -9.568231 2.804261 15.295805 1.081799 0.943659
Car -1 -1 -10 1.000000 187.000000 111.000000 313.000000 1.484955 1.627864 3.779444 -8.428786 1.861724 9.519534 1.540026 0.259845
Car -1 -1 -10 179.000000 183.000000 333.000000 258.000000 1.552831 1.690088 3.839077 -9.102004 1.380555 18.079787 -1.972743 0.226434
Car -1 -1 -10 349.000000 172.000000 409.000000 211.000000 1.494974 1.607550 3.766799 -8.516936 0.534078 27.774477 1.771134 0.209934
Car -1 -1 -10 502.000000 175.000000 544.000000 203.000000 1.515033 1.673981 3.588956 -4.436271 1.131345 44.447870 -1.678203 0.068573
Car -1 -1 -10 229.000000 186.000000 296.000000 226.000000 1.531745 1.524365 3.738911 -17.070014 0.974611 32.843967 1.234916 0.055823
Car -1 -1 -10 534.000000 163.000000 559.000000 192.000000 1.495560 1.639918 3.582678 -4.381442 0.981492 44.555815 1.486121 0.031947
Car -1 -1 -10 249.000000 182.000000 330.000000 222.000000 1.524208 1.542861 3.492100 -12.583484 1.172119 29.833665 -1.955405 0.028828
Car -1 -1 -10 478.000000 174.000000 534.000000 212.000000 1.518162 1.575012 3.620856 -4.199145 1.072606 29.504775 -1.606039 0.019519
