Pedestrian -1 -1 -10 1162.000000 162.000000 1237.000000 296.000000 1.537640 1.436836 3.608375 11.087252 2.330700 15.351292 2.253235 0.033686
Pedestrian -1 -1 -10 1145.000000 181.000000 1240.000000 376.000000 1.578065 0.600161 0.566495 4.497185 2.042264 4.971364 -0.881768 0.015628
Car -1 -1 -10 630.000000 178.000000 683.000000 221.000000 1.424647 1.581402 3.860283 2.024495 1.695424 27.953542 -1.615795 0.999014
Car -1 -1 -10 782.000000 168.000000 1034.000000 279.000000 1.486246 1.657439 4.088152 4.941302 1.559109 13.555108 1.532431 0.989380
Car -1 -1 -10 1014.000000 186.000000 1235.000000 359.000000 1.429001 1.538408 3.910006 5.903135 1.681393 6.791918 1.586345 0.988253
Car -1 -1 -10 868.000000 188.000000 1187.000000 313.000000 1.452871 1.598980 3.916429 5.754913 1.724427 9.140833 0.001744 0.985427
Car -1 -1 -10 301.000000 179.000000 450.000000 231.000000 1.460768 1.613481 4.094075 -7.243171 1.550793 23.360507 0.638634 0.984810
Car -1 -1 -10 0.000000 155.000000 298.000000 306.000000 1.591600 1.593218 3.879856 -6.623931 1.570018 10.408890 -3.283175 0.980409
Car -1 -1 -10 367.000000 180.000000 474.000000 225.000000 1.488367 1.596348 3.960089 -6.514631 1.481920 25.834347 0.827359 0.740840
Car -1 -1 -10 614.000000 175.000000 649.000000 202.000000 1.545797 1.637433 3.587771 1.675113 2.018411 42.263354 -1.506506 0.583673
Car -1 -1 -10 1147.000000 192.000000 1242.000000 375.000000 1.444888 1.561014 3.623528 5.253551 1.795254 5.414981 -0.868664 0.579493
Car -1 -1 -10 460.000000 178.000000 510.000000 203.000000 1.466302 1.552669 3.781124 -6.616239 1.389428 37.043883 -1.722468 0.109407
Cyclist -1 -1 -10 461.000000 175.000000 500.000000 245.000000 1.656529 0.587755 0.732610 -3.225446 1.981022 18.333614 -1.703900 0.998667
Cyclist -1 -1 -10 464.000000 179.000000 507.000000 215.000000 1.633597 0.584119 0.614146 -4.922181 2.054731 24.631591 -1.736502 0.487037
Cyclist -1 -1 -10 475.000000 179.000000 501.000000 206.000000 1.717861 0.483377 1.641210 -5.971614 1.800731 35.232125 -1.715060 0.044153
Cyclist -1 -1 -10 426.000000 181.000000 490.000000 229.000000 1.512215 1.508688 3.619703 -4.497511 2.007808 21.150875 0.867796 0.020519
