Car -1 -1 -10 578.000000 178.000000 620.000000 216.000000 1.519827 1.646061 3.882607 -0.348172 1.216807 32.190519 -1.579132 0.999697
Car -1 -1 -10 351.000000 183.000000 488.000000 271.000000 1.563713 1.637142 3.769214 -3.686000 1.516945 14.319248 -1.343389 0.999431
Car -1 -1 -10 489.000000 183.000000 544.000000 223.000000 1.492512 1.587283 3.736477 -3.362742 1.318339 26.560345 1.604034 0.999065
Car -1 -1 -10 148.000000 174.000000 320.000000 264.000000 1.614862 1.670752 3.829328 -8.062755 1.430312 15.507590 -1.494134 0.997847
Car -1 -1 -10 1.000000 186.000000 195.000000 258.000000 1.497458 1.627743 3.759403 -12.208742 1.411064 17.212197 1.601351 0.917225
Car -1 -1 -10 309.000000 183.000000 405.000000 233.000000 1.488341 1.619684 3.876849 -7.839026 1.471709 22.307751 -1.864313 0.395617
Car -1 -1 -10 445.000000 180.000000 495.000000 207.000000 1.534634 1.628955 3.848107 -8.081287 1.179449 40.806649 -1.751540 0.287598
Car -1 -1 -10 0.000000 190.000000 148.000000 313.000000 1.504948 1.645950 3.819872 -8.500817 1.743395 9.765174 1.579623 0.232995
Car -1 -1 -10 278.000000 181.000000 358.000000 224.000000 1.551406 1.630700 3.868066 -12.659190 1.254177 30.164176 -1.938220 0.097221
Car -1 -1 -10 214.000000 177.000000 308.000000 218.000000 1.416449 1.540479 3.814105 -16.148907 0.616749 33.446990 1.678640 0.014820
Car -1 -1 -10 231.000000 179.000000 279.000000 214.000000 1.465664 1.651049 3.605063 -16.229259 0.833250 32.301191 1.101543 0.011449
