Car -1 -1 -10 574.000000 174.000000 611.000000 208.000000 1.510291 1.596555 3.897120 -0.810769 1.145901 36.768782 -1.607556 0.999556
Car -1 -1 -10 456.000000 180.000000 510.000000 219.000000 1.518047 1.602855 3.713520 -4.919283 1.249098 27.653290 -1.620891 0.998938
Car -1 -1 -10 88.000000 183.000000 368.000000 346.000000 1.561658 1.653664 3.740921 -4.459592 1.643006 8.652534 -1.492725 0.998397
Car -1 -1 -10 368.000000 180.000000 468.000000 245.000000 1.538468 1.578429 3.695919 -4.872080 1.403937 18.610677 -1.359086 0.998321
Car -1 -1 -10 322.000000 179.000000 397.000000 224.000000 1.501109 1.633673 3.830569 -9.068603 1.276165 25.482714 -1.878425 0.869422
Car -1 -1 -10 4.000000 164.000000 111.000000 264.000000 1.603085 1.631605 3.861789 -12.280285 1.422893 14.808165 -1.639856 0.611137
Car -1 -1 -10 159.000000 176.000000 324.000000 251.000000 1.501503 1.665223 3.664622 -12.408635 0.751238 26.056097 1.090025 0.517326
Car -1 -1 -10 379.000000 178.000000 441.000000 207.000000 1.589031 1.708472 3.721579 -10.595298 0.681711 41.458860 0.859106 0.257732
Car -1 -1 -10 252.000000 178.000000 311.000000 207.000000 1.495560 1.639918 3.582678 -16.789657 0.578412 36.166109 1.145464 0.013379
Car -1 -1 -10 204.000000 179.000000 318.000000 224.000000 1.474239 1.525472 3.864691 -13.633153 0.645872 27.929953 0.676399 0.010639
