Pedestrian -1 -1 -10 672.000000 165.000000 743.000000 329.000000 1.667646 0.587105 0.730003 1.015585 1.698620 7.619701 0.693969 0.994331
Pedestrian -1 -1 -10 621.000000 168.000000 684.000000 334.000000 1.670217 0.604618 0.719038 0.533267 1.730582 7.498155 -1.461518 0.992574
Pedestrian -1 -1 -10 190.000000 166.000000 263.000000 337.000000 1.676878 0.624130 0.668687 -3.482611 1.779208 6.918860 0.061233 0.973411
Pedestrian -1 -1 -10 210.000000 169.000000 328.000000 360.000000 1.673355 0.593488 0.719627 -2.224807 1.747947 5.287683 -1.959057 0.248700
Pedestrian -1 -1 -10 764.000000 165.000000 796.000000 246.000000 1.655393 0.607606 0.646062 3.830140 1.504205 15.528106 -1.293558 0.179539
Pedestrian -1 -1 -10 695.000000 169.000000 778.000000 304.000000 1.717098 0.620164 0.732313 0.993143 1.674809 7.772169 -1.371189 0.156314
Pedestrian -1 -1 -10 733.000000 166.000000 766.000000 245.000000 1.813897 0.608843 0.667600 0.435252 1.573592 5.126196 1.840480 0.079144
Pedestrian -1 -1 -10 669.000000 169.000000 690.000000 258.000000 1.806153 0.602429 0.655370 0.023206 1.319886 3.988435 -1.489665 0.035434
Pedestrian -1 -1 -10 734.000000 164.000000 753.000000 222.000000 1.620318 0.606866 0.676468 3.922130 1.339701 18.682833 -1.347924 0.022049
Pedestrian -1 -1 -10 634.000000 175.000000 662.000000 217.000000 1.646372 0.589600 0.539347 2.989480 1.927376 33.221520 -1.513315 0.015746
Pedestrian -1 -1 -10 655.000000 174.000000 671.000000 230.000000 1.802578 0.604764 0.650215 -0.083634 1.332452 3.986589 1.719480 0.015679
Pedestrian -1 -1 -10 642.000000 168.000000 703.000000 276.000000 1.626969 0.597755 0.678347 0.839074 1.477457 7.595823 -1.441693 0.012734
Car -1 -1 -10 488.000000 172.000000 534.000000 212.000000 1.516035 1.611100 3.856357 -4.979099 1.298941 39.663463 -1.675249 0.032822
Cyclist -1 -1 -10 383.000000 168.000000 455.000000 295.000000 1.724721 0.561125 0.747786 -2.791996 1.763537 10.492011 -1.763450 0.999869
Cyclist -1 -1 -10 225.000000 170.000000 360.000000 377.000000 1.656151 0.569395 0.737561 -2.241575 1.730465 5.301754 -1.926498 0.999377
Cyclist -1 -1 -10 716.000000 162.000000 791.000000 290.000000 1.707111 0.632778 0.614114 1.396665 1.763803 7.997895 -1.352949 0.626225
Cyclist -1 -1 -10 191.000000 167.000000 293.000000 356.000000 1.645946 0.598038 0.666870 -2.417298 1.683815 5.514158 -1.999365 0.546413
Cyclist -1 -1 -10 757.000000 166.000000 800.000000 249.000000 1.620878 0.605604 0.643632 3.879638 1.442738 15.171849 -1.312956 0.129606
Cyclist -1 -1 -10 684.000000 165.000000 754.000000 319.000000 1.632381 0.580307 0.730782 1.070479 1.615729 7.676605 -1.370422 0.124023
Cyclist -1 -1 -10 728.000000 163.000000 770.000000 263.000000 1.603099 0.570386 0.621556 1.545929 1.700339 8.361612 -1.318180 0.061580
Cyclist -1 -1 -10 391.000000 176.000000 412.000000 224.000000 1.707496 0.580616 0.632771 -8.935981 1.799870 31.460758 -1.852623 0.040019
Cyclist -1 -1 -10 771.000000 166.000000 924.000000 339.000000 1.772026 0.503938 1.707918 2.452732 1.898281 6.871595 -1.181046 0.029531
Cyclist -1 -1 -10 1143.000000 196.000000 1235.000000 268.000000 1.480502 1.637828 3.634827 2.328835 1.203383 3.701246 2.338751 0.015244
Cyclist -1 -1 -10 220.000000 184.000000 323.000000 315.000000 1.602663 0.585822 0.688122 -2.234055 1.557993 5.369420 -1.968991 0.010538
