Pedestrian -1 -1 -10 605.000000 151.000000 640.000000 236.000000 1.712145 0.604688 0.779540 0.431721 1.288216 15.918957 0.565745 0.997985
Pedestrian -1 -1 -10 825.000000 154.000000 903.000000 366.000000 1.658998 0.607429 0.709173 2.218762 1.553041 6.069445 -1.189010 0.997900
Pedestrian -1 -1 -10 138.000000 145.000000 258.000000 376.000000 1.696694 0.605340 0.759312 -2.954111 1.633103 5.335541 -2.039921 0.994982
Pedestrian -1 -1 -10 727.000000 157.000000 772.000000 293.000000 1.700060 0.597629 0.684031 1.991253 1.590807 9.341851 0.744161 0.988302
Pedestrian -1 -1 -10 802.000000 146.000000 846.000000 327.000000 1.650323 0.587965 0.621760 2.345963 1.613628 6.759450 0.867863 0.955226
Pedestrian -1 -1 -10 763.000000 164.000000 801.000000 280.000000 1.708775 0.591097 0.607317 2.361299 1.631992 10.081684 0.805215 0.953691
Pedestrian -1 -1 -10 711.000000 164.000000 749.000000 278.000000 1.680218 0.600242 0.652614 2.021186 1.606605 9.673704 0.743374 0.936400
Pedestrian -1 -1 -10 3.000000 154.000000 71.000000 352.000000 1.681365 0.612372 0.712234 -4.494626 1.553161 5.642890 -2.207976 0.812587
Pedestrian -1 -1 -10 668.000000 158.000000 685.000000 206.000000 1.680491 0.608169 0.688105 2.817267 0.757952 26.809567 -1.436736 0.693112
Pedestrian -1 -1 -10 680.000000 157.000000 698.000000 207.000000 1.610341 0.617995 0.683832 3.243213 0.786313 26.420434 -1.429655 0.573013
Pedestrian -1 -1 -10 5.000000 158.000000 160.000000 368.000000 1.734292 0.584426 0.602866 -3.133111 1.584782 5.377400 -2.204744 0.426720
Pedestrian -1 -1 -10 751.000000 157.000000 788.000000 269.000000 1.699536 0.594670 0.678213 2.659898 1.544601 10.625369 0.773535 0.266418
Pedestrian -1 -1 -10 798.000000 153.000000 832.000000 263.000000 1.624308 0.608929 0.685152 3.352871 1.388717 11.018757 2.343061 0.172778
Car -1 -1 -10 538.000000 163.000000 594.000000 207.000000 1.455258 1.610142 3.817839 -1.317479 0.803730 27.382016 1.615207 0.998236
Cyclist -1 -1 -10 0.000000 155.000000 83.000000 358.000000 1.662890 0.609487 0.727289 -4.464053 1.576476 5.645508 -2.212429 0.302492
Cyclist -1 -1 -10 7.000000 154.000000 172.000000 371.000000 1.573368 0.592327 0.666881 -3.075863 1.676454 5.491034 -2.172933 0.036692
Cyclist -1 -1 -10 801.000000 154.000000 856.000000 320.000000 1.612101 0.597562 0.626554 2.437082 1.467667 6.583429 -1.220506 0.028962
Cyclist -1 -1 -10 603.000000 149.000000 639.000000 237.000000 1.694109 0.589730 0.776330 0.429490 1.214160 15.922192 -1.506808 0.025115
