Pedestrian -1 -1 -10 686.000000 165.000000 699.000000 206.000000 1.646320 0.613911 0.710884 4.281686 1.689718 37.570179 -1.416605 0.310125
Pedestrian -1 -1 -10 693.000000 168.000000 702.000000 208.000000 1.699944 0.593498 0.611240 4.456512 2.176663 37.430349 -1.454038 0.045838
Pedestrian -1 -1 -10 525.000000 177.000000 541.000000 217.000000 1.708815 0.598637 0.752865 -3.514079 2.142082 32.369634 -1.629011 0.034199
Pedestrian -1 -1 -10 544.000000 172.000000 558.000000 208.000000 1.633221 0.594314 0.669937 -2.772335 1.961764 32.750150 -1.617444 0.024143
Car -1 -1 -10 690.000000 172.000000 808.000000 270.000000 1.503792 1.562654 3.856650 2.833296 1.617277 14.122649 -1.491320 0.999448
Car -1 -1 -10 337.000000 182.000000 451.000000 261.000000 1.558158 1.607463 3.746271 -5.183885 1.995315 17.387651 1.703867 0.998706
Car -1 -1 -10 467.000000 184.000000 514.000000 218.000000 1.468885 1.602356 3.847718 -5.442919 2.019360 33.277511 1.552887 0.998085
Car -1 -1 -10 0.000000 202.000000 158.000000 377.000000 1.506124 1.592685 3.725149 -4.295582 2.011469 4.898740 -2.143067 0.394122
Cyclist -1 -1 -10 523.000000 176.000000 542.000000 217.000000 1.675855 0.603628 0.727332 -3.414204 2.068345 32.407524 -1.640995 0.997894
Cyclist -1 -1 -10 539.000000 173.000000 558.000000 215.000000 1.651622 0.567753 0.719274 -2.843800 2.032741 32.758048 -1.608404 0.934227
Cyclist -1 -1 -10 528.000000 177.000000 553.000000 212.000000 1.693065 0.531631 1.749219 -3.193184 1.958841 32.634939 -1.644508 0.115679
Cyclist -1 -1 -10 547.000000 173.000000 558.000000 205.000000 1.636383 0.588958 0.649992 -2.775039 1.727805 32.923753 -1.638822 0.044924
Cyclist -1 -1 -10 705.000000 176.000000 736.000000 204.000000 1.409605 1.641389 3.786412 6.278689 1.470707 37.909106 -1.425848 0.017805
Cyclist -1 -1 -10 537.000000 177.000000 549.000000 206.000000 1.632052 0.586580 0.619684 -2.782581 1.747325 32.878170 -1.653993 0.010634
