Pedestrian -1 -1 -10 354.000000 146.000000 460.000000 368.000000 1.674267 0.606657 0.732132 -1.567259 1.547335 5.761061 -1.802050 0.997915
Pedestrian -1 -1 -10 992.000000 124.000000 1195.000000 372.000000 1.680252 0.598763 0.703000 2.161091 1.406132 3.603866 1.148286 0.940158
Pedestrian -1 -1 -10 751.000000 150.000000 766.000000 200.000000 1.640304 0.638320 0.675578 5.778271 0.492848 26.408823 -1.349965 0.362847
Pedestrian -1 -1 -10 985.000000 161.000000 1102.000000 367.000000 1.593285 0.592149 0.600411 2.316436 1.452642 3.483871 1.105107 0.296139
Pedestrian -1 -1 -10 561.000000 155.000000 569.000000 185.000000 1.709459 0.603860 0.760786 -2.426842 0.285372 48.407166 -1.584931 0.170123
Pedestrian -1 -1 -10 588.000000 158.000000 601.000000 185.000000 1.605505 0.609207 0.657557 -0.490536 0.589744 46.864678 -1.551590 0.070419
Pedestrian -1 -1 -10 548.000000 155.000000 561.000000 196.000000 1.513341 1.547219 3.739909 -1.771805 1.618636 14.180800 1.537924 0.053846
Pedestrian -1 -1 -10 998.000000 178.000000 1032.000000 288.000000 1.752623 0.595230 0.626257 1.138337 1.148389 2.442870 -1.072084 0.034988
Pedestrian -1 -1 -10 578.000000 160.000000 592.000000 185.000000 1.652219 0.638934 0.619293 -1.082001 0.491862 47.539363 -1.563204 0.030240
Pedestrian -1 -1 -10 558.000000 156.000000 566.000000 186.000000 1.752820 0.596444 0.749550 -2.444077 0.542802 47.659693 2.018219 0.016732
Pedestrian -1 -1 -10 1120.000000 168.000000 1238.000000 373.000000 1.696672 0.597176 0.621678 1.403596 1.103726 1.990980 -0.915152 0.012085
Car -1 -1 -10 178.000000 135.000000 500.000000 346.000000 1.652010 1.582908 3.787312 -2.785207 1.334615 8.150726 -1.391699 0.683523
Car -1 -1 -10 420.000000 144.000000 558.000000 253.000000 1.647883 1.588923 3.851086 -1.944055 1.156277 15.113461 -1.578169 0.577597
Car -1 -1 -10 330.000000 138.000000 478.000000 360.000000 1.530277 1.549648 3.662344 -1.780787 1.469147 7.491213 -1.811296 0.494126
Car -1 -1 -10 335.000000 153.000000 526.000000 269.000000 1.532184 1.590038 3.878754 -2.908056 1.150119 12.085227 -2.917031 0.027419
Cyclist -1 -1 -10 996.000000 113.000000 1214.000000 378.000000 1.680889 0.616000 0.707549 2.200054 1.411406 3.539031 -0.920167 0.070786
Cyclist -1 -1 -10 1120.000000 168.000000 1238.000000 373.000000 1.854171 0.596760 0.692763 1.793955 1.182816 2.888442 2.324844 0.014453
