Pedestrian -1 -1 -10 0.000000 229.000000 32.000000 365.000000 1.864920 0.606151 0.716673 -2.458587 1.390847 2.385070 -2.279101 0.030285
Pedestrian -1 -1 -10 0.000000 231.000000 22.000000 301.000000 1.918825 0.671408 0.837735 -6.932830 2.545015 6.692917 0.949466 0.018645
Car -1 -1 -10 671.000000 174.000000 764.000000 248.000000 1.506193 1.584196 3.937990 2.918552 1.610415 18.519386 -1.561352 0.997403
Car -1 -1 -10 268.000000 183.000000 443.000000 249.000000 1.504951 1.556233 3.854566 -5.883066 1.688980 17.742271 1.644870 0.993619
Car -1 -1 -10 333.000000 171.000000 466.000000 235.000000 1.571383 1.598158 3.893774 -6.346710 1.623363 22.768929 1.768818 0.991405
Car -1 -1 -10 169.000000 181.000000 396.000000 269.000000 1.570581 1.614392 3.948792 -6.195951 1.670887 14.182080 -3.122316 0.967044
Car -1 -1 -10 652.000000 180.000000 713.000000 223.000000 1.443149 1.607244 4.008999 2.875342 1.946058 28.143193 1.499687 0.882632
Car -1 -1 -10 635.000000 179.000000 670.000000 205.000000 1.479298 1.553544 3.698001 2.468056 1.929678 41.385394 -1.525074 0.676912
Car -1 -1 -10 375.000000 172.000000 503.000000 221.000000 1.642018 1.611020 3.899831 -5.970913 1.632145 27.051880 1.789818 0.293651
Car -1 -1 -10 969.000000 215.000000 1229.000000 369.000000 1.550355 1.621408 3.780267 3.293589 1.652747 4.702602 -0.964909 0.254100
Car -1 -1 -10 424.000000 174.000000 513.000000 212.000000 1.520186 1.625031 3.789251 -5.807184 1.601639 32.799894 -1.753359 0.169509
Car -1 -1 -10 452.000000 176.000000 531.000000 205.000000 1.457856 1.509963 3.694809 -5.732923 2.024892 41.184474 -1.741890 0.149621
Car -1 -1 -10 79.000000 188.000000 348.000000 296.000000 1.468890 1.547193 3.744212 -5.873856 1.746859 11.228747 0.504595 0.126184
Cyclist -1 -1 -10 968.000000 203.000000 1231.000000 371.000000 1.645555 0.611795 0.623604 2.630776 1.898001 3.782383 -0.985901 0.111404
Cyclist -1 -1 -10 0.000000 223.000000 33.000000 373.000000 1.526799 1.606038 3.427225 -6.886084 2.300453 6.591715 0.956800 0.099612
Cyclist -1 -1 -10 0.000000 231.000000 29.000000 306.000000 1.879798 0.590242 0.726321 -2.589403 1.335636 2.439978 0.948545 0.022601
Cyclist -1 -1 -10 4.000000 210.000000 103.000000 337.000000 1.596879 0.571064 0.576096 -4.791203 1.963959 5.947672 -2.161033 0.014325
Cyclist -1 -1 -10 96.000000 183.000000 363.000000 283.000000 1.511228 1.542067 3.862476 -5.640910 1.749548 11.328447 0.535821 0.012811
