Pedestrian -1 -1 -10 527.000000 170.000000 539.000000 211.000000 1.672197 0.607566 0.730638 -3.421639 1.920001 32.934124 -1.637096 0.731454
Pedestrian -1 -1 -10 704.000000 162.000000 719.000000 210.000000 1.663149 0.606652 0.714221 4.325285 1.592772 30.440583 -1.396814 0.106766
Car -1 -1 -10 21.000000 185.000000 332.000000 356.000000 1.535434 1.627478 3.739129 -5.164712 1.829331 8.892632 1.568329 0.999449
Car -1 -1 -10 774.000000 167.000000 1248.000000 376.000000 1.468232 1.626746 4.068490 2.844993 1.499037 5.189987 1.578055 0.946034
Car -1 -1 -10 417.000000 182.000000 499.000000 232.000000 1.408785 1.541303 3.886932 -5.051875 2.001920 24.547653 -1.143134 0.810492
Car -1 -1 -10 514.000000 176.000000 542.000000 205.000000 1.466771 1.467292 3.396305 -3.686662 1.727150 35.530065 -1.696457 0.352926
Car -1 -1 -10 840.000000 177.000000 1040.000000 288.000000 1.481194 1.619110 4.010982 6.278300 0.972653 14.377648 1.592641 0.067245
Cyclist -1 -1 -10 488.000000 169.000000 520.000000 241.000000 1.647242 0.576955 0.711156 -2.667476 1.815602 19.110169 -1.670851 0.999385
Cyclist -1 -1 -10 460.000000 171.000000 492.000000 244.000000 1.717582 0.577559 0.759200 -3.411632 1.969757 18.602556 -1.701630 0.998904
Cyclist -1 -1 -10 527.000000 171.000000 539.000000 210.000000 1.659879 0.599568 0.742104 -3.416445 1.881141 32.948202 -1.641901 0.868944
Cyclist -1 -1 -10 430.000000 179.000000 493.000000 232.000000 1.685627 0.649398 1.630913 -3.619632 2.023925 19.944385 -1.768667 0.743906
Cyclist -1 -1 -10 517.000000 174.000000 543.000000 206.000000 1.640313 0.585740 0.718821 -3.440630 1.795611 33.043700 -1.646224 0.371114
Cyclist -1 -1 -10 494.000000 175.000000 516.000000 217.000000 1.598944 0.590528 0.653759 -2.644805 1.694352 19.119655 -1.682841 0.037825
Cyclist -1 -1 -10 503.000000 173.000000 514.000000 207.000000 1.638656 0.709553 0.716693 -2.567386 1.793837 11.473422 1.428726 0.021181
