Pedestrian -1 -1 -10 1083.000000 149.000000 1186.000000 369.000000 1.603396 0.599846 0.559764 2.737431 1.590327 3.917944 -0.908304 0.996654
Pedestrian -1 -1 -10 523.000000 164.000000 536.000000 202.000000 1.744102 0.641499 0.642527 -3.266075 0.939268 33.153955 -1.677693 0.757374
Pedestrian -1 -1 -10 605.000000 163.000000 616.000000 193.000000 1.710354 0.619080 0.714512 0.571441 0.878390 44.596985 2.092176 0.323118
Pedestrian -1 -1 -10 538.000000 163.000000 548.000000 201.000000 1.719894 0.698441 0.845079 -3.068002 0.810427 38.964375 -1.695565 0.307326
Pedestrian -1 -1 -10 611.000000 162.000000 619.000000 192.000000 1.744373 0.629255 0.719414 0.876168 0.870591 45.347019 2.089566 0.254490
Pedestrian -1 -1 -10 622.000000 165.000000 631.000000 193.000000 1.679406 0.632537 0.693390 1.633841 0.915099 44.245880 -1.512060 0.157654
Pedestrian -1 -1 -10 528.000000 163.000000 545.000000 203.000000 1.666591 0.586958 0.584493 -3.019355 0.889655 30.954461 -1.609961 0.151651
Pedestrian -1 -1 -10 580.000000 162.000000 591.000000 195.000000 1.758151 0.584258 0.609575 -0.495398 1.854334 41.564434 -1.603673 0.062959
Pedestrian -1 -1 -10 563.000000 165.000000 585.000000 202.000000 1.657547 0.608702 0.569008 -1.498595 0.575002 44.188049 -1.620297 0.059070
Pedestrian -1 -1 -10 614.000000 163.000000 623.000000 192.000000 1.701186 0.621805 0.659758 0.912130 0.834694 47.935666 1.078512 0.049047
Pedestrian -1 -1 -10 577.000000 161.000000 587.000000 197.000000 1.769334 0.583993 0.613011 -1.218269 0.624851 43.965766 -1.608254 0.047930
Pedestrian -1 -1 -10 585.000000 163.000000 593.000000 191.000000 1.656974 0.618987 0.605851 -0.695539 0.718535 55.035078 -1.543700 0.037772
Pedestrian -1 -1 -10 1074.000000 156.000000 1176.000000 264.000000 1.663680 0.594216 0.693153 7.543311 1.067771 10.522269 -0.906570 0.027513
Pedestrian -1 -1 -10 539.000000 167.000000 559.000000 200.000000 1.691146 0.585229 0.607034 -2.661232 0.594663 35.462204 -1.613499 0.026612
Pedestrian -1 -1 -10 532.000000 166.000000 540.000000 200.000000 1.692161 0.654892 0.734135 -3.902342 0.433723 44.077075 1.519504 0.018889
Pedestrian -1 -1 -10 543.000000 165.000000 551.000000 200.000000 1.771319 0.629488 0.629468 -3.039315 0.756728 40.276380 -1.652984 0.013418
Car -1 -1 -10 514.000000 175.000000 593.000000 240.000000 1.452989 1.597685 3.782786 -1.105893 1.327619 17.405726 1.592640 0.999510
Car -1 -1 -10 993.000000 157.000000 1145.000000 220.000000 1.573872 1.619580 3.328741 4.091639 1.982203 8.164231 2.235850 0.310968
Car -1 -1 -10 1037.000000 154.000000 1204.000000 241.000000 1.490003 1.651447 3.577048 11.832360 1.440673 15.875218 2.196324 0.012178
Cyclist -1 -1 -10 522.000000 166.000000 541.000000 201.000000 1.674149 0.618479 0.622059 -2.961997 0.914773 30.772283 -1.638021 0.040927
Cyclist -1 -1 -10 561.000000 166.000000 585.000000 205.000000 1.673812 0.592928 0.593342 -1.488792 0.535534 44.269640 -1.622604 0.029171
Cyclist -1 -1 -10 571.000000 163.000000 582.000000 200.000000 1.637281 0.585441 0.616632 -1.505462 0.473644 44.099465 -1.608442 0.014935
Cyclist -1 -1 -10 1062.000000 153.000000 1165.000000 241.000000 1.745860 0.579770 0.639621 11.314181 1.630307 15.415415 -0.966043 0.013893
Cyclist -1 -1 -10 577.000000 161.000000 587.000000 197.000000 1.752813 0.579793 0.644046 -1.288074 0.567935 44.014420 -1.613454 0.012952
