Car -1 -1 -10 277.000000 189.000000 409.000000 270.000000 1.555409 1.598413 3.720782 -5.880075 2.118927 15.884736 1.664015 0.999193
Car -1 -1 -10 744.000000 178.000000 964.000000 317.000000 1.444452 1.592436 3.962830 3.386347 1.515992 9.811111 -1.732650 0.997693
Car -1 -1 -10 373.000000 189.000000 455.000000 245.000000 1.495335 1.534243 3.661790 -5.802966 2.117543 21.464860 1.717735 0.997456
Car -1 -1 -10 708.000000 179.000000 818.000000 257.000000 1.449176 1.571364 3.929734 3.604344 1.644347 14.974007 -1.510602 0.986751
Car -1 -1 -10 692.000000 180.000000 767.000000 230.000000 1.472885 1.492048 3.625059 3.384148 1.823004 21.897270 -1.452277 0.895656
Car -1 -1 -10 842.000000 165.000000 924.000000 203.000000 1.452901 1.654645 3.784532 11.943792 1.058904 31.096934 1.435367 0.397818
Car -1 -1 -10 1111.000000 221.000000 1243.000000 374.000000 1.476670 1.617855 3.355807 3.952240 1.804537 6.577160 2.312073 0.069904
Car -1 -1 -10 2.000000 186.000000 99.000000 260.000000 1.427500 1.536341 3.769832 -13.640180 1.930594 17.498126 0.409487 0.061721
Car -1 -1 -10 836.000000 177.000000 929.000000 237.000000 1.376589 1.492735 3.528423 10.404927 1.464328 28.753525 2.502204 0.019654
Cyclist -1 -1 -10 835.000000 168.000000 928.000000 217.000000 1.515560 1.531442 3.751543 10.908805 1.245368 29.616036 2.442061 0.011243
