Car -1 -1 -10 649.000000 179.000000 738.000000 242.000000 1.464890 1.576553 3.863100 2.371101 1.585438 18.779079 -1.573779 0.999147
Car -1 -1 -10 732.000000 178.000000 954.000000 319.000000 1.488976 1.607582 4.077607 3.157822 1.650362 8.724884 1.438067 0.997896
Car -1 -1 -10 367.000000 187.000000 438.000000 241.000000 1.463055 1.555714 3.679536 -6.142114 1.851721 21.008978 -1.792203 0.996603
Car -1 -1 -10 560.000000 179.000000 600.000000 211.000000 1.452807 1.566848 3.830287 -1.201468 1.846531 37.478957 -1.667712 0.976017
Car -1 -1 -10 841.000000 130.000000 1244.000000 373.000000 1.484114 1.615406 4.241953 3.296565 1.427251 3.965413 1.515884 0.646869
Car -1 -1 -10 614.000000 182.000000 681.000000 223.000000 1.460196 1.566353 3.818082 1.340221 1.644042 25.636133 -1.594933 0.030441
Car -1 -1 -10 426.000000 180.000000 456.000000 208.000000 1.490132 1.647962 3.583536 -9.257382 2.485325 41.157553 1.338141 0.018542
Car -1 -1 -10 436.000000 179.000000 468.000000 216.000000 1.443241 1.559499 3.565630 -6.325320 2.098720 26.876689 -1.754450 0.011391
Cyclist -1 -1 -10 441.000000 175.000000 467.000000 233.000000 1.677614 0.601551 0.768079 -4.874663 2.025493 23.036878 -1.742191 0.997010
Cyclist -1 -1 -10 466.000000 175.000000 493.000000 226.000000 1.693015 0.590831 0.741913 -4.476276 1.985113 25.094451 -1.706849 0.989728
Cyclist -1 -1 -10 427.000000 178.000000 464.000000 215.000000 1.617902 0.649153 0.563798 -5.581187 2.039406 24.750235 0.812385 0.086251
