Pedestrian -1 -1 -10 679.000000 174.000000 756.000000 236.000000 1.772373 0.757004 0.705002 2.976530 1.844069 19.465011 -1.506630 0.015245
Car -1 -1 -10 465.000000 170.000000 530.000000 217.000000 1.482642 1.568125 3.707199 -3.941543 1.421543 25.771507 1.824800 0.997848
Car -1 -1 -10 680.000000 175.000000 755.000000 236.000000 1.443073 1.535732 3.834025 3.233641 1.636888 20.708274 -1.542011 0.995485
Car -1 -1 -10 654.000000 172.000000 720.000000 222.000000 1.470231 1.611417 4.078418 2.903935 1.610396 23.186952 1.246352 0.993931
Car -1 -1 -10 772.000000 187.000000 1068.000000 367.000000 1.482854 1.586523 3.978852 3.459689 1.692197 7.855082 1.487992 0.993678
Car -1 -1 -10 717.000000 181.000000 872.000000 280.000000 1.455772 1.564216 3.913115 3.438627 1.697915 13.253459 -1.483607 0.992965
Car -1 -1 -10 225.000000 170.000000 454.000000 325.000000 1.474656 1.562105 3.732972 -3.386387 1.693220 8.772044 1.691465 0.991663
Car -1 -1 -10 636.000000 172.000000 686.000000 210.000000 1.409275 1.535688 3.724834 2.536359 1.444663 30.538920 -1.518052 0.892115
Car -1 -1 -10 1033.000000 221.000000 1245.000000 373.000000 1.518431 1.624517 3.689444 3.835707 1.788617 3.634217 1.638492 0.840975
Car -1 -1 -10 495.000000 170.000000 536.000000 207.000000 1.454137 1.614357 3.720552 -4.174213 1.362790 32.134950 -1.621189 0.357108
Car -1 -1 -10 0.000000 128.000000 361.000000 377.000000 1.551709 1.569598 3.756202 -2.884162 1.434740 4.216331 1.615941 0.335759
