Car -1 -1 -10 581.000000 179.000000 618.000000 214.000000 1.523535 1.631846 3.855676 -0.369162 1.373388 35.278888 -1.587529 0.999613
Car -1 -1 -10 427.000000 188.000000 520.000000 252.000000 1.536658 1.587224 3.709957 -3.359225 1.532236 17.726624 -1.603509 0.999533
Car -1 -1 -10 305.000000 185.000000 399.000000 240.000000 1.566440 1.610579 3.743388 -7.598609 1.605689 21.134421 -1.426072 0.998295
Car -1 -1 -10 -4.000000 192.000000 352.000000 375.000000 1.533376 1.638049 3.768663 -3.640581 1.502987 5.332703 -1.533752 0.991927
Car -1 -1 -10 396.000000 181.000000 444.000000 218.000000 1.522071 1.640005 3.924027 -8.022263 1.280861 30.752255 -1.818271 0.971252
Car -1 -1 -10 484.000000 185.000000 529.000000 215.000000 1.468559 1.563938 3.783538 -4.683815 1.395883 32.999923 1.604262 0.743992
Car -1 -1 -10 268.000000 186.000000 338.000000 221.000000 1.506465 1.621017 3.805342 -12.656450 1.475004 29.605110 -1.930021 0.698945
Car -1 -1 -10 331.000000 180.000000 382.000000 208.000000 1.471740 1.568385 3.822638 -15.131725 1.002503 43.107159 1.131179 0.469342
Car -1 -1 -10 57.000000 187.000000 209.000000 241.000000 1.467480 1.618222 4.004888 -16.523331 1.112644 24.251191 1.536602 0.144428
Car -1 -1 -10 5.000000 187.000000 246.000000 264.000000 1.454087 1.510210 3.718643 -14.460091 1.174936 21.112382 0.448624 0.041496
