Pedestrian -1 -1 -10 1070.000000 157.000000 1245.000000 367.000000 1.669795 0.583136 0.545645 2.697389 1.976791 2.874639 -0.917749 0.043612
Car -1 -1 -10 307.000000 188.000000 432.000000 260.000000 1.557356 1.601341 3.717701 -5.691341 2.119858 17.279675 1.676309 0.999699
Car -1 -1 -10 382.000000 186.000000 467.000000 237.000000 1.481064 1.555009 3.750993 -5.605149 2.019076 22.784913 1.669957 0.996482
Car -1 -1 -10 788.000000 154.000000 898.000000 193.000000 1.567277 1.671879 3.923047 9.837412 0.762391 30.957870 1.340887 0.982047
Car -1 -1 -10 1066.000000 172.000000 1234.000000 370.000000 1.495386 1.565124 3.610009 3.321007 1.671974 3.925781 2.212795 0.964442
Car -1 -1 -10 426.000000 184.000000 492.000000 227.000000 1.451258 1.528428 3.738788 -5.476551 2.001256 27.612600 1.546152 0.957640
Car -1 -1 -10 0.000000 206.000000 179.000000 373.000000 1.539331 1.613496 3.836032 -5.892983 1.996721 6.772011 1.587123 0.754258
Car -1 -1 -10 665.000000 173.000000 705.000000 202.000000 1.521135 1.541128 3.913933 4.319258 1.542563 32.962621 1.163040 0.706083
Car -1 -1 -10 464.000000 183.000000 513.000000 214.000000 1.486263 1.605392 3.751601 -5.590010 1.980722 33.336685 1.547447 0.693776
Car -1 -1 -10 1122.000000 132.000000 1240.000000 174.000000 1.567683 1.641529 4.063730 24.008854 -0.000802 30.134167 2.775114 0.581493
Car -1 -1 -10 739.000000 157.000000 850.000000 192.000000 1.469282 1.635218 4.081791 9.246214 0.972511 33.781985 1.288678 0.333195
Car -1 -1 -10 496.000000 179.000000 538.000000 207.000000 1.480071 1.617092 3.734871 -5.152089 2.431355 39.876148 -1.673528 0.298770
Car -1 -1 -10 1070.000000 138.000000 1187.000000 173.000000 1.508420 1.667813 4.054477 23.032646 0.070587 32.186780 1.723355 0.181258
Car -1 -1 -10 1029.000000 142.000000 1113.000000 172.000000 1.426216 1.638796 4.009886 23.121236 0.027894 35.931217 1.663458 0.153221
Cyclist -1 -1 -10 1053.000000 144.000000 1245.000000 378.000000 1.665421 0.577849 0.567191 2.681941 1.967912 2.868008 -0.931090 0.024246
