Pedestrian -1 -1 -10 722.000000 179.000000 736.000000 220.000000 1.591251 0.600718 0.591719 4.858223 2.054737 29.040193 -1.375281 0.913447
Pedestrian -1 -1 -10 708.000000 169.000000 717.000000 213.000000 1.769332 0.583993 0.613010 5.460637 1.705246 35.915498 -1.440900 0.294207
Pedestrian -1 -1 -10 707.000000 169.000000 726.000000 217.000000 1.769333 0.583993 0.613010 4.743172 2.078381 28.979308 -1.435467 0.173983
Pedestrian -1 -1 -10 715.000000 175.000000 731.000000 220.000000 1.622152 0.598038 0.617200 4.751614 2.157117 28.512669 -1.404684 0.051120
Pedestrian -1 -1 -10 705.000000 171.000000 713.000000 209.000000 1.525480 1.416756 3.599572 1.590318 2.833291 20.723642 1.690817 0.034545
Pedestrian -1 -1 -10 659.000000 179.000000 724.000000 229.000000 1.410815 1.623516 3.981809 2.569457 1.887917 23.615046 1.597484 0.020543
Pedestrian -1 -1 -10 644.000000 176.000000 676.000000 205.000000 1.642943 0.585238 0.585394 3.219155 2.388934 42.257439 -1.496596 0.013539
Car -1 -1 -10 714.000000 189.000000 872.000000 297.000000 1.451823 1.576547 3.882676 2.938659 1.699875 11.209836 -1.460251 0.999726
Car -1 -1 -10 518.000000 179.000000 572.000000 220.000000 1.470339 1.605943 3.784837 -2.500574 1.804957 28.264123 1.590175 0.999144
Car -1 -1 -10 660.000000 180.000000 724.000000 228.000000 1.442983 1.568211 3.831811 2.859650 1.773133 24.320529 1.546284 0.998489
Car -1 -1 -10 559.000000 180.000000 586.000000 205.000000 1.494475 1.589886 3.830042 -2.300146 1.889309 43.968723 -1.609543 0.990506
Car -1 -1 -10 8.000000 215.000000 313.000000 373.000000 1.457085 1.622377 3.769739 -2.818499 1.509174 3.180976 1.588637 0.926007
Car -1 -1 -10 645.000000 177.000000 677.000000 205.000000 1.522880 1.602058 3.862690 2.739632 1.826954 43.705846 -1.512655 0.881821
Car -1 -1 -10 638.000000 175.000000 665.000000 201.000000 1.479806 1.505936 3.627601 2.920296 1.842308 43.947456 -1.543304 0.139308
Car -1 -1 -10 173.000000 229.000000 326.000000 376.000000 1.507069 1.615628 3.757604 -2.610749 1.615065 3.678590 -1.975150 0.011891
Cyclist -1 -1 -10 722.000000 179.000000 738.000000 222.000000 1.606742 0.594989 0.627020 4.817335 2.102566 28.736369 -1.379348 0.040640
