Pedestrian -1 -1 -10 0.000000 199.000000 154.000000 377.000000 1.662822 0.581691 0.724775 -2.993004 1.806739 3.694901 -2.166401 0.234133
Car -1 -1 -10 661.000000 180.000000 758.000000 250.000000 1.457174 1.571277 3.879863 2.608966 1.628026 17.237795 1.309371 0.999369
Car -1 -1 -10 638.000000 174.000000 680.000000 211.000000 1.478280 1.615022 3.927944 2.103940 1.555809 32.453580 -1.536313 0.992542
Car -1 -1 -10 12.000000 192.000000 378.000000 289.000000 1.401781 1.608019 4.122603 -6.283421 1.727749 10.950935 0.408203 0.978555
Car -1 -1 -10 183.000000 186.000000 410.000000 266.000000 1.560897 1.576678 3.902355 -6.027840 1.779638 15.104854 -1.532569 0.972948
Car -1 -1 -10 375.000000 181.000000 494.000000 220.000000 1.510581 1.625141 3.948229 -6.920349 1.585272 29.952767 -1.833809 0.919277
Car -1 -1 -10 451.000000 178.000000 522.000000 205.000000 1.465238 1.632869 3.763796 -6.646200 1.973522 41.591870 2.018065 0.497050
Car -1 -1 -10 274.000000 185.000000 430.000000 240.000000 1.515136 1.635574 4.037017 -6.926321 1.701307 20.047804 0.678640 0.317647
Car -1 -1 -10 7.000000 203.000000 201.000000 347.000000 1.448558 1.546230 3.513184 -3.486996 1.467375 4.559663 -2.163614 0.317499
Car -1 -1 -10 1176.000000 123.000000 1243.000000 368.000000 1.524404 1.607385 3.550966 4.651205 1.605976 4.892682 -0.829149 0.284882
Car -1 -1 -10 429.000000 179.000000 504.000000 214.000000 1.563106 1.619943 3.976776 -6.947123 1.691529 36.344219 -1.785128 0.218719
Car -1 -1 -10 1.000000 199.000000 178.000000 274.000000 1.590277 1.666390 3.447405 -6.287387 2.057783 7.570572 1.390525 0.020306
Car -1 -1 -10 202.000000 193.000000 359.000000 244.000000 1.572253 1.593429 3.335647 -4.550975 1.973852 7.226770 1.203824 0.010398
Cyclist -1 -1 -10 -3.000000 195.000000 181.000000 377.000000 1.655647 0.570784 0.718310 -3.025591 1.762251 3.679856 -2.154030 0.860389
Cyclist -1 -1 -10 8.000000 197.000000 323.000000 329.000000 1.676250 0.638460 0.681366 -3.570667 1.904838 4.603786 -2.094719 0.046227
