Pedestrian -1 -1 -10 836.000000 140.000000 895.000000 330.000000 1.688006 0.603047 0.734418 2.513696 1.475796 6.566485 -1.177475 0.998271
Pedestrian -1 -1 -10 758.000000 144.000000 802.000000 254.000000 1.712059 0.594703 0.746598 2.687567 1.251533 10.741215 -1.284301 0.998074
Pedestrian -1 -1 -10 478.000000 151.000000 497.000000 208.000000 1.759643 0.583782 0.608568 -4.091074 1.530504 27.751217 -1.746025 0.954983
Pedestrian -1 -1 -10 648.000000 141.000000 671.000000 203.000000 1.617933 0.597822 0.669430 1.713660 0.619560 25.504134 -1.477058 0.851866
Pedestrian -1 -1 -10 491.000000 139.000000 505.000000 187.000000 1.802872 0.622915 0.608559 -5.115152 0.801005 35.536280 -1.718987 0.391630
Pedestrian -1 -1 -10 495.000000 143.000000 515.000000 203.000000 1.505503 1.569934 3.743746 -2.961931 1.896373 14.459304 1.462615 0.290814
Pedestrian -1 -1 -10 250.000000 133.000000 285.000000 259.000000 1.615882 0.620083 0.628651 -5.314107 1.127985 11.427320 0.582693 0.255897
Pedestrian -1 -1 -10 259.000000 136.000000 316.000000 262.000000 1.642843 0.634051 0.658054 -5.023505 1.175950 11.130055 0.612366 0.150525
Pedestrian -1 -1 -10 447.000000 143.000000 465.000000 192.000000 1.599774 0.614604 0.625487 -5.499745 0.285858 26.286515 -1.748050 0.134805
Pedestrian -1 -1 -10 280.000000 144.000000 318.000000 226.000000 1.644430 0.592805 0.581136 -7.503781 0.526731 17.222964 -1.976575 0.067519
Pedestrian -1 -1 -10 420.000000 142.000000 447.000000 202.000000 1.712842 0.602226 0.651673 -6.635379 0.527610 27.929421 1.821302 0.023225
Pedestrian -1 -1 -10 408.000000 139.000000 431.000000 198.000000 1.626076 0.604442 0.647685 -6.793973 0.470769 26.041136 -1.815504 0.020438
Pedestrian -1 -1 -10 643.000000 146.000000 659.000000 193.000000 1.558873 0.602118 0.583226 1.792869 0.421123 26.019977 -1.472170 0.017197
Cyclist -1 -1 -10 495.000000 143.000000 516.000000 206.000000 1.538327 1.573448 3.718008 -2.224778 1.261717 10.561605 1.440273 0.966364
Cyclist -1 -1 -10 411.000000 144.000000 452.000000 211.000000 1.649175 0.625698 0.647185 -5.127072 0.363974 21.017685 -1.809000 0.729823
Cyclist -1 -1 -10 268.000000 140.000000 336.000000 242.000000 1.642532 0.601737 0.658785 -5.639423 0.941204 12.491485 -1.928124 0.628534
Cyclist -1 -1 -10 376.000000 145.000000 465.000000 215.000000 1.667006 0.670077 0.613836 -4.920849 0.678963 19.428772 0.767119 0.447144
Cyclist -1 -1 -10 288.000000 144.000000 374.000000 217.000000 1.629486 0.575762 0.572060 -6.828128 1.048070 19.268717 -1.948283 0.249205
Cyclist -1 -1 -10 648.000000 141.000000 671.000000 203.000000 1.665917 0.597238 0.687765 1.673418 0.588591 25.589679 -1.476214 0.238543
Cyclist -1 -1 -10 478.000000 145.000000 499.000000 204.000000 1.517490 1.587313 3.739087 -3.227778 1.898656 13.712631 1.420911 0.215332
Cyclist -1 -1 -10 395.000000 143.000000 436.000000 201.000000 1.639816 0.596889 0.669625 -6.834662 0.465441 26.055193 -1.821923 0.214539
Cyclist -1 -1 -10 323.000000 147.000000 368.000000 198.000000 1.703529 0.580334 1.803339 -10.808751 0.601858 30.343269 -1.393218 0.196405
Cyclist -1 -1 -10 432.000000 143.000000 453.000000 200.000000 1.643224 0.636777 0.623027 -5.894551 0.587727 27.276644 -1.762629 0.157465
Cyclist -1 -1 -10 357.000000 147.000000 431.000000 200.000000 1.646951 0.593181 0.570110 -6.545334 0.179612 22.580393 -1.873381 0.131151
Cyclist -1 -1 -10 445.000000 143.000000 466.000000 196.000000 1.668207 0.645774 0.651079 -5.534611 0.436084 26.708163 -1.757003 0.115905
Cyclist -1 -1 -10 252.000000 136.000000 295.000000 258.000000 1.619151 0.604155 0.670558 -5.143307 1.013310 11.746536 -1.974015 0.103167
Cyclist -1 -1 -10 342.000000 145.000000 388.000000 196.000000 1.680306 0.621181 0.714985 -11.066880 0.572774 30.466850 -1.871659 0.095598
Cyclist -1 -1 -10 371.000000 143.000000 409.000000 195.000000 1.706210 0.581794 0.636507 -7.323505 0.118793 23.768286 -1.880063 0.093953
Cyclist -1 -1 -10 490.000000 140.000000 506.000000 193.000000 1.664865 0.593089 0.532447 -4.729154 1.317340 31.135912 -1.710658 0.060095
