Pedestrian -1 -1 -10 425.000000 178.000000 442.000000 222.000000 1.618164 0.598857 0.508435 -6.274276 1.715172 26.046183 -1.773270 0.076855
Car -1 -1 -10 737.000000 175.000000 959.000000 316.000000 1.481151 1.576290 3.932749 3.068344 1.490752 8.866348 1.455471 0.999688
Car -1 -1 -10 347.000000 188.000000 463.000000 264.000000 1.535176 1.594678 3.729298 -4.504896 2.006011 15.964860 1.705080 0.999519
Car -1 -1 -10 700.000000 173.000000 821.000000 255.000000 1.468210 1.554498 3.887481 3.426284 1.613245 15.312805 -1.500026 0.998053
Car -1 -1 -10 418.000000 176.000000 500.000000 241.000000 1.519062 1.569407 3.688558 -4.390320 1.850084 21.401424 1.700773 0.993889
Car -1 -1 -10 675.000000 174.000000 738.000000 224.000000 1.483042 1.524833 3.806798 3.600405 1.501148 23.808122 -1.563665 0.981963
Car -1 -1 -10 466.000000 176.000000 527.000000 226.000000 1.525931 1.622446 3.741608 -4.100691 1.941588 26.772875 1.807196 0.959559
Car -1 -1 -10 0.000000 194.000000 178.000000 302.000000 1.519773 1.607819 3.865066 -9.195838 1.870489 12.205110 1.426513 0.947814
Car -1 -1 -10 1126.000000 212.000000 1240.000000 370.000000 1.469249 1.650400 3.405913 3.616465 1.697859 5.853814 2.330091 0.208411
Car -1 -1 -10 665.000000 173.000000 715.000000 214.000000 1.413817 1.643820 3.745174 3.629164 1.542738 29.665556 -1.449512 0.113193
