Car -1 -1 -10 660.000000 176.000000 722.000000 223.000000 1.437183 1.584722 3.766478 2.861007 1.613071 24.175913 -1.522776 0.998931
Car -1 -1 -10 -1.000000 172.000000 299.000000 313.000000 1.563426 1.631639 3.949049 -5.932149 1.551993 9.080584 0.397942 0.985816
Car -1 -1 -10 229.000000 172.000000 448.000000 248.000000 1.497801 1.549730 3.941530 -6.195346 1.480279 17.399195 0.572275 0.985751
Car -1 -1 -10 385.000000 172.000000 509.000000 216.000000 1.612046 1.692787 4.118495 -5.651710 1.493546 27.893159 -2.989406 0.808351
Car -1 -1 -10 730.000000 177.000000 853.000000 249.000000 1.480104 1.542600 3.590762 3.770215 1.747538 16.599729 -1.308050 0.798439
Car -1 -1 -10 458.000000 169.000000 545.000000 201.000000 1.454261 1.574893 3.797567 -5.145753 1.325216 39.089204 1.469422 0.560040
Car -1 -1 -10 91.000000 182.000000 357.000000 261.000000 1.508952 1.690367 4.165800 -7.870822 1.302355 14.613278 1.711332 0.319013
Car -1 -1 -10 662.000000 170.000000 700.000000 205.000000 1.494436 1.652992 3.575913 5.254758 1.210895 43.557620 -1.465660 0.128526
Car -1 -1 -10 349.000000 170.000000 460.000000 225.000000 1.550389 1.534266 3.849881 -6.624679 1.449950 22.968359 1.819527 0.102394
Car -1 -1 -10 724.000000 173.000000 807.000000 220.000000 1.506124 1.627078 3.828167 5.842577 1.459457 30.264807 -1.368139 0.077085
Car -1 -1 -10 443.000000 175.000000 511.000000 206.000000 1.512030 1.586208 3.794445 -5.174956 0.999049 28.616117 1.427796 0.071313
Car -1 -1 -10 793.000000 131.000000 1254.000000 372.000000 1.438976 1.624433 3.479020 1.533184 0.880304 3.396327 2.127270 0.039837
