Pedestrian -1 -1 -10 872.000000 148.000000 980.000000 370.000000 1.706568 0.608464 0.766390 2.646611 1.650942 5.849867 -1.105117 0.997396
Pedestrian -1 -1 -10 615.000000 165.000000 643.000000 241.000000 1.665508 0.601559 0.683998 0.667854 1.503457 17.515341 0.574706 0.992153
Pedestrian -1 -1 -10 568.000000 166.000000 602.000000 253.000000 1.707761 0.611149 0.772627 -0.281202 1.648298 14.641089 -1.551449 0.990118
Pedestrian -1 -1 -10 850.000000 180.000000 881.000000 258.000000 1.696613 0.612690 0.588664 5.410190 1.719055 14.687776 2.407999 0.360228
Pedestrian -1 -1 -10 992.000000 187.000000 1034.000000 279.000000 1.684265 0.590031 0.537182 7.352650 1.614163 12.417739 -1.013320 0.243674
Pedestrian -1 -1 -10 755.000000 165.000000 767.000000 208.000000 1.644067 0.588839 0.631165 6.440579 1.023578 29.077492 -1.313514 0.103387
Pedestrian -1 -1 -10 1168.000000 113.000000 1235.000000 371.000000 1.683312 0.596411 0.721482 3.592839 1.508351 3.998075 -0.835177 0.082683
Pedestrian -1 -1 -10 875.000000 170.000000 926.000000 272.000000 1.643556 0.595942 0.574224 4.507362 1.753402 11.363303 -1.177579 0.045502
Pedestrian -1 -1 -10 888.000000 178.000000 911.000000 265.000000 1.717571 0.588946 0.605701 6.529961 1.180563 15.498423 -1.185770 0.036512
Pedestrian -1 -1 -10 937.000000 178.000000 976.000000 289.000000 1.634733 0.595481 0.586428 4.847612 1.600011 9.965047 -1.105086 0.025557
Pedestrian -1 -1 -10 896.000000 175.000000 917.000000 247.000000 1.789603 0.598517 0.638772 0.945831 1.195144 3.045138 -1.195675 0.024310
Pedestrian -1 -1 -10 894.000000 157.000000 935.000000 254.000000 1.611647 0.592448 0.559543 6.590937 1.006704 13.850230 -1.154357 0.017584
Pedestrian -1 -1 -10 858.000000 176.000000 905.000000 265.000000 1.624580 0.612193 0.591054 4.842331 1.642200 12.999239 -1.191458 0.014508
Pedestrian -1 -1 -10 909.000000 166.000000 952.000000 253.000000 1.621910 0.594718 0.545380 6.596094 1.085009 13.659749 -1.142995 0.011972
Car -1 -1 -10 392.000000 155.000000 558.000000 271.000000 1.656221 1.639201 3.843588 -2.423246 1.398726 13.933303 1.841902 0.952679
Car -1 -1 -10 496.000000 163.000000 585.000000 234.000000 1.486873 1.591901 3.700903 -1.427339 1.371529 20.010822 -1.550989 0.084221
Car -1 -1 -10 567.000000 166.000000 604.000000 251.000000 1.554144 1.570220 3.665941 -0.365003 1.471140 15.846802 -1.567954 0.020396
Cyclist -1 -1 -10 1168.000000 113.000000 1235.000000 371.000000 1.676369 0.583501 0.740046 3.605959 1.462074 4.024213 -0.838745 0.024515
Cyclist -1 -1 -10 846.000000 181.000000 886.000000 257.000000 1.630405 0.607409 0.624550 4.975403 1.579659 13.323316 -1.206276 0.017838
Cyclist -1 -1 -10 858.000000 176.000000 905.000000 265.000000 1.616890 0.598706 0.608056 4.932116 1.550882 12.915367 -1.188303 0.010373
