Pedestrian -1 -1 -10 162.000000 173.000000 252.000000 368.000000 1.684033 0.603543 0.745453 -3.198549 1.752582 5.951387 -2.030670 0.998781
Pedestrian -1 -1 -10 856.000000 148.000000 936.000000 323.000000 1.658297 0.610252 0.731151 2.589265 1.560194 6.129260 -1.145998 0.988690
Pedestrian -1 -1 -10 904.000000 150.000000 935.000000 228.000000 1.704819 0.608713 0.651047 7.397889 1.070050 15.653471 1.440827 0.412210
Pedestrian -1 -1 -10 482.000000 168.000000 505.000000 216.000000 1.635913 0.628102 0.661335 -4.090542 1.378179 27.811460 -1.677386 0.176846
Pedestrian -1 -1 -10 471.000000 163.000000 488.000000 215.000000 1.619074 0.574037 0.629489 -4.717958 1.330036 26.961408 -1.692927 0.055247
Pedestrian -1 -1 -10 898.000000 156.000000 924.000000 218.000000 1.634225 0.596235 0.533843 7.728110 0.736057 17.284604 -1.151056 0.049922
Pedestrian -1 -1 -10 886.000000 154.000000 929.000000 248.000000 1.697540 0.593992 0.606660 7.049061 1.005385 16.169068 -1.168744 0.043923
Pedestrian -1 -1 -10 888.000000 169.000000 933.000000 211.000000 1.729962 0.590709 0.574546 9.988329 0.895472 24.223253 -1.175429 0.018099
Pedestrian -1 -1 -10 547.000000 177.000000 566.000000 216.000000 1.594482 0.617684 0.614055 -1.818161 1.553244 27.857080 -1.609351 0.013718
Pedestrian -1 -1 -10 536.000000 179.000000 555.000000 216.000000 1.612775 0.614886 0.596356 -2.215911 1.544921 27.774901 -1.628484 0.013285
Car -1 -1 -10 678.000000 161.000000 747.000000 221.000000 1.538773 1.549778 3.758273 3.740088 1.010579 23.669075 -1.513836 0.979510
Cyclist -1 -1 -10 678.000000 163.000000 749.000000 222.000000 1.665681 0.644700 0.615521 3.243827 1.266628 21.048165 1.185085 0.115292
Cyclist -1 -1 -10 709.000000 179.000000 754.000000 232.000000 1.701577 0.619083 0.548827 3.214041 1.568543 18.855081 -1.376547 0.047404
Cyclist -1 -1 -10 482.000000 169.000000 507.000000 216.000000 1.608775 0.640846 0.659983 -4.074366 1.304213 27.762596 -1.694489 0.045822
Cyclist -1 -1 -10 896.000000 152.000000 932.000000 227.000000 1.685899 0.473485 1.638640 7.688773 0.596476 16.962695 1.958410 0.021959
Cyclist -1 -1 -10 858.000000 147.000000 934.000000 321.000000 1.665685 0.603132 0.746193 2.621273 1.508074 6.150046 -1.153957 0.011418
Cyclist -1 -1 -10 885.000000 171.000000 930.000000 211.000000 1.738654 0.578891 0.637977 10.275723 0.854272 25.122060 -1.183112 0.010711
