Car -1 -1 -10 575.000000 177.000000 610.000000 209.000000 1.532854 1.631393 3.915260 -0.770125 1.145901 37.886678 -1.595712 0.999482
Car -1 -1 -10 305.000000 186.000000 446.000000 275.000000 1.555298 1.614869 3.745500 -4.574328 1.623186 14.265720 -1.327712 0.999084
Car -1 -1 -10 281.000000 176.000000 370.000000 236.000000 1.532605 1.680354 3.862517 -8.773555 1.293417 22.137922 -1.891932 0.995603
Car -1 -1 -10 479.000000 182.000000 523.000000 213.000000 1.506842 1.616713 3.687456 -4.966693 1.278265 33.110832 -1.600462 0.995483
Car -1 -1 -10 424.000000 182.000000 495.000000 229.000000 1.508206 1.581159 3.729404 -4.929030 1.410710 23.490915 -1.599246 0.988197
Car -1 -1 -10 0.000000 198.000000 209.000000 296.000000 1.545788 1.649237 3.826225 -8.493843 1.684177 11.875639 -1.589248 0.963499
Car -1 -1 -10 2.000000 249.000000 138.000000 375.000000 1.497164 1.640837 3.389148 -6.199325 2.314288 6.597932 1.018900 0.727063
Car -1 -1 -10 56.000000 163.000000 219.000000 246.000000 1.675176 1.636699 3.898433 -12.535220 1.245886 19.273647 -1.576831 0.098615
Car -1 -1 -10 888.000000 210.000000 1228.000000 370.000000 1.467734 1.540445 3.851391 3.180752 1.672087 5.106174 1.599028 0.014722
Car -1 -1 -10 518.000000 167.000000 551.000000 201.000000 1.653552 1.605881 3.898798 -5.101840 0.691783 49.345148 -1.573192 0.013185
