Car -1 -1 -10 450.000000 179.000000 512.000000 223.000000 1.511068 1.590296 3.736384 -4.662799 1.737313 26.859300 1.579596 0.999420
Car -1 -1 -10 760.000000 182.000000 968.000000 304.000000 1.477312 1.608846 4.112125 3.762000 1.607607 9.811532 1.460686 0.997370
Car -1 -1 -10 145.000000 193.000000 383.000000 318.000000 1.504045 1.569359 3.719215 -4.971953 1.919973 10.140044 1.613296 0.997217
Car -1 -1 -10 698.000000 177.000000 775.000000 232.000000 1.453635 1.568111 3.873954 4.061957 1.667899 21.566476 -1.562860 0.996719
Car -1 -1 -10 726.000000 179.000000 841.000000 255.000000 1.438374 1.556074 3.822998 4.058097 1.663210 16.036582 -1.459103 0.991154
Car -1 -1 -10 484.000000 178.000000 534.000000 214.000000 1.478537 1.576916 3.742331 -4.429788 1.716957 31.147907 1.582398 0.985343
Car -1 -1 -10 847.000000 191.000000 1250.000000 377.000000 1.456801 1.597483 3.991945 3.796657 1.470577 5.388747 1.579768 0.973441
Car -1 -1 -10 3.000000 196.000000 227.000000 375.000000 1.482819 1.618453 3.694414 -4.841128 1.899225 6.168593 1.565290 0.937605
Car -1 -1 -10 694.000000 177.000000 745.000000 219.000000 1.442527 1.539131 3.766394 4.593852 1.670590 27.330978 -1.532306 0.493656
Car -1 -1 -10 999.000000 176.000000 1096.000000 216.000000 1.541825 1.575110 3.751147 12.659835 1.064285 21.212079 2.170117 0.359867
Car -1 -1 -10 1085.000000 172.000000 1240.000000 250.000000 1.495612 1.592839 3.949626 13.888775 1.185789 17.919886 1.676450 0.247555
