Pedestrian -1 -1 -10 799.000000 165.000000 809.000000 210.000000 1.769333 0.583993 0.613010 8.349027 1.565944 31.046547 -1.319237 0.011440
Car -1 -1 -10 664.000000 176.000000 734.000000 226.000000 1.447736 1.579280 3.758534 2.787213 1.566072 22.249828 -1.538678 0.999601
Car -1 -1 -10 153.000000 175.000000 425.000000 262.000000 1.538340 1.639192 4.095304 -6.046608 1.523149 14.975691 0.521688 0.987448
Car -1 -1 -10 -1.000000 180.000000 289.000000 305.000000 1.494116 1.633746 3.949939 -5.746020 1.423580 9.069181 0.501147 0.983176
Car -1 -1 -10 729.000000 170.000000 823.000000 217.000000 1.536401 1.656938 3.881718 6.200983 1.452455 27.896671 -1.362428 0.895605
Car -1 -1 -10 346.000000 172.000000 505.000000 221.000000 1.462961 1.629035 4.198397 -5.849340 1.320602 25.346690 -3.005702 0.846631
Car -1 -1 -10 443.000000 169.000000 539.000000 202.000000 1.457904 1.603679 3.789107 -5.546897 1.337185 35.881520 -2.349247 0.689726
Car -1 -1 -10 751.000000 176.000000 886.000000 251.000000 1.405461 1.552034 3.639445 4.763615 2.025932 20.596202 -1.270934 0.283298
Car -1 -1 -10 315.000000 170.000000 438.000000 227.000000 1.464155 1.538045 3.756672 -6.806556 1.176401 22.039295 1.751984 0.163608
Car -1 -1 -10 785.000000 84.000000 1240.000000 368.000000 1.493622 1.574071 3.675549 2.907347 1.307875 2.866696 1.496891 0.101569
Car -1 -1 -10 435.000000 176.000000 506.000000 207.000000 1.490091 1.643178 3.579655 -4.859250 1.290910 34.150234 1.378583 0.075296
Car -1 -1 -10 254.000000 174.000000 400.000000 233.000000 1.465469 1.546042 3.873267 -7.148530 0.979331 18.159622 1.673935 0.065742
Car -1 -1 -10 689.000000 169.000000 744.000000 207.000000 1.386569 1.621254 3.836452 6.129567 1.376843 38.570719 1.199535 0.064764
Car -1 -1 -10 491.000000 168.000000 552.000000 193.000000 1.482213 1.555951 3.718725 -5.113545 1.348906 42.414281 -1.667205 0.051388
Car -1 -1 -10 777.000000 173.000000 835.000000 251.000000 1.472310 1.629593 3.648675 3.473427 1.579178 14.701404 -1.297321 0.047711
