Car -1 -1 -10 163.000000 188.000000 429.000000 345.000000 1.543704 1.648680 3.779727 -3.757643 1.554967 8.519610 -1.449651 0.999786
Car -1 -1 -10 582.000000 178.000000 622.000000 214.000000 1.530565 1.653892 3.900861 -0.304489 1.256952 34.265211 -1.586529 0.999738
Car -1 -1 -10 457.000000 185.000000 530.000000 238.000000 1.513659 1.588824 3.700497 -3.310842 1.431313 20.816387 -1.577006 0.999502
Car -1 -1 -10 127.000000 186.000000 309.000000 275.000000 1.436983 1.610620 3.795982 -8.000213 1.530728 14.545655 -2.092100 0.994022
Car -1 -1 -10 355.000000 184.000000 426.000000 228.000000 1.535329 1.577388 3.745632 -7.432248 1.450434 24.006687 1.693464 0.946849
Car -1 -1 -10 5.000000 183.000000 203.000000 254.000000 1.556507 1.685999 3.855862 -11.679742 1.484793 16.133750 1.498959 0.914927
Car -1 -1 -10 505.000000 183.000000 536.000000 211.000000 1.466364 1.551870 3.639061 -4.593945 1.497473 35.746568 -1.657526 0.694411
Car -1 -1 -10 418.000000 180.000000 470.000000 213.000000 1.499065 1.603609 3.911667 -7.785108 1.324635 34.137298 1.415901 0.587104
Car -1 -1 -10 0.000000 197.000000 92.000000 323.000000 1.486401 1.635049 3.752768 -7.824912 1.718477 8.526425 -2.899769 0.253514
Car -1 -1 -10 314.000000 183.000000 371.000000 215.000000 1.519848 1.636667 3.890737 -12.713800 1.255315 33.516759 -1.916811 0.243140
