Pedestrian -1 -1 -10 244.000000 181.000000 290.000000 293.000000 1.677125 0.569240 0.703184 -7.240189 1.794971 14.468526 -1.967381 0.968212
Pedestrian -1 -1 -10 200.000000 192.000000 234.000000 292.000000 1.829800 0.683062 0.896875 -5.336008 2.324336 7.854657 1.107940 0.958597
Pedestrian -1 -1 -10 566.000000 177.000000 574.000000 203.000000 1.611033 0.600361 0.666091 -2.876489 2.246311 53.832629 -1.597388 0.270741
Pedestrian -1 -1 -10 0.000000 215.000000 77.000000 370.000000 1.836279 0.620285 0.697168 -5.001655 2.219039 5.024780 0.986417 0.087203
Pedestrian -1 -1 -10 206.000000 197.000000 278.000000 287.000000 1.739163 0.586591 0.608638 -7.055615 1.741177 14.278678 -2.053165 0.014961
Car -1 -1 -10 717.000000 182.000000 861.000000 290.000000 1.459231 1.545978 3.804509 3.019188 1.643897 11.628110 -1.424594 0.999738
Car -1 -1 -10 658.000000 177.000000 710.000000 219.000000 1.497143 1.563338 3.808932 2.957222 1.685901 27.316338 -1.548078 0.999182
Car -1 -1 -10 348.000000 182.000000 474.000000 267.000000 1.621050 1.633970 3.789634 -4.470777 1.921729 16.555963 -1.346322 0.998973
Car -1 -1 -10 468.000000 184.000000 521.000000 224.000000 1.540891 1.598522 3.769955 -4.961443 2.092081 30.756922 1.555641 0.998799
Car -1 -1 -10 19.000000 213.000000 343.000000 374.000000 1.513199 1.606595 3.843983 -4.457895 1.948241 7.495505 -2.049667 0.997650
Car -1 -1 -10 -1.000000 199.000000 94.000000 368.000000 1.534482 1.623729 3.628660 -4.800515 2.147029 6.886140 -2.202931 0.015308
Cyclist -1 -1 -10 183.000000 205.000000 242.000000 281.000000 1.588432 1.567201 3.285064 -6.202958 2.464072 8.908408 1.145301 0.029019
Cyclist -1 -1 -10 0.000000 179.000000 76.000000 368.000000 1.619246 0.588772 0.620863 -4.537152 2.352974 6.152833 -2.231715 0.019146
Cyclist -1 -1 -10 160.000000 199.000000 296.000000 292.000000 1.543836 1.552089 3.354335 -5.464202 2.310739 7.856553 1.146965 0.018792
Cyclist -1 -1 -10 236.000000 185.000000 293.000000 289.000000 1.678588 0.543700 0.680107 -7.375830 1.796425 14.280888 1.614226 0.017666
Cyclist -1 -1 -10 577.000000 174.000000 588.000000 202.000000 1.671465 0.592533 0.691846 -2.077746 2.209927 54.324694 -1.579049 0.015849
