Car -1 -1 -10 374.000000 190.000000 467.000000 242.000000 1.529302 1.583874 3.730997 -5.831814 2.202263 22.622130 1.724162 0.998476
Car -1 -1 -10 237.000000 196.000000 394.000000 280.000000 1.530312 1.600967 3.759105 -6.040563 2.068974 15.182945 1.603616 0.998344
Car -1 -1 -10 705.000000 176.000000 804.000000 245.000000 1.425922 1.557293 3.859555 3.561114 1.618471 16.961662 -1.510757 0.998220
Car -1 -1 -10 -4.000000 205.000000 273.000000 362.000000 1.489158 1.621140 3.669810 -6.108348 2.073506 9.055324 1.499779 0.996345
Car -1 -1 -10 682.000000 176.000000 757.000000 229.000000 1.452733 1.534065 3.825349 3.563128 1.605058 22.129815 -1.556720 0.986979
Car -1 -1 -10 1011.000000 134.000000 1239.000000 238.000000 1.565909 1.641566 4.029755 8.846926 1.005836 12.176347 1.744097 0.979024
Car -1 -1 -10 660.000000 178.000000 717.000000 213.000000 1.427602 1.528671 3.776090 3.577701 1.821607 33.167729 -1.524229 0.959524
Car -1 -1 -10 917.000000 151.000000 1110.000000 222.000000 1.464365 1.609828 3.835984 8.899158 0.977519 17.068853 1.579076 0.921574
Car -1 -1 -10 430.000000 187.000000 494.000000 228.000000 1.499863 1.600668 3.770673 -6.027409 2.221796 28.782375 1.817996 0.920688
Car -1 -1 -10 844.000000 154.000000 1027.000000 218.000000 1.453756 1.574437 3.822355 8.888006 1.030725 18.708938 1.485530 0.872591
Car -1 -1 -10 481.000000 184.000000 525.000000 214.000000 1.472596 1.545019 3.740976 -6.329863 2.224273 36.900166 1.954055 0.673895
Car -1 -1 -10 652.000000 179.000000 694.000000 206.000000 1.393592 1.534636 3.650344 3.324144 1.696215 34.357251 -1.531954 0.480489
