Pedestrian -1 -1 -10 474.000000 157.000000 517.000000 291.000000 1.719239 0.601887 0.763417 -1.469571 1.559301 9.728629 -1.672192 0.998679
Pedestrian -1 -1 -10 610.000000 159.000000 640.000000 235.000000 1.682254 0.596319 0.736503 0.623356 1.398116 16.286597 -1.489614 0.998221
Pedestrian -1 -1 -10 430.000000 167.000000 479.000000 296.000000 1.658194 0.611375 0.705582 -1.831976 1.653461 9.565669 -1.734058 0.994926
Pedestrian -1 -1 -10 1114.000000 94.000000 1237.000000 367.000000 1.608714 0.618504 0.616738 3.925318 1.463741 4.543787 1.726292 0.991106
Pedestrian -1 -1 -10 660.000000 162.000000 690.000000 233.000000 1.642435 0.605977 0.658005 1.867779 1.313893 16.553189 0.644558 0.937966
Pedestrian -1 -1 -10 126.000000 229.000000 248.000000 372.000000 1.872328 0.608643 0.718516 -2.003571 1.456710 2.697571 -2.106063 0.760729
Pedestrian -1 -1 -10 692.000000 165.000000 714.000000 224.000000 1.686473 0.576916 0.681684 2.606883 1.256322 19.055325 0.694564 0.729654
Pedestrian -1 -1 -10 0.000000 230.000000 98.000000 367.000000 1.820390 0.606980 0.674000 -3.277763 1.484445 3.360596 0.979407 0.245497
Pedestrian -1 -1 -10 419.000000 165.000000 442.000000 230.000000 1.690010 0.699988 0.724071 -3.073064 1.656364 9.520032 -1.867617 0.223992
Pedestrian -1 -1 -10 673.000000 160.000000 694.000000 222.000000 1.509317 1.572686 3.743417 0.803178 1.687384 14.238088 1.725433 0.121588
Pedestrian -1 -1 -10 255.000000 218.000000 353.000000 363.000000 1.839520 0.607054 0.691995 -1.957334 1.402696 3.539514 1.235290 0.096330
Pedestrian -1 -1 -10 417.000000 165.000000 459.000000 260.000000 1.747249 0.583276 0.604102 -2.711693 1.762132 12.243461 -1.804821 0.088080
Pedestrian -1 -1 -10 3.000000 225.000000 211.000000 371.000000 1.824227 0.609385 0.675533 -3.295646 1.548120 3.756363 1.029696 0.082001
Pedestrian -1 -1 -10 369.000000 192.000000 406.000000 276.000000 1.610432 0.604609 0.545077 -3.588011 1.787590 11.733324 -1.824711 0.073176
Pedestrian -1 -1 -10 1077.000000 138.000000 1106.000000 228.000000 1.793706 0.661509 0.852319 2.532789 1.142657 4.168675 -0.993692 0.067338
Pedestrian -1 -1 -10 686.000000 161.000000 707.000000 215.000000 1.680363 0.590736 0.668394 3.121816 1.135056 25.211902 -1.393425 0.049657
Car -1 -1 -10 561.000000 168.000000 593.000000 195.000000 1.487024 1.588692 3.735533 -1.882009 1.098952 44.066876 -2.177944 0.997766
Cyclist -1 -1 -10 119.000000 227.000000 250.000000 374.000000 1.872483 0.583662 0.737767 -1.855042 1.282781 2.511352 1.097377 0.376163
Cyclist -1 -1 -10 717.000000 157.000000 754.000000 220.000000 1.734673 0.528768 1.649052 3.836776 1.035284 21.129601 -1.357685 0.268424
Cyclist -1 -1 -10 1.000000 221.000000 166.000000 374.000000 1.835605 0.594742 0.687724 -3.792406 1.733119 4.088177 1.015917 0.164856
Cyclist -1 -1 -10 924.000000 186.000000 1128.000000 369.000000 1.745146 0.500762 1.706971 2.308041 1.888657 3.960091 -1.006815 0.100338
Cyclist -1 -1 -10 1038.000000 113.000000 1224.000000 360.000000 1.732582 0.554908 1.728494 3.382593 1.470245 4.667319 2.254618 0.062356
