Car -1 -1 -10 560.000000 179.000000 622.000000 235.000000 1.491567 1.649253 3.813165 -0.440483 1.392800 22.544182 -1.586560 0.999386
Car -1 -1 -10 376.000000 176.000000 502.000000 272.000000 1.581369 1.612764 3.778901 -3.319818 1.512490 14.259035 -1.341209 0.999012
Car -1 -1 -10 9.000000 197.000000 422.000000 373.000000 1.552122 1.627136 3.751942 -3.379731 1.630594 6.188666 -1.520767 0.998743
Car -1 -1 -10 488.000000 179.000000 546.000000 225.000000 1.551917 1.612175 3.807363 -3.359541 1.429788 26.758174 -1.626791 0.998454
Car -1 -1 -10 301.000000 184.000000 359.000000 217.000000 1.492059 1.615882 3.878649 -12.877289 1.330678 32.478098 -1.898634 0.640434
Car -1 -1 -10 187.000000 187.000000 281.000000 237.000000 1.447735 1.607700 3.948768 -16.757797 1.211845 31.468412 1.651546 0.328129
Car -1 -1 -10 346.000000 179.000000 427.000000 225.000000 1.491730 1.626078 3.844617 -7.942992 1.338152 25.665063 -1.819348 0.089793
Car -1 -1 -10 104.000000 196.000000 218.000000 239.000000 1.418692 1.547056 3.756409 -15.097653 1.736467 23.334108 0.460077 0.059019
Car -1 -1 -10 54.000000 197.000000 277.000000 288.000000 1.486774 1.603224 3.865526 -7.968219 1.238107 13.345930 1.019982 0.021167
Cyclist -1 -1 -10 187.000000 192.000000 299.000000 243.000000 1.704334 0.613312 0.663636 -15.709757 1.636818 31.465497 -2.052796 0.020018
