Pedestrian -1 -1 -10 706.000000 166.000000 714.000000 210.000000 1.604431 0.599668 0.509839 5.041664 1.193291 34.321408 1.152337 0.077636
Pedestrian -1 -1 -10 811.000000 188.000000 845.000000 257.000000 1.601155 0.608019 0.653149 4.323398 1.989031 13.951723 -1.255730 0.039759
Pedestrian -1 -1 -10 709.000000 169.000000 730.000000 224.000000 1.709558 0.587146 0.596651 4.910656 1.426203 28.937044 -1.427558 0.022456
Car -1 -1 -10 424.000000 189.000000 523.000000 266.000000 1.493726 1.571261 3.676755 -2.911164 1.925527 15.468940 1.807148 0.999475
Car -1 -1 -10 680.000000 179.000000 784.000000 260.000000 1.480374 1.575919 3.840331 2.766375 1.654514 15.851603 -1.520067 0.999006
Car -1 -1 -10 532.000000 180.000000 570.000000 210.000000 1.498367 1.653318 3.963456 -3.278274 1.947539 39.895725 1.519328 0.998997
Car -1 -1 -10 663.000000 176.000000 719.000000 240.000000 1.445494 1.502982 3.748234 2.725990 1.954357 19.677901 1.116572 0.971235
Car -1 -1 -10 1068.000000 190.000000 1243.000000 375.000000 1.467269 1.619948 3.391077 2.898301 1.304883 5.013059 2.282434 0.662860
Car -1 -1 -10 655.000000 176.000000 696.000000 228.000000 1.496955 1.580791 3.754115 2.546902 1.746388 25.217911 -1.534065 0.507905
Car -1 -1 -10 640.000000 172.000000 677.000000 210.000000 1.509665 1.584216 3.581554 2.540282 1.918627 38.910230 -1.478776 0.488358
Car -1 -1 -10 1.000000 183.000000 82.000000 368.000000 1.458350 1.629168 3.654723 -2.605716 1.476270 3.201597 -2.232936 0.240663
Car -1 -1 -10 633.000000 176.000000 663.000000 207.000000 1.452184 1.530798 3.597181 2.429243 1.767954 39.622604 -1.538138 0.063231
Cyclist -1 -1 -10 810.000000 186.000000 846.000000 259.000000 1.603650 0.601385 0.662306 4.315228 2.012997 13.871124 -1.258973 0.997415
