Pedestrian -1 -1 -10 104.000000 164.000000 152.000000 302.000000 1.819041 0.613774 0.666643 -3.338864 1.561513 3.912713 1.053163 0.911807
Pedestrian -1 -1 -10 157.000000 172.000000 194.000000 292.000000 1.590164 0.703090 0.645803 -8.266043 2.126880 11.698021 1.029445 0.898532
Pedestrian -1 -1 -10 102.000000 174.000000 225.000000 294.000000 1.489566 1.520817 3.732290 -10.793231 2.503343 15.464753 1.050997 0.161223
Pedestrian -1 -1 -10 128.000000 168.000000 162.000000 299.000000 1.886938 0.642285 0.736569 -3.053437 1.532400 3.659145 1.064533 0.035511
Pedestrian -1 -1 -10 168.000000 181.000000 209.000000 273.000000 1.776025 0.596607 0.632777 -1.705535 1.163102 2.351599 -2.125190 0.027344
Pedestrian -1 -1 -10 13.000000 195.000000 279.000000 357.000000 1.653936 0.592257 0.689206 -3.040581 1.802568 4.363990 1.476991 0.015380
Pedestrian -1 -1 -10 152.000000 188.000000 239.000000 284.000000 1.653200 0.689864 0.711995 -8.253422 2.491169 11.969903 1.036370 0.010853
Car -1 -1 -10 670.000000 178.000000 785.000000 260.000000 1.466010 1.578305 3.764189 2.350592 1.644109 14.565181 -1.859698 0.998962
Car -1 -1 -10 498.000000 177.000000 547.000000 223.000000 1.510166 1.649678 3.858405 -3.393635 1.736246 28.173139 -1.663450 0.997257
Car -1 -1 -10 634.000000 176.000000 697.000000 221.000000 1.473618 1.543721 3.888807 2.341545 1.675538 27.077844 -1.653329 0.996763
Car -1 -1 -10 -3.000000 195.000000 358.000000 371.000000 1.526525 1.613880 3.739272 -3.425294 1.634361 4.734903 1.560078 0.995277
Car -1 -1 -10 182.000000 189.000000 327.000000 255.000000 1.523079 1.644870 3.955296 -8.960219 1.864016 18.757985 -2.011447 0.968463
Car -1 -1 -10 620.000000 175.000000 662.000000 207.000000 1.542176 1.634172 3.616839 1.484180 1.949670 42.903492 -1.499753 0.484776
Car -1 -1 -10 531.000000 181.000000 557.000000 208.000000 1.523174 1.599875 3.838952 -3.802939 1.894579 41.668047 -1.654901 0.247035
Car -1 -1 -10 617.000000 174.000000 644.000000 200.000000 1.512568 1.564605 3.575804 1.208190 1.681385 43.211158 -1.528151 0.047529
Car -1 -1 -10 514.000000 180.000000 552.000000 211.000000 1.526869 1.642412 3.766450 -2.966395 2.500317 16.680077 -1.766145 0.040931
Car -1 -1 -10 128.000000 194.000000 328.000000 297.000000 1.517143 1.603240 3.603029 -7.344975 2.415653 11.986829 1.139691 0.019211
Car -1 -1 -10 99.000000 167.000000 149.000000 318.000000 1.477600 1.613397 3.331253 -4.497716 1.521325 5.122111 1.053065 0.010549
Cyclist -1 -1 -10 147.000000 182.000000 210.000000 280.000000 1.508307 1.543053 3.759842 -10.707325 2.644788 15.445888 1.030564 0.134872
Cyclist -1 -1 -10 169.000000 189.000000 323.000000 264.000000 1.719660 0.633640 0.665931 -8.768845 2.088825 17.474055 -2.056912 0.134668
Cyclist -1 -1 -10 81.000000 182.000000 232.000000 280.000000 1.506540 1.506269 3.646845 -11.203349 2.458964 16.059711 -2.298397 0.064393
Cyclist -1 -1 -10 95.000000 163.000000 163.000000 307.000000 1.805870 0.589313 0.711293 -1.745388 1.177699 2.237651 1.032282 0.012629
