Car -1 -1 -10 665.000000 182.000000 726.000000 229.000000 1.443541 1.559811 3.796136 3.110426 1.881612 24.687045 -1.549971 0.998753
Car -1 -1 -10 781.000000 205.000000 1108.000000 374.000000 1.467659 1.573800 3.884001 3.284804 1.797702 5.967134 1.431781 0.996825
Car -1 -1 -10 715.000000 185.000000 864.000000 292.000000 1.444024 1.581895 3.973049 3.253671 1.748203 12.174260 1.410906 0.996601
Car -1 -1 -10 352.000000 180.000000 478.000000 230.000000 1.515806 1.535354 3.890196 -6.389641 1.837301 25.199147 -2.958621 0.989628
Car -1 -1 -10 15.000000 160.000000 310.000000 319.000000 1.622389 1.568952 3.893627 -6.001791 1.591434 9.463589 -3.298417 0.988449
Car -1 -1 -10 158.000000 173.000000 417.000000 272.000000 1.533601 1.584280 3.682417 -5.478031 1.782540 14.345945 1.678364 0.986625
Car -1 -1 -10 646.000000 178.000000 687.000000 213.000000 1.464301 1.582421 3.820238 2.985411 1.794954 35.353013 -1.530856 0.937446
Car -1 -1 -10 936.000000 185.000000 1246.000000 376.000000 1.479323 1.536058 3.850440 3.418211 1.752511 4.962848 1.632756 0.931242
Car -1 -1 -10 387.000000 177.000000 511.000000 220.000000 1.624406 1.627496 3.968023 -5.950731 1.685673 28.833986 -2.937896 0.631476
Car -1 -1 -10 1.000000 178.000000 176.000000 366.000000 1.528508 1.605119 3.785140 -5.627208 1.737603 6.463848 -2.126308 0.180066
Car -1 -1 -10 439.000000 181.000000 525.000000 214.000000 1.477790 1.568419 3.678726 -5.023968 1.992514 34.435078 1.874910 0.159836
