Pedestrian -1 -1 -10 155.000000 155.000000 261.000000 369.000000 1.738370 0.609577 0.769442 -3.265493 1.714994 6.300961 -2.036979 0.994998
Pedestrian -1 -1 -10 234.000000 155.000000 308.000000 355.000000 1.705856 0.607240 0.765959 -2.998072 1.671294 6.444776 -1.966218 0.994127
Pedestrian -1 -1 -10 361.000000 164.000000 388.000000 235.000000 1.688324 0.610840 0.733657 -5.801750 1.600316 18.099227 -1.869365 0.963988
Pedestrian -1 -1 -10 519.000000 165.000000 530.000000 196.000000 1.681703 0.612345 0.734715 -4.875498 1.125945 43.396559 -1.637328 0.128164
Pedestrian -1 -1 -10 494.000000 162.000000 503.000000 189.000000 1.769335 0.583993 0.613011 -5.502613 1.571735 38.290745 -1.730960 0.064928
Pedestrian -1 -1 -10 492.000000 160.000000 499.000000 189.000000 1.769335 0.583993 0.613011 -5.352541 1.523551 35.315588 -1.735104 0.042482
Pedestrian -1 -1 -10 489.000000 161.000000 495.000000 189.000000 1.769330 0.583993 0.613010 -5.352394 1.523546 35.316619 -1.739932 0.020109
Car -1 -1 -10 581.000000 153.000000 635.000000 213.000000 1.531735 1.640082 3.838329 0.088792 0.870606 25.724622 -1.590822 0.985154
Cyclist -1 -1 -10 519.000000 165.000000 530.000000 196.000000 1.682180 0.610432 0.725711 -4.879776 1.059378 43.362830 -1.653481 0.885986
Cyclist -1 -1 -10 359.000000 166.000000 387.000000 235.000000 1.740774 0.596773 0.749326 -5.806577 1.603043 18.153455 -1.874249 0.020741
