Pedestrian -1 -1 -10 1031.000000 148.000000 1128.000000 347.000000 1.688537 0.580539 0.696858 4.065440 1.583794 5.872213 -0.926577 0.990910
Pedestrian -1 -1 -10 535.000000 163.000000 551.000000 201.000000 1.669581 0.629086 0.626470 -2.444121 1.047710 32.220492 -1.611245 0.634257
Pedestrian -1 -1 -10 614.000000 164.000000 624.000000 193.000000 1.680591 0.585842 0.664372 1.155049 0.877375 44.459717 -1.489024 0.553376
Pedestrian -1 -1 -10 621.000000 164.000000 628.000000 193.000000 1.726663 0.621202 0.700375 1.434354 0.931403 45.848892 2.108096 0.525814
Pedestrian -1 -1 -10 604.000000 164.000000 613.000000 190.000000 1.661542 0.606992 0.709089 0.751539 0.705454 54.878943 -1.525466 0.318866
Pedestrian -1 -1 -10 547.000000 163.000000 557.000000 198.000000 1.654779 0.597693 0.529645 -2.436839 0.862310 33.309491 1.974747 0.316492
Pedestrian -1 -1 -10 580.000000 162.000000 599.000000 203.000000 1.679985 0.596566 0.586761 -0.750310 0.472276 44.677456 -1.590745 0.222072
Pedestrian -1 -1 -10 594.000000 163.000000 603.000000 194.000000 1.769332 0.583993 0.613010 0.253021 1.882042 42.937552 -1.585292 0.153646
Pedestrian -1 -1 -10 630.000000 163.000000 640.000000 193.000000 1.668853 0.621704 0.661450 2.280978 0.904301 45.564033 -1.461718 0.128910
Pedestrian -1 -1 -10 1061.000000 153.000000 1083.000000 213.000000 1.769333 0.583993 0.613010 14.480215 1.027182 21.343709 -1.000778 0.064057
Pedestrian -1 -1 -10 779.000000 157.000000 810.000000 226.000000 1.607017 0.613552 0.511795 5.743418 0.741216 19.422841 1.278152 0.048728
Pedestrian -1 -1 -10 602.000000 163.000000 610.000000 192.000000 1.664579 0.607313 0.711898 0.656091 0.728082 54.897694 -1.531082 0.038549
Pedestrian -1 -1 -10 1055.000000 165.000000 1100.000000 217.000000 1.769333 0.583993 0.613010 14.479311 1.027181 21.342958 -0.995431 0.035683
Pedestrian -1 -1 -10 1011.000000 164.000000 1135.000000 264.000000 1.828539 0.629962 0.822002 7.355780 1.268821 11.750315 -0.990680 0.034110
Pedestrian -1 -1 -10 440.000000 166.000000 455.000000 214.000000 1.688938 0.579174 0.601708 -5.434012 1.352598 24.089755 1.834517 0.033414
Pedestrian -1 -1 -10 546.000000 167.000000 570.000000 200.000000 1.740939 0.637253 0.662133 -2.209179 0.918702 35.003642 -1.630362 0.029559
Pedestrian -1 -1 -10 626.000000 164.000000 635.000000 191.000000 1.671345 0.625686 0.626263 2.202013 0.943231 46.859294 -1.486935 0.020963
Pedestrian -1 -1 -10 473.000000 154.000000 493.000000 220.000000 1.691300 0.595411 0.710552 -3.243846 1.233790 18.842713 0.389082 0.013476
Car -1 -1 -10 539.000000 174.000000 604.000000 230.000000 1.462578 1.596831 3.766250 -0.709857 1.353815 20.291482 1.579898 0.999285
Car -1 -1 -10 965.000000 162.000000 1081.000000 218.000000 1.580912 1.631879 3.578535 3.758645 1.194705 7.430821 2.116370 0.697028
Cyclist -1 -1 -10 576.000000 163.000000 601.000000 199.000000 1.670298 0.583022 0.613457 -0.815611 0.432776 44.733336 -1.595583 0.059945
Cyclist -1 -1 -10 1054.000000 160.000000 1091.000000 215.000000 1.752813 0.579793 0.644045 14.450627 0.970266 21.423449 -1.005490 0.033206
Cyclist -1 -1 -10 535.000000 164.000000 552.000000 201.000000 1.655796 0.624144 0.604293 -2.460979 0.929248 32.419723 -1.619968 0.021497
Cyclist -1 -1 -10 1011.000000 164.000000 1135.000000 264.000000 1.630812 0.586646 1.745072 7.347059 1.064236 11.805983 -1.513697 0.018386
Cyclist -1 -1 -10 1031.000000 164.000000 1106.000000 221.000000 1.812494 0.587410 0.659949 1.539841 1.193913 3.101900 2.208553 0.017995
Cyclist -1 -1 -10 467.000000 153.000000 490.000000 217.000000 1.761282 0.504212 1.549493 -3.355626 0.819371 19.084466 -1.709859 0.016066
Cyclist -1 -1 -10 585.000000 162.000000 596.000000 199.000000 1.683817 0.588948 0.632430 -0.849312 0.373529 44.790845 -1.596897 0.010422
