Car -1 -1 -10 422.000000 182.000000 508.000000 244.000000 1.566764 1.602767 3.720701 -4.244999 1.995522 21.454285 1.753817 0.999626
Car -1 -1 -10 771.000000 187.000000 958.000000 301.000000 1.426076 1.618115 4.070196 3.840250 1.662262 10.764699 -1.636941 0.999387
Car -1 -1 -10 884.000000 208.000000 1235.000000 374.000000 1.454829 1.603214 3.949885 3.992655 1.566403 4.955930 1.617530 0.994203
Car -1 -1 -10 695.000000 173.000000 730.000000 208.000000 1.470523 1.590544 3.875630 5.486790 1.734535 39.632998 -1.469281 0.988188
Car -1 -1 -10 471.000000 181.000000 536.000000 229.000000 1.540022 1.562963 3.715457 -3.735453 2.018929 26.711195 1.582533 0.984999
Car -1 -1 -10 509.000000 184.000000 550.000000 220.000000 1.519176 1.563750 3.631563 -3.732958 2.121654 30.290430 1.967491 0.962770
Car -1 -1 -10 527.000000 182.000000 567.000000 214.000000 1.461267 1.536168 3.805748 -3.309006 2.017821 35.254904 1.676300 0.871243
Car -1 -1 -10 121.000000 190.000000 269.000000 227.000000 1.476653 1.606512 4.190039 -14.096436 2.028282 25.840381 0.413361 0.080964
Car -1 -1 -10 1183.000000 203.000000 1241.000000 268.000000 1.597319 1.612893 3.271552 6.518924 2.377967 9.517682 2.361360 0.034814
Car -1 -1 -10 1115.000000 204.000000 1240.000000 368.000000 1.528814 1.601286 3.786920 3.668573 1.588162 4.798912 -0.875822 0.023378
Car -1 -1 -10 1180.000000 207.000000 1239.000000 353.000000 1.504334 1.627587 3.735103 3.778771 1.486620 4.601359 -0.865414 0.017624
