Pedestrian -1 -1 -10 18.000000 150.000000 115.000000 352.000000 1.699184 0.598191 0.751545 -5.228695 1.605632 6.790844 -2.167707 0.997020
Pedestrian -1 -1 -10 397.000000 176.000000 424.000000 279.000000 1.701424 0.600369 0.746779 -3.139640 1.794933 11.897550 -1.790525 0.992439
Pedestrian -1 -1 -10 476.000000 183.000000 521.000000 286.000000 1.663124 0.602994 0.718817 -1.544397 1.901519 10.838245 -1.677497 0.990194
Pedestrian -1 -1 -10 499.000000 173.000000 530.000000 264.000000 1.643297 0.600649 0.626072 -1.345552 2.057747 10.998872 -1.682426 0.879436
Pedestrian -1 -1 -10 592.000000 171.000000 611.000000 231.000000 1.699055 0.606821 0.755172 0.009247 1.584539 20.927415 -1.532529 0.709815
Pedestrian -1 -1 -10 853.000000 169.000000 880.000000 250.000000 1.612536 0.606939 0.694675 5.089944 1.485548 13.692325 -1.180870 0.535462
Pedestrian -1 -1 -10 572.000000 174.000000 589.000000 223.000000 1.732299 0.608783 0.644432 -0.907814 1.650653 26.745265 -1.540969 0.084379
Pedestrian -1 -1 -10 618.000000 171.000000 631.000000 211.000000 1.727704 0.593398 0.705468 0.884565 1.541258 32.572707 0.583714 0.058674
Pedestrian -1 -1 -10 633.000000 170.000000 647.000000 212.000000 1.617500 0.611857 0.606296 1.719697 1.506959 32.656410 -1.474493 0.051499
Pedestrian -1 -1 -10 487.000000 187.000000 516.000000 258.000000 1.604845 0.599262 0.626352 -1.765584 1.634469 15.468035 -1.685362 0.028450
Pedestrian -1 -1 -10 608.000000 170.000000 622.000000 214.000000 1.607355 0.602885 0.656832 0.689377 1.447227 31.905025 -1.526003 0.015454
Pedestrian -1 -1 -10 479.000000 187.000000 507.000000 244.000000 1.646167 0.596022 0.610658 -2.998304 1.990744 18.881159 -1.717279 0.010053
Car -1 -1 -10 866.000000 101.000000 1224.000000 370.000000 1.472110 1.549155 3.844453 2.710999 1.114883 2.892580 1.537166 0.039529
Cyclist -1 -1 -10 683.000000 165.000000 722.000000 232.000000 1.667798 0.637707 0.742100 2.858323 1.448709 19.942948 1.228452 0.854534
Cyclist -1 -1 -10 474.000000 181.000000 524.000000 289.000000 1.657548 0.589670 0.733132 -1.547015 1.846932 10.877363 -1.681999 0.210698
Cyclist -1 -1 -10 393.000000 177.000000 427.000000 273.000000 1.692409 0.584095 0.758850 -3.163193 1.758190 11.939036 -1.797654 0.044590
Cyclist -1 -1 -10 854.000000 169.000000 882.000000 253.000000 1.599108 0.587323 0.681233 5.065669 1.430509 13.621196 -1.180940 0.028355
Cyclist -1 -1 -10 682.000000 166.000000 706.000000 217.000000 1.374456 1.579081 3.765951 3.813570 1.063796 26.944626 1.745999 0.018178
Cyclist -1 -1 -10 497.000000 175.000000 529.000000 266.000000 1.682423 0.583371 0.631931 -1.285131 2.003113 11.166722 -1.704429 0.013072
