Pedestrian -1 -1 -10 542.000000 171.000000 563.000000 227.000000 1.657508 0.600334 0.711399 -1.426979 1.538036 21.180010 -1.602260 0.932250
Pedestrian -1 -1 -10 904.000000 205.000000 991.000000 334.000000 1.638125 0.592222 0.562117 2.686015 2.075605 4.940286 -1.116229 0.802686
Pedestrian -1 -1 -10 842.000000 209.000000 914.000000 305.000000 1.635774 0.592241 0.544086 2.674288 1.795327 6.331789 -1.181214 0.274807
Pedestrian -1 -1 -10 866.000000 204.000000 910.000000 282.000000 1.809080 0.664398 0.862784 2.796285 2.245176 9.456260 -1.208473 0.129484
Pedestrian -1 -1 -10 1121.000000 198.000000 1235.000000 371.000000 1.881388 0.605893 0.727806 2.293345 1.756046 3.684341 -0.916099 0.047038
Pedestrian -1 -1 -10 855.000000 195.000000 1175.000000 365.000000 1.432347 1.636875 3.722612 2.956388 1.889082 5.108643 1.523652 0.043499
Pedestrian -1 -1 -10 897.000000 206.000000 937.000000 304.000000 1.864414 0.602951 0.724558 0.982659 1.372404 3.089184 -1.178324 0.027995
Pedestrian -1 -1 -10 791.000000 209.000000 856.000000 314.000000 1.606348 0.593214 0.547441 2.702584 1.965911 7.554590 -1.238609 0.022122
Pedestrian -1 -1 -10 897.000000 207.000000 965.000000 269.000000 1.813046 0.608117 0.664631 1.193975 1.299891 3.626870 2.077170 0.017094
Car -1 -1 -10 988.000000 213.000000 1239.000000 371.000000 1.503669 1.660861 3.684392 3.416965 1.753956 3.738163 2.177479 0.208875
Car -1 -1 -10 1119.000000 199.000000 1234.000000 381.000000 1.464207 1.626824 3.392934 3.603002 1.617708 5.849977 2.319793 0.030974
Car -1 -1 -10 877.000000 199.000000 1137.000000 367.000000 1.425491 1.563704 3.800781 3.490656 1.707832 6.009413 1.587123 0.011510
Cyclist -1 -1 -10 897.000000 202.000000 1036.000000 363.000000 1.696861 0.527332 1.757377 2.860862 2.010989 5.379019 -1.070586 0.098798
Cyclist -1 -1 -10 898.000000 210.000000 1201.000000 371.000000 1.443990 1.653503 3.767729 2.867698 1.903793 4.327628 1.590201 0.051220
Cyclist -1 -1 -10 1105.000000 202.000000 1236.000000 370.000000 1.466420 1.637010 3.524622 2.830397 1.378253 4.632328 2.314497 0.035156
Cyclist -1 -1 -10 902.000000 211.000000 992.000000 321.000000 1.682635 0.578204 0.606571 2.604899 1.948153 4.901673 -1.132279 0.011825
Cyclist -1 -1 -10 895.000000 203.000000 937.000000 288.000000 1.863434 0.592390 0.715630 1.236895 1.537953 4.219478 2.048157 0.010759
