Pedestrian -1 -1 -10 169.000000 152.000000 226.000000 328.000000 1.816199 0.611486 0.668548 -3.054678 1.566622 4.125755 1.117016 0.953348
Pedestrian -1 -1 -10 244.000000 157.000000 292.000000 299.000000 1.604776 0.596800 0.574482 -5.193311 1.099850 11.077636 -2.002977 0.673076
Pedestrian -1 -1 -10 187.000000 163.000000 381.000000 299.000000 1.596885 0.593814 0.580291 -4.921357 1.286580 10.728354 -1.963398 0.234849
Pedestrian -1 -1 -10 275.000000 159.000000 296.000000 278.000000 1.919492 0.668054 0.828943 -3.397523 1.912968 5.661847 1.208068 0.104699
Pedestrian -1 -1 -10 197.000000 161.000000 289.000000 315.000000 1.602154 0.592943 0.610520 -5.250431 1.235303 10.591535 -2.009509 0.076729
Pedestrian -1 -1 -10 258.000000 170.000000 357.000000 258.000000 1.653347 0.596813 0.596216 -8.517128 1.633206 20.775172 -1.967379 0.066211
Pedestrian -1 -1 -10 195.000000 167.000000 232.000000 320.000000 1.823189 0.613179 0.672790 -2.948796 1.553698 4.118788 1.133622 0.053477
Pedestrian -1 -1 -10 0.000000 181.000000 421.000000 368.000000 1.656128 0.575283 0.697496 -2.126217 1.833799 3.319661 1.544296 0.036505
Car -1 -1 -10 664.000000 174.000000 756.000000 239.000000 1.446114 1.563936 3.813200 2.596165 1.565850 17.662997 -1.550870 0.998477
Car -1 -1 -10 515.000000 172.000000 557.000000 212.000000 1.524376 1.647564 3.897090 -3.183875 1.565426 31.456479 -1.669092 0.995767
Car -1 -1 -10 639.000000 172.000000 692.000000 212.000000 1.448876 1.544517 3.831428 2.750384 1.469473 30.092708 -1.615783 0.986423
Car -1 -1 -10 202.000000 179.000000 429.000000 311.000000 1.533333 1.572323 3.740944 -3.323514 1.598707 8.111273 1.667577 0.984351
Car -1 -1 -10 -5.000000 183.000000 410.000000 371.000000 1.509296 1.603243 3.833299 -2.755807 1.568161 3.185405 1.667236 0.953971
Car -1 -1 -10 904.000000 198.000000 1246.000000 371.000000 1.453440 1.599703 3.736395 2.683923 1.661632 2.201889 1.546809 0.677741
Car -1 -1 -10 630.000000 173.000000 670.000000 206.000000 1.427980 1.469885 3.530434 1.636274 1.872994 33.393581 -1.502984 0.452837
Car -1 -1 -10 540.000000 175.000000 567.000000 201.000000 1.533055 1.601085 3.768997 -3.453124 1.691348 44.627648 -1.624998 0.291752
Car -1 -1 -10 625.000000 169.000000 658.000000 198.000000 1.471863 1.651323 3.632263 1.575639 1.549838 35.504461 1.613719 0.054677
Car -1 -1 -10 148.000000 167.000000 306.000000 319.000000 1.474128 1.634580 3.594875 -5.764440 0.826054 11.893107 1.087004 0.028844
Car -1 -1 -10 228.000000 167.000000 335.000000 308.000000 1.512921 1.604177 3.755596 -5.637097 1.007567 11.984142 -1.975332 0.026671
Car -1 -1 -10 276.000000 178.000000 373.000000 234.000000 1.467377 1.601788 3.921520 -11.786130 1.164322 30.683805 0.698724 0.023344
Cyclist -1 -1 -10 233.000000 167.000000 307.000000 302.000000 1.786966 0.699125 0.902887 -3.390128 1.620750 5.577989 1.156823 0.181326
Cyclist -1 -1 -10 221.000000 174.000000 413.000000 314.000000 1.495129 1.553748 3.706163 -2.919965 1.601470 7.318203 1.284162 0.119333
Cyclist -1 -1 -10 128.000000 160.000000 275.000000 311.000000 1.871389 0.617539 0.743662 -3.302581 1.618977 4.389079 1.113347 0.070571
Cyclist -1 -1 -10 895.000000 194.000000 1246.000000 373.000000 1.656925 0.585370 0.566850 2.055979 1.780274 2.288503 -1.005637 0.032138
Cyclist -1 -1 -10 163.000000 152.000000 232.000000 322.000000 1.777310 0.590706 0.704392 -1.496886 1.154246 2.225148 -2.111836 0.031557
Cyclist -1 -1 -10 0.000000 183.000000 417.000000 359.000000 1.628821 0.576355 0.626278 -2.052470 1.908569 3.663050 -2.052185 0.023179
