Pedestrian -1 -1 -10 621.000000 140.000000 662.000000 250.000000 1.679668 0.604535 0.703705 0.766833 1.189119 11.511114 0.595515 0.997191
Pedestrian -1 -1 -10 573.000000 140.000000 611.000000 256.000000 1.702425 0.598066 0.741780 -0.157255 1.247279 10.950210 -1.543215 0.997141
Pedestrian -1 -1 -10 901.000000 163.000000 1005.000000 367.000000 1.678108 0.588605 0.714369 2.331089 1.710326 4.897878 -1.062216 0.996161
Pedestrian -1 -1 -10 544.000000 137.000000 584.000000 262.000000 1.744685 0.598568 0.774267 -0.553892 1.347324 10.623182 0.484146 0.995950
Pedestrian -1 -1 -10 821.000000 174.000000 930.000000 371.000000 1.662661 0.597266 0.705752 1.956741 1.762728 4.738998 -1.171051 0.994749
Pedestrian -1 -1 -10 512.000000 143.000000 538.000000 207.000000 1.634873 0.606411 0.674738 -2.647760 0.310862 25.040792 -1.660410 0.935862
Pedestrian -1 -1 -10 539.000000 137.000000 560.000000 207.000000 1.675561 0.589729 0.704732 -2.094913 0.437511 25.037529 -1.599413 0.847616
Pedestrian -1 -1 -10 614.000000 143.000000 649.000000 224.000000 1.666319 0.602482 0.722913 0.371255 0.893672 17.654604 -1.497963 0.745789
Pedestrian -1 -1 -10 479.000000 145.000000 499.000000 207.000000 1.639462 0.596651 0.627416 -3.371000 0.397994 22.841067 -1.723159 0.679484
Pedestrian -1 -1 -10 607.000000 144.000000 635.000000 213.000000 1.723892 0.580716 0.675768 0.408399 0.645198 18.374602 -1.525933 0.590015
Pedestrian -1 -1 -10 500.000000 144.000000 520.000000 204.000000 1.676970 0.569432 0.704328 -3.626370 0.277872 26.089931 -1.647671 0.578267
Pedestrian -1 -1 -10 649.000000 142.000000 668.000000 199.000000 1.729414 0.607367 0.765117 2.088308 0.563805 25.767927 0.595321 0.563813
Pedestrian -1 -1 -10 272.000000 136.000000 324.000000 256.000000 1.676546 0.599550 0.659429 -5.031167 1.301635 11.234851 1.633560 0.405609
Pedestrian -1 -1 -10 244.000000 134.000000 281.000000 250.000000 1.591495 0.607902 0.637442 -5.480768 0.994583 11.719110 -1.992435 0.350595
Pedestrian -1 -1 -10 449.000000 143.000000 471.000000 203.000000 1.719881 0.588985 0.594729 -5.466217 1.533569 28.113953 -1.781711 0.341944
Pedestrian -1 -1 -10 528.000000 139.000000 549.000000 199.000000 1.742259 0.624055 0.606083 -2.459956 0.382215 26.278796 -1.635656 0.225423
Pedestrian -1 -1 -10 496.000000 143.000000 511.000000 201.000000 1.690529 0.592947 0.598391 -3.535792 0.028112 25.665136 -1.718476 0.163428
Pedestrian -1 -1 -10 640.000000 143.000000 663.000000 217.000000 1.717321 0.593838 0.758514 1.667592 0.859989 21.760233 -1.457453 0.161007
Pedestrian -1 -1 -10 472.000000 149.000000 490.000000 205.000000 1.652481 0.699876 0.685627 -2.785716 1.638800 11.211918 1.406826 0.122490
Pedestrian -1 -1 -10 401.000000 144.000000 424.000000 202.000000 1.664993 0.564728 0.645161 -6.170025 0.719320 24.506623 -1.799008 0.103206
Pedestrian -1 -1 -10 872.000000 179.000000 917.000000 288.000000 1.629865 0.596531 0.607194 1.977872 1.481131 4.762799 -1.171779 0.080075
Pedestrian -1 -1 -10 590.000000 140.000000 638.000000 237.000000 1.622403 0.587772 0.633036 0.200185 0.849677 11.732306 -1.510745 0.061955
Cyclist -1 -1 -10 269.000000 138.000000 327.000000 260.000000 1.722210 0.619422 0.659751 -4.960536 1.227511 11.182808 1.634012 0.813709
Cyclist -1 -1 -10 419.000000 149.000000 468.000000 209.000000 1.694438 0.581568 0.590950 -4.494549 0.405710 21.303047 1.347617 0.466195
Cyclist -1 -1 -10 301.000000 153.000000 368.000000 210.000000 1.651437 0.618103 0.632636 -11.497740 0.980759 30.557226 -1.938949 0.333461
Cyclist -1 -1 -10 444.000000 145.000000 473.000000 207.000000 1.752812 0.579793 0.644045 -4.299957 0.270740 21.051459 -1.790929 0.325385
Cyclist -1 -1 -10 332.000000 151.000000 387.000000 201.000000 1.745846 0.667906 0.623904 -11.522620 0.811950 31.605402 -1.858638 0.242299
Cyclist -1 -1 -10 244.000000 135.000000 302.000000 262.000000 1.674915 0.625877 0.635026 -4.975511 0.990194 11.395615 0.596828 0.210864
Cyclist -1 -1 -10 398.000000 145.000000 431.000000 207.000000 1.627439 0.586696 0.711979 -5.876337 0.558348 23.851281 -1.802613 0.189652
Cyclist -1 -1 -10 426.000000 148.000000 450.000000 204.000000 1.760853 0.583991 0.739995 -6.054758 0.582603 24.346308 -1.774481 0.146692
Cyclist -1 -1 -10 365.000000 153.000000 420.000000 206.000000 1.698844 0.578351 0.620314 -9.032330 1.447432 31.008449 -1.878494 0.065341
Cyclist -1 -1 -10 418.000000 144.000000 438.000000 200.000000 1.736432 0.601131 0.713536 -5.895070 0.521636 24.260940 -1.798779 0.041359
Cyclist -1 -1 -10 647.000000 142.000000 669.000000 200.000000 1.664037 0.619712 0.612950 1.902502 0.764561 24.366354 -1.469056 0.032847
Cyclist -1 -1 -10 542.000000 137.000000 569.000000 208.000000 1.752813 0.579793 0.644045 -1.748503 0.602945 28.796345 -1.656587 0.010548
Cyclist -1 -1 -10 634.000000 143.000000 665.000000 221.000000 1.636006 0.590001 0.645070 1.551312 0.899119 21.644150 -1.500847 0.010528
