Pedestrian -1 -1 -10 651.000000 170.000000 665.000000 215.000000 1.658128 0.600267 0.604918 1.891200 1.816578 25.539095 0.619754 0.274355
Pedestrian -1 -1 -10 651.000000 168.000000 682.000000 216.000000 1.663331 0.654032 0.666420 2.238708 1.678838 25.246884 1.116562 0.039649
Pedestrian -1 -1 -10 657.000000 167.000000 668.000000 208.000000 1.574815 0.602501 0.612414 2.001401 1.449119 25.268111 -1.460697 0.017390
Pedestrian -1 -1 -10 663.000000 168.000000 676.000000 216.000000 1.619713 0.601778 0.618850 2.026917 1.643479 24.354412 0.641261 0.016042
Car -1 -1 -10 435.000000 176.000000 531.000000 252.000000 1.579194 1.618487 3.748513 -3.001259 1.667479 17.136544 -1.600141 0.998730
Car -1 -1 -10 266.000000 185.000000 343.000000 226.000000 1.596536 1.638694 3.737036 -12.648122 2.245423 30.161401 1.635844 0.996222
Car -1 -1 -10 586.000000 174.000000 612.000000 200.000000 1.459579 1.601800 3.815218 -0.594144 1.713905 46.699529 -1.591429 0.994374
Car -1 -1 -10 1.000000 192.000000 120.000000 310.000000 1.484251 1.553081 3.654510 -9.402026 2.043930 11.895434 -1.636439 0.385826
Car -1 -1 -10 434.000000 176.000000 496.000000 228.000000 1.532698 1.603946 3.628243 -6.030721 1.643022 25.370411 -1.730011 0.020829
Cyclist -1 -1 -10 659.000000 164.000000 713.000000 220.000000 1.777185 0.654692 0.713301 2.399340 1.554073 24.324078 1.126773 0.999356
Cyclist -1 -1 -10 654.000000 168.000000 685.000000 217.000000 1.724810 0.641016 1.689628 2.375485 1.621772 25.167816 -1.479528 0.900289
Cyclist -1 -1 -10 650.000000 169.000000 670.000000 216.000000 1.612330 0.639774 0.624519 1.989193 1.690948 25.318096 -1.468026 0.385127
Cyclist -1 -1 -10 660.000000 168.000000 672.000000 213.000000 1.682008 0.591406 0.708860 1.870027 1.536989 24.771061 -1.454439 0.024625
Cyclist -1 -1 -10 673.000000 165.000000 701.000000 209.000000 1.644755 0.633472 0.591368 2.620653 1.501269 23.846107 -1.444278 0.019465
