Pedestrian -1 -1 -10 462.000000 171.000000 492.000000 239.000000 1.647215 0.606194 0.707588 -2.999460 1.594414 17.572580 -1.711073 0.917761
Pedestrian -1 -1 -10 907.000000 239.000000 1044.000000 371.000000 1.551887 1.611042 3.396753 2.824676 1.882897 7.093136 2.156349 0.745818
Pedestrian -1 -1 -10 986.000000 241.000000 1236.000000 375.000000 1.824364 0.596539 0.719923 1.476875 1.275235 2.427139 -0.983566 0.724524
Pedestrian -1 -1 -10 1006.000000 224.000000 1105.000000 351.000000 1.829281 0.614214 0.675256 2.622228 1.730280 5.419216 2.215094 0.693095
Pedestrian -1 -1 -10 1117.000000 237.000000 1235.000000 370.000000 1.841775 0.614972 0.688910 2.490729 1.649604 3.999248 2.325513 0.661271
Pedestrian -1 -1 -10 1029.000000 241.000000 1146.000000 365.000000 1.810350 0.600103 0.702917 1.435768 1.242264 2.473090 -1.001489 0.195704
Car -1 -1 -10 1137.000000 240.000000 1233.000000 371.000000 1.466933 1.622739 3.380343 3.665259 1.608496 5.872604 2.325266 0.011769
Car -1 -1 -10 185.000000 168.000000 354.000000 369.000000 1.512906 1.589913 3.785592 -2.814739 1.520658 4.265979 1.729862 0.010214
Cyclist -1 -1 -10 183.000000 171.000000 353.000000 371.000000 1.665832 0.563883 0.762954 -2.322811 1.745973 3.841041 1.627391 0.607151
Cyclist -1 -1 -10 996.000000 238.000000 1234.000000 372.000000 1.853442 0.601053 0.705385 1.359960 1.195400 2.524180 2.277380 0.332442
Cyclist -1 -1 -10 1118.000000 234.000000 1213.000000 370.000000 1.490960 1.640029 3.607115 2.626778 1.448563 4.352393 2.320014 0.238336
Cyclist -1 -1 -10 891.000000 237.000000 1052.000000 370.000000 1.488461 1.638827 3.513343 2.637351 1.901716 7.177892 2.124737 0.034471
Cyclist -1 -1 -10 1184.000000 235.000000 1238.000000 365.000000 1.804147 0.592992 0.698613 1.632795 1.155684 2.289245 2.332508 0.020767
Cyclist -1 -1 -10 1007.000000 222.000000 1112.000000 364.000000 1.785832 0.597484 0.671122 1.185489 1.121638 2.393388 -1.017974 0.016162
Cyclist -1 -1 -10 367.000000 179.000000 481.000000 274.000000 1.679793 0.535622 1.762923 -3.003544 1.576945 11.504861 -1.820286 0.012399
Cyclist -1 -1 -10 456.000000 171.000000 493.000000 244.000000 1.602235 0.595711 0.681995 -3.004215 1.440023 17.621602 -1.725013 0.010904
