Pedestrian -1 -1 -10 1003.000000 159.000000 1038.000000 241.000000 1.684459 0.606896 0.767759 8.578575 1.724330 14.905335 1.053083 0.815887
Pedestrian -1 -1 -10 957.000000 158.000000 1003.000000 245.000000 1.897863 0.669418 0.855177 2.951213 2.220781 7.848024 2.095139 0.066996
Pedestrian -1 -1 -10 964.000000 162.000000 988.000000 226.000000 1.780565 0.657355 0.856209 4.071222 2.285423 10.145107 -1.121046 0.021323
Car -1 -1 -10 1003.000000 162.000000 1038.000000 240.000000 1.551605 1.538672 3.485925 9.000652 1.544296 15.770119 -1.014346 0.016173
Car -1 -1 -10 908.000000 172.000000 973.000000 206.000000 1.377326 1.515302 3.378516 20.851857 2.091773 47.380627 1.949706 0.013301
Cyclist -1 -1 -10 918.000000 159.000000 994.000000 262.000000 1.651991 0.622042 0.726218 6.017427 1.532117 12.163995 -1.101870 0.999681
Cyclist -1 -1 -10 954.000000 159.000000 1005.000000 254.000000 1.661621 0.604723 0.729870 5.858328 1.510015 12.067527 -1.077217 0.959929
Cyclist -1 -1 -10 997.000000 161.000000 1046.000000 240.000000 1.679167 0.594339 0.772057 8.574950 1.710032 14.999752 -1.000774 0.883015
Cyclist -1 -1 -10 778.000000 168.000000 797.000000 210.000000 1.617242 0.598174 0.692081 7.203217 1.578862 28.947188 -1.309655 0.877053
Cyclist -1 -1 -10 949.000000 162.000000 990.000000 212.000000 1.672870 0.706227 0.751701 3.839218 1.684742 9.497479 -1.155660 0.144478
Cyclist -1 -1 -10 908.000000 172.000000 970.000000 208.000000 1.695793 0.581762 0.621448 19.217571 2.076306 43.879844 -1.155830 0.138898
Cyclist -1 -1 -10 975.000000 167.000000 1023.000000 231.000000 1.752668 0.492428 1.659134 8.182889 1.480197 15.090164 -1.054098 0.066942
Cyclist -1 -1 -10 995.000000 168.000000 1031.000000 218.000000 1.684564 0.691316 0.790617 4.396782 1.964672 9.870795 -1.099055 0.015860
