Car -1 -1 -10 357.000000 196.000000 466.000000 273.000000 1.467350 1.558354 3.698946 -4.180463 2.142714 15.198056 1.706234 0.998619
Car -1 -1 -10 743.000000 155.000000 1025.000000 330.000000 1.593682 1.625272 4.098270 3.321554 1.404117 8.924859 -1.756969 0.995233
Car -1 -1 -10 476.000000 181.000000 521.000000 222.000000 1.536874 1.600279 3.830392 -5.410832 2.248048 35.763038 1.527869 0.992042
Car -1 -1 -10 8.000000 191.000000 278.000000 374.000000 1.506719 1.613560 3.787581 -3.519309 1.663181 4.096329 1.608278 0.982589
Car -1 -1 -10 949.000000 194.000000 1234.000000 373.000000 1.440554 1.567467 3.695602 3.587613 1.771838 3.346762 -0.306685 0.975426
Car -1 -1 -10 159.000000 180.000000 404.000000 368.000000 1.496515 1.568919 3.603281 -3.780622 1.804517 7.815264 1.664055 0.921485
Car -1 -1 -10 509.000000 188.000000 534.000000 214.000000 1.397951 1.511003 3.513175 -5.191094 2.795309 40.053368 -1.675491 0.186593
Car -1 -1 -10 492.000000 186.000000 527.000000 217.000000 1.499082 1.596342 3.839313 -5.306739 2.131910 35.584551 1.526197 0.042226
Car -1 -1 -10 3.000000 190.000000 222.000000 271.000000 1.413735 1.633111 3.588249 -2.403205 0.905034 2.933535 1.025428 0.014277
Cyclist -1 -1 -10 69.000000 186.000000 199.000000 278.000000 1.532669 1.552392 3.358055 -4.778380 1.797416 5.637213 1.050613 0.035345
