Car -1 -1 -10 136.000000 204.000000 277.000000 265.000000 1.432544 1.612818 4.000929 -9.477716 2.118076 17.547790 0.589715 0.999613
Car -1 -1 -10 604.000000 181.000000 689.000000 232.000000 1.436498 1.565660 3.825008 1.034561 1.731773 21.098727 1.614039 0.997330
Car -1 -1 -10 530.000000 182.000000 594.000000 229.000000 1.395314 1.577930 3.739590 -1.409487 1.736216 21.684794 1.471465 0.931401
Car -1 -1 -10 291.000000 171.000000 538.000000 295.000000 1.648842 1.687975 4.220123 -3.437970 1.635083 12.719268 -2.434208 0.895002
Car -1 -1 -10 189.000000 184.000000 304.000000 222.000000 1.488199 1.697373 4.130718 -16.507401 1.979234 32.877117 -3.121974 0.398184
Car -1 -1 -10 138.000000 191.000000 224.000000 218.000000 1.446528 1.532423 3.818845 -20.937226 2.335663 35.489029 0.436698 0.251206
Car -1 -1 -10 -1.000000 195.000000 57.000000 240.000000 1.545638 1.611934 3.819029 -21.881533 2.392213 26.602533 -2.261605 0.104264
Car -1 -1 -10 660.000000 173.000000 786.000000 219.000000 1.459440 1.590797 3.910064 4.152603 1.395471 26.878365 2.260522 0.057502
Car -1 -1 -10 574.000000 179.000000 637.000000 220.000000 1.497197 1.666420 3.571485 -0.059578 2.284854 32.232769 1.555573 0.032708
Car -1 -1 -10 170.000000 189.000000 279.000000 237.000000 1.508683 1.566817 3.531132 -11.434827 1.998322 24.513880 -2.025681 0.024095
Car -1 -1 -10 423.000000 180.000000 531.000000 244.000000 1.431002 1.559687 3.639657 -2.537593 2.231210 19.375052 1.390726 0.012863
