Pedestrian -1 -1 -10 936.000000 168.000000 1009.000000 317.000000 1.703337 0.604540 0.758655 4.134585 1.740099 7.880983 -1.054265 0.993334
Pedestrian -1 -1 -10 520.000000 182.000000 537.000000 237.000000 1.700550 0.596401 0.752265 -2.221806 1.943806 21.512503 -1.630199 0.875903
Pedestrian -1 -1 -10 418.000000 176.000000 450.000000 263.000000 1.618791 0.604365 0.650757 -3.152130 1.553821 13.333273 -1.781755 0.624845
Pedestrian -1 -1 -10 575.000000 180.000000 596.000000 226.000000 1.669776 0.607779 0.750836 -0.606298 1.888193 28.493261 -1.557492 0.571616
Pedestrian -1 -1 -10 3.000000 184.000000 120.000000 364.000000 1.635963 0.652845 0.560478 -4.084812 1.917852 5.190507 0.405693 0.350711
Pedestrian -1 -1 -10 626.000000 177.000000 643.000000 222.000000 1.692430 0.601872 0.746698 1.409429 1.863518 29.621912 -1.487814 0.303389
Pedestrian -1 -1 -10 685.000000 182.000000 702.000000 225.000000 1.656769 0.599615 0.714939 3.279876 1.894572 25.635667 -1.409410 0.268584
Pedestrian -1 -1 -10 657.000000 179.000000 671.000000 212.000000 1.653687 0.587439 0.723127 3.463303 1.852003 40.198790 -1.440579 0.108878
Pedestrian -1 -1 -10 169.000000 198.000000 184.000000 245.000000 1.769332 0.583993 0.613010 -15.669366 2.387888 27.345920 -2.114967 0.063985
Pedestrian -1 -1 -10 -8.000000 183.000000 251.000000 372.000000 1.731494 0.725753 0.611102 -4.001499 1.957958 5.324327 0.497332 0.047741
Pedestrian -1 -1 -10 671.000000 179.000000 680.000000 212.000000 1.669217 0.604290 0.705864 4.151685 1.795730 40.018308 -1.435884 0.037051
Pedestrian -1 -1 -10 1.000000 195.000000 65.000000 345.000000 1.636018 0.613495 0.569272 -4.293568 1.800139 5.478448 1.366513 0.034032
Car -1 -1 -10 -1.000000 181.000000 267.000000 376.000000 1.477991 1.566133 3.770078 -4.594058 1.750538 6.351155 0.507270 0.019495
Car -1 -1 -10 714.000000 199.000000 772.000000 251.000000 1.492170 1.633524 3.320062 0.591397 1.872210 7.853387 1.854286 0.015967
Cyclist -1 -1 -10 0.000000 181.000000 224.000000 372.000000 1.632171 0.657857 1.726028 -4.105319 1.796108 5.481869 0.489278 0.769966
Cyclist -1 -1 -10 574.000000 180.000000 596.000000 227.000000 1.686664 0.595823 0.767690 -0.595137 1.845203 28.516750 -1.563605 0.186111
Cyclist -1 -1 -10 6.000000 187.000000 113.000000 359.000000 1.676758 0.613055 1.764551 -4.172743 1.781396 5.267782 0.953958 0.042478
