Pedestrian -1 -1 -10 327.000000 164.000000 363.000000 266.000000 1.708549 0.611737 0.732085 -4.653554 1.629904 13.050037 0.183167 0.981031
Pedestrian -1 -1 -10 465.000000 186.000000 497.000000 261.000000 1.646281 0.596598 0.642623 -2.381288 1.836651 13.335948 -1.690158 0.570570
Pedestrian -1 -1 -10 431.000000 189.000000 464.000000 263.000000 1.669877 0.580237 0.698493 -2.794761 1.899520 13.093647 -1.726745 0.324575
Pedestrian -1 -1 -10 1135.000000 124.000000 1177.000000 246.000000 1.719404 0.605887 0.690890 8.793962 1.292878 11.355413 1.200605 0.047620
Pedestrian -1 -1 -10 456.000000 188.000000 484.000000 252.000000 1.640500 0.595355 0.584774 -2.796587 1.401756 15.444548 -1.744588 0.037723
Pedestrian -1 -1 -10 987.000000 67.000000 1016.000000 185.000000 1.677418 0.709871 0.709003 3.019245 1.020034 6.127026 2.074706 0.027505
Pedestrian -1 -1 -10 433.000000 190.000000 456.000000 237.000000 1.604052 0.587170 0.639863 -5.667524 1.764035 25.383737 -1.757436 0.015589
Pedestrian -1 -1 -10 451.000000 189.000000 472.000000 259.000000 1.622351 0.585984 0.613709 -2.546769 1.818554 13.378533 -1.710886 0.011324
Car -1 -1 -10 737.000000 148.000000 959.000000 310.000000 1.535660 1.600378 4.048859 3.411092 1.227495 9.958148 -1.704512 0.994510
Cyclist -1 -1 -10 1136.000000 211.000000 1235.000000 373.000000 1.631753 0.581312 0.611420 2.643019 1.755844 3.049356 -0.885597 0.079247
