Pedestrian -1 -1 -10 373.000000 168.000000 387.000000 226.000000 1.618797 0.584067 0.555665 -8.977883 1.282810 28.186926 -1.827280 0.015204
Car -1 -1 -10 637.000000 179.000000 680.000000 215.000000 1.452378 1.594170 3.775947 2.225818 1.884336 31.799825 1.602016 0.999260
Car -1 -1 -10 547.000000 171.000000 579.000000 198.000000 1.508515 1.625280 3.823180 -3.240118 1.637732 50.926326 -1.642954 0.999144
Car -1 -1 -10 406.000000 185.000000 521.000000 267.000000 1.532785 1.583223 3.738384 -2.992654 1.764895 14.820757 -1.358417 0.998334
Car -1 -1 -10 80.000000 171.000000 438.000000 374.000000 1.529241 1.626115 3.868674 -3.343793 1.645369 6.877324 1.584629 0.998326
Car -1 -1 -10 634.000000 172.000000 658.000000 199.000000 1.571090 1.330323 3.309890 -0.065260 3.320285 23.229257 1.578537 0.263230
Car -1 -1 -10 483.000000 175.000000 539.000000 200.000000 1.509638 1.555274 3.654854 -5.694971 1.964986 41.767939 1.897225 0.213981
Cyclist -1 -1 -10 351.000000 176.000000 374.000000 217.000000 1.755146 0.489860 1.662265 -9.626056 1.381904 27.129751 -1.864424 0.032058
Cyclist -1 -1 -10 364.000000 174.000000 390.000000 220.000000 1.725404 0.452563 1.614319 -8.971304 1.412498 27.842839 -1.858698 0.014178
Cyclist -1 -1 -10 346.000000 175.000000 407.000000 225.000000 1.502369 1.546191 3.836015 -8.995568 1.205016 27.518358 0.777088 0.011089
