Pedestrian -1 -1 -10 721.000000 163.000000 739.000000 223.000000 1.685882 0.632802 0.698880 2.695601 1.520932 16.492926 -1.396532 0.737794
Pedestrian -1 -1 -10 49.000000 184.000000 187.000000 379.000000 1.680555 0.586133 0.732642 -3.409720 1.957062 5.249843 -2.112070 0.100293
Pedestrian -1 -1 -10 467.000000 180.000000 490.000000 243.000000 1.684074 0.596784 0.727417 -3.401312 2.155719 19.118126 -1.705673 0.046730
Pedestrian -1 -1 -10 712.000000 164.000000 732.000000 221.000000 1.695489 0.597784 0.745054 3.938802 1.627427 23.632039 -1.372471 0.016980
Pedestrian -1 -1 -10 513.000000 177.000000 519.000000 202.000000 1.769331 0.583993 0.613010 -4.553803 2.053135 35.577757 -1.711568 0.012807
Car -1 -1 -10 296.000000 197.000000 431.000000 274.000000 1.517133 1.609001 3.756270 -5.579037 2.112248 16.358602 1.676228 0.999271
Car -1 -1 -10 641.000000 181.000000 678.000000 210.000000 1.482856 1.563973 3.760099 2.772010 1.928202 36.034467 1.051906 0.991346
Car -1 -1 -10 484.000000 187.000000 526.000000 220.000000 1.492108 1.602542 3.721634 -5.228747 2.343621 34.556993 1.822433 0.243436
Cyclist -1 -1 -10 128.000000 179.000000 330.000000 373.000000 1.682714 0.549441 1.725358 -3.135271 1.760854 5.724382 -2.034590 0.999716
Cyclist -1 -1 -10 19.000000 187.000000 213.000000 379.000000 1.702962 0.531770 1.723771 -3.355709 1.911538 5.214087 -2.138672 0.999527
Cyclist -1 -1 -10 464.000000 177.000000 495.000000 250.000000 1.657424 0.583627 0.720573 -3.384876 2.088124 19.101449 -1.709764 0.999282
Cyclist -1 -1 -10 721.000000 163.000000 741.000000 223.000000 1.400547 1.562464 3.569698 3.417463 1.712717 20.895715 1.762810 0.671916
Cyclist -1 -1 -10 471.000000 185.000000 506.000000 237.000000 1.647675 0.585421 0.720112 -3.398276 2.045774 19.150499 -1.700495 0.052022
