Pedestrian -1 -1 -10 831.000000 157.000000 911.000000 339.000000 1.672178 0.610968 0.722474 2.766140 1.690692 7.375180 -1.177260 0.999155
Pedestrian -1 -1 -10 752.000000 162.000000 818.000000 337.000000 1.685711 0.593652 0.734403 1.773284 1.680991 7.217685 -1.275674 0.997787
Pedestrian -1 -1 -10 1087.000000 140.000000 1166.000000 291.000000 1.690687 0.608464 0.767331 6.297282 1.494128 8.592938 -0.899880 0.997681
Pedestrian -1 -1 -10 364.000000 169.000000 408.000000 275.000000 1.703539 0.607554 0.760847 -3.645273 1.755614 12.069010 -1.825357 0.997516
Pedestrian -1 -1 -10 4.000000 173.000000 80.000000 344.000000 1.700321 0.611553 0.774725 -5.859265 1.862821 7.469660 -2.189702 0.984232
Pedestrian -1 -1 -10 999.000000 152.000000 1051.000000 267.000000 1.682159 0.587045 0.727656 5.994051 1.492252 10.308622 -0.984860 0.972227
Pedestrian -1 -1 -10 1165.000000 144.000000 1235.000000 280.000000 1.711793 0.584990 0.751879 7.612831 1.500261 8.965400 -0.824666 0.933248
Pedestrian -1 -1 -10 655.000000 170.000000 681.000000 241.000000 1.693741 0.608080 0.759704 1.565395 1.629952 16.711945 -1.438641 0.820562
Pedestrian -1 -1 -10 401.000000 173.000000 428.000000 246.000000 1.641875 0.609230 0.699222 -4.151233 1.731517 16.429374 0.293601 0.491744
Pedestrian -1 -1 -10 410.000000 172.000000 456.000000 245.000000 1.690009 0.613145 0.731332 -3.738032 1.674078 16.364236 0.311402 0.045497
Pedestrian -1 -1 -10 431.000000 171.000000 466.000000 246.000000 1.693832 0.573979 0.733982 -3.517259 1.811821 16.005921 -1.724359 0.019476
Pedestrian -1 -1 -10 771.000000 166.000000 806.000000 252.000000 1.828395 0.611654 0.669004 0.527264 1.303406 3.683726 1.890419 0.015419
Pedestrian -1 -1 -10 373.000000 176.000000 402.000000 248.000000 1.769333 0.583993 0.613010 -4.532528 1.573092 16.981148 -1.870528 0.010458
Car -1 -1 -10 531.000000 169.000000 565.000000 201.000000 1.490358 1.579254 3.805019 -3.268453 1.229845 43.180970 2.038823 0.310343
Car -1 -1 -10 422.000000 165.000000 493.000000 226.000000 1.555299 1.623424 3.775440 -4.719665 1.204729 24.110157 -1.662979 0.092219
Car -1 -1 -10 459.000000 166.000000 512.000000 217.000000 1.503794 1.523502 3.579939 -4.689016 1.245036 27.164758 -1.670305 0.075346
Cyclist -1 -1 -10 428.000000 171.000000 467.000000 248.000000 1.724689 0.530203 1.738663 -3.460094 1.796615 16.017695 -1.724109 0.595851
Cyclist -1 -1 -10 1189.000000 143.000000 1236.000000 275.000000 1.682893 0.562982 0.743277 7.639772 1.397843 9.010909 -0.819924 0.070015
Cyclist -1 -1 -10 420.000000 165.000000 490.000000 230.000000 1.675934 0.622675 0.623707 -3.639780 1.607403 17.711599 -1.752983 0.049935
Cyclist -1 -1 -10 655.000000 170.000000 681.000000 242.000000 1.685756 0.600000 0.772017 1.567886 1.597438 16.725948 -1.446649 0.036567
Cyclist -1 -1 -10 402.000000 173.000000 434.000000 247.000000 1.671944 0.615590 0.673995 -4.060376 1.676876 16.294511 -1.793300 0.030245
