Pedestrian -1 -1 -10 941.000000 158.000000 1064.000000 376.000000 1.662440 0.601177 0.685855 2.590179 1.640496 4.458606 -1.005276 0.997182
Pedestrian -1 -1 -10 716.000000 176.000000 775.000000 313.000000 1.636020 0.605712 0.657578 1.766875 1.786588 8.284346 1.224078 0.994485
Pedestrian -1 -1 -10 767.000000 166.000000 824.000000 339.000000 1.694891 0.604363 0.749805 1.966931 1.773109 6.995597 -1.266219 0.989155
Pedestrian -1 -1 -10 884.000000 167.000000 954.000000 366.000000 1.616002 0.600044 0.620731 2.462891 1.743582 5.177877 0.988251 0.979834
Pedestrian -1 -1 -10 813.000000 178.000000 867.000000 318.000000 1.706449 0.575297 0.647020 2.427400 1.829924 7.796962 0.882938 0.936798
Pedestrian -1 -1 -10 862.000000 164.000000 901.000000 290.000000 1.638479 0.597741 0.558360 2.677876 1.713017 6.067450 -1.192172 0.930436
Pedestrian -1 -1 -10 540.000000 161.000000 577.000000 261.000000 1.748982 0.603388 0.795366 -0.855197 1.626867 13.720300 -1.581367 0.929681
Pedestrian -1 -1 -10 665.000000 172.000000 684.000000 222.000000 1.690292 0.599256 0.730899 2.506899 1.557786 24.660391 -1.429871 0.863783
Pedestrian -1 -1 -10 879.000000 163.000000 916.000000 298.000000 1.618118 0.597075 0.645393 2.538419 1.557536 5.638986 -1.156510 0.435379
Pedestrian -1 -1 -10 765.000000 170.000000 798.000000 277.000000 1.593729 0.609904 0.604398 2.012795 1.558643 7.119715 -1.307927 0.431752
Pedestrian -1 -1 -10 796.000000 173.000000 850.000000 297.000000 1.718450 0.576247 0.615542 2.331921 1.770381 8.200043 2.362279 0.308495
Pedestrian -1 -1 -10 679.000000 171.000000 698.000000 221.000000 1.615841 0.620034 0.637796 3.118758 1.539819 24.276043 1.150221 0.261326
Car -1 -1 -10 536.000000 173.000000 591.000000 242.000000 1.522824 1.553003 3.484742 -0.655792 1.399183 15.127062 -1.594205 0.403943
Cyclist -1 -1 -10 539.000000 166.000000 579.000000 255.000000 1.726975 0.600025 0.796646 -0.881827 1.599395 13.757936 -1.603085 0.924361
Cyclist -1 -1 -10 543.000000 174.000000 597.000000 229.000000 1.481028 1.605483 3.820942 -1.017392 1.512001 22.747914 1.598900 0.101744
Cyclist -1 -1 -10 918.000000 176.000000 937.000000 239.000000 1.621323 0.587659 0.616718 9.187611 1.624483 19.866103 -1.136041 0.015203
Cyclist -1 -1 -10 764.000000 170.000000 798.000000 275.000000 1.594774 0.601186 0.605663 2.040265 1.526419 7.132945 -1.314362 0.012871
Cyclist -1 -1 -10 889.000000 171.000000 930.000000 309.000000 1.616614 0.592969 0.673527 2.571381 1.552793 5.654688 -1.143277 0.010289
