Car -1 -1 -10 105.000000 186.000000 382.000000 279.000000 1.564699 1.637251 4.021097 -6.171260 1.751913 13.192909 -3.189968 0.995939
Car -1 -1 -10 655.000000 178.000000 692.000000 205.000000 1.480043 1.567431 3.789449 3.469114 1.697491 37.830154 -1.518752 0.993484
Car -1 -1 -10 322.000000 179.000000 505.000000 230.000000 1.435744 1.537146 4.020878 -5.720933 1.553857 23.164887 0.651070 0.972904
Car -1 -1 -10 806.000000 169.000000 1240.000000 373.000000 1.464718 1.592134 3.897545 2.846431 1.568076 3.963043 1.458994 0.947405
Car -1 -1 -10 -5.000000 197.000000 239.000000 346.000000 1.484684 1.597507 3.874468 -5.897641 1.705179 8.173568 -2.751508 0.894472
Car -1 -1 -10 402.000000 177.000000 515.000000 219.000000 1.556547 1.605757 4.034863 -5.753593 1.596832 28.074616 0.756740 0.474043
Car -1 -1 -10 213.000000 184.000000 387.000000 249.000000 1.559397 1.632150 3.972767 -6.296624 1.521761 15.623536 -1.845382 0.397152
Car -1 -1 -10 438.000000 170.000000 535.000000 212.000000 1.494334 1.631279 4.062235 -5.575251 1.416161 34.089158 -2.967305 0.260562
Car -1 -1 -10 463.000000 173.000000 564.000000 205.000000 1.640439 1.654282 3.748361 -5.324240 1.497494 39.800480 1.912173 0.037553
Car -1 -1 -10 1.000000 196.000000 159.000000 296.000000 1.493059 1.658231 3.580179 -9.167701 1.776578 12.827990 0.932118 0.034127
Car -1 -1 -10 224.000000 191.000000 305.000000 227.000000 1.547956 1.560202 3.733442 -18.232125 2.077365 37.300807 1.168259 0.020304
