Car -1 -1 -10 369.000000 188.000000 490.000000 265.000000 1.522427 1.575824 3.686809 -3.988576 2.031444 16.043556 1.754787 0.999286
Car -1 -1 -10 455.000000 186.000000 520.000000 232.000000 1.469015 1.593721 3.688300 -4.307088 2.128437 24.627506 1.521900 0.998075
Car -1 -1 -10 633.000000 177.000000 677.000000 208.000000 1.491481 1.564711 3.806742 2.324697 1.637496 35.795809 -1.568835 0.997051
Car -1 -1 -10 194.000000 201.000000 350.000000 282.000000 1.508583 1.563637 3.758447 -6.925323 2.198850 14.563453 1.615864 0.995664
Car -1 -1 -10 735.000000 162.000000 861.000000 204.000000 1.484542 1.641259 4.100810 8.188360 0.959432 30.883985 1.278430 0.978020
Car -1 -1 -10 814.000000 157.000000 869.000000 182.000000 1.472291 1.639019 3.609435 9.553027 0.407542 32.737978 1.894274 0.132847
Car -1 -1 -10 891.000000 152.000000 947.000000 177.000000 1.480809 1.611637 4.056488 20.770770 0.230037 47.053848 1.507327 0.060366
Car -1 -1 -10 2.000000 221.000000 95.000000 369.000000 1.431451 1.502788 3.637506 -6.925530 2.728073 9.488715 0.878980 0.034078
Car -1 -1 -10 416.000000 189.000000 471.000000 224.000000 1.555698 1.520003 3.640393 -7.074407 1.695285 31.447944 1.349247 0.011216
Cyclist -1 -1 -10 2.000000 221.000000 95.000000 369.000000 1.707145 0.622167 1.764104 -6.268519 2.873331 8.546099 -2.208449 0.022020
