Pedestrian -1 -1 -10 722.000000 142.000000 787.000000 327.000000 1.690364 0.601078 0.740603 1.515835 1.467195 7.007785 -1.322467 0.999362
Pedestrian -1 -1 -10 1014.000000 143.000000 1090.000000 336.000000 1.720146 0.609538 0.801573 4.193453 1.677566 6.435044 -0.954777 0.999098
Pedestrian -1 -1 -10 802.000000 144.000000 877.000000 325.000000 1.703432 0.602883 0.751140 2.266410 1.518077 6.920175 -1.211537 0.998985
Pedestrian -1 -1 -10 922.000000 144.000000 1010.000000 339.000000 1.670613 0.617549 0.751355 3.405190 1.561076 6.375537 -1.063796 0.998473
Pedestrian -1 -1 -10 504.000000 141.000000 559.000000 320.000000 1.722692 0.601867 0.755419 -0.736594 1.557208 7.343393 -1.625825 0.995139
Pedestrian -1 -1 -10 583.000000 137.000000 637.000000 300.000000 1.732353 0.598816 0.769269 0.029447 1.463055 8.264341 -1.513004 0.992538
Pedestrian -1 -1 -10 666.000000 139.000000 712.000000 281.000000 1.719610 0.587396 0.756867 1.027259 1.414762 8.876185 -1.400614 0.989362
Pedestrian -1 -1 -10 639.000000 160.000000 690.000000 293.000000 1.694600 0.595218 0.732185 0.909857 1.550464 8.770720 -1.435536 0.987872
Pedestrian -1 -1 -10 556.000000 150.000000 604.000000 304.000000 1.720938 0.598591 0.756094 -0.062961 1.540849 8.188020 -1.555683 0.949570
Pedestrian -1 -1 -10 495.000000 141.000000 530.000000 237.000000 1.629472 0.604681 0.677060 -1.570793 0.974842 12.890917 -1.668303 0.931237
Pedestrian -1 -1 -10 253.000000 135.000000 290.000000 256.000000 1.645221 0.601936 0.714966 -5.338728 1.072764 11.500310 -1.973616 0.707468
Pedestrian -1 -1 -10 1127.000000 137.000000 1223.000000 367.000000 1.636438 0.594292 0.608008 2.250321 1.509029 2.446804 -0.885152 0.693045
Pedestrian -1 -1 -10 660.000000 141.000000 692.000000 243.000000 1.635560 0.591235 0.595058 1.544907 0.648711 13.406112 -1.465382 0.632901
Pedestrian -1 -1 -10 888.000000 163.000000 923.000000 238.000000 1.703064 0.603157 0.805864 7.302054 1.740553 17.315090 2.448941 0.623173
Pedestrian -1 -1 -10 613.000000 139.000000 639.000000 207.000000 1.736454 0.683592 0.774859 -0.274628 1.361333 7.157476 -1.586020 0.413681
Pedestrian -1 -1 -10 490.000000 140.000000 503.000000 180.000000 1.695422 0.610519 0.665951 -5.532780 0.303359 37.095531 0.391577 0.379676
Pedestrian -1 -1 -10 570.000000 147.000000 604.000000 240.000000 1.644754 0.597523 0.614769 -0.245959 0.848213 13.216169 -1.584199 0.292937
Pedestrian -1 -1 -10 496.000000 141.000000 514.000000 203.000000 1.769333 0.583993 0.613010 -4.430986 1.426896 29.983611 -1.721964 0.268748
Pedestrian -1 -1 -10 551.000000 146.000000 567.000000 197.000000 1.693834 0.620071 0.772465 -1.893914 0.723118 28.861364 -1.590341 0.122805
Cyclist -1 -1 -10 296.000000 144.000000 338.000000 218.000000 1.629735 0.594015 0.686430 -9.027045 0.571866 22.413551 -1.933981 0.750975
Cyclist -1 -1 -10 249.000000 136.000000 294.000000 256.000000 1.608196 0.588631 0.658931 -5.156854 0.925259 11.412444 -1.989052 0.363139
Cyclist -1 -1 -10 493.000000 139.000000 530.000000 237.000000 1.603191 0.595535 0.653858 -1.605435 0.845899 12.981025 -1.680922 0.303059
Cyclist -1 -1 -10 304.000000 152.000000 367.000000 210.000000 1.663711 0.608423 0.640089 -11.614747 0.768202 30.500733 -1.939972 0.270059
Cyclist -1 -1 -10 328.000000 153.000000 389.000000 202.000000 1.653307 0.586643 1.604738 -11.646678 0.637178 31.805254 -1.860262 0.212353
Cyclist -1 -1 -10 550.000000 146.000000 567.000000 198.000000 1.675259 0.636635 0.752330 -1.855573 0.633480 28.989424 -1.608157 0.156411
Cyclist -1 -1 -10 258.000000 144.000000 353.000000 228.000000 1.630054 0.593371 0.638506 -7.481953 0.656175 17.246322 -1.959068 0.138232
Cyclist -1 -1 -10 570.000000 144.000000 600.000000 208.000000 1.480667 1.582041 3.710229 -0.251304 0.182510 30.323070 1.060496 0.099183
Cyclist -1 -1 -10 498.000000 145.000000 546.000000 277.000000 1.622635 0.588246 0.696494 -0.664363 1.309405 7.299538 -1.659439 0.074232
Cyclist -1 -1 -10 348.000000 150.000000 381.000000 193.000000 1.732496 0.577753 1.722191 -11.869754 0.529083 33.480163 1.711783 0.059284
Cyclist -1 -1 -10 569.000000 146.000000 605.000000 261.000000 1.660135 0.601674 0.562741 -0.252340 0.920235 11.872023 -1.603083 0.057976
Cyclist -1 -1 -10 512.000000 143.000000 544.000000 206.000000 1.716306 0.590197 0.623951 -2.666184 1.430180 27.659449 -1.693524 0.050588
Cyclist -1 -1 -10 604.000000 139.000000 637.000000 208.000000 1.714271 0.695462 0.796552 -0.418703 1.357126 7.020180 1.588844 0.020329
Cyclist -1 -1 -10 553.000000 148.000000 612.000000 301.000000 1.705573 0.579502 0.751497 -0.076488 1.441792 8.226808 -1.556473 0.019002
Cyclist -1 -1 -10 492.000000 139.000000 509.000000 188.000000 1.761675 0.629812 0.566728 -5.113403 1.371796 32.733094 -1.733891 0.015487
Cyclist -1 -1 -10 662.000000 144.000000 705.000000 248.000000 1.642673 0.578048 0.608409 1.515573 0.655826 13.470454 -1.461469 0.014445
Cyclist -1 -1 -10 496.000000 141.000000 514.000000 203.000000 1.752813 0.579793 0.644046 -4.505861 1.369980 30.024030 -1.727164 0.013301
Cyclist -1 -1 -10 1135.000000 136.000000 1222.000000 372.000000 1.636411 0.582541 0.618720 2.255744 1.483115 2.502435 -0.884850 0.010880
