Car -1 -1 -10 698.000000 192.000000 799.000000 264.000000 1.450596 1.571346 3.852668 3.281927 1.542226 15.820330 -1.494225 0.999620
Car -1 -1 -10 31.000000 196.000000 393.000000 375.000000 1.567238 1.666324 3.782626 -3.814661 1.644315 7.009194 -1.526143 0.999590
Car -1 -1 -10 405.000000 184.000000 504.000000 256.000000 1.578350 1.623511 3.747000 -3.801367 1.588865 17.508645 -1.328409 0.999326
Car -1 -1 -10 646.000000 184.000000 692.000000 218.000000 1.471326 1.586637 3.767436 3.033388 1.427980 33.632208 -1.549925 0.998953
Car -1 -1 -10 362.000000 186.000000 428.000000 225.000000 1.515658 1.622556 3.878972 -8.510285 1.447461 27.951973 -1.823889 0.986372
Car -1 -1 -10 229.000000 189.000000 348.000000 235.000000 1.466257 1.625365 3.941321 -12.788703 1.368569 28.188942 1.712281 0.985797
Car -1 -1 -10 468.000000 185.000000 528.000000 232.000000 1.551447 1.619226 3.750271 -4.006391 1.579076 25.735475 -1.588841 0.937676
Car -1 -1 -10 495.000000 186.000000 539.000000 217.000000 1.495321 1.586991 3.764561 -4.544759 1.599950 36.421156 -1.593071 0.291041
Car -1 -1 -10 448.000000 179.000000 483.000000 206.000000 1.572192 1.604147 3.834584 -9.037679 0.901619 45.331927 -1.745319 0.034221
Car -1 -1 -10 445.000000 181.000000 494.000000 224.000000 1.559342 1.608778 3.714527 -8.484289 0.986017 45.066945 -1.730992 0.019642
Cyclist -1 -1 -10 232.000000 187.000000 345.000000 234.000000 1.496251 1.561216 3.844183 -12.493904 1.224671 26.364028 1.609408 0.022195
