Pedestrian -1 -1 -10 634.000000 135.000000 672.000000 244.000000 1.683823 0.611352 0.739802 0.927330 1.104272 12.039115 -1.462053 0.998382
Pedestrian -1 -1 -10 591.000000 139.000000 631.000000 250.000000 1.715085 0.603963 0.764640 0.168371 1.266216 11.856606 -1.517220 0.998332
Pedestrian -1 -1 -10 1017.000000 131.000000 1125.000000 370.000000 1.718736 0.587478 0.698358 2.822006 1.584322 4.032006 1.134714 0.996442
Pedestrian -1 -1 -10 917.000000 142.000000 1039.000000 370.000000 1.657654 0.602867 0.701131 2.744516 1.635110 4.306929 1.054168 0.994026
Pedestrian -1 -1 -10 1067.000000 130.000000 1167.000000 369.000000 1.770970 0.574047 0.714356 2.904820 1.613390 4.198892 2.692067 0.989722
Pedestrian -1 -1 -10 540.000000 139.000000 575.000000 228.000000 1.685699 0.592427 0.701276 -0.950430 1.045139 14.666779 0.477742 0.984318
Pedestrian -1 -1 -10 499.000000 137.000000 527.000000 224.000000 1.612313 0.619154 0.654664 -1.930744 0.848550 15.382490 -1.665815 0.975561
Pedestrian -1 -1 -10 569.000000 142.000000 601.000000 226.000000 1.612820 0.600703 0.650407 -0.382893 0.907679 14.534317 -1.573276 0.943518
Pedestrian -1 -1 -10 693.000000 146.000000 711.000000 204.000000 1.687715 0.624793 0.649179 3.308023 0.568531 23.865399 2.215082 0.877379
Pedestrian -1 -1 -10 478.000000 145.000000 501.000000 221.000000 1.615526 0.578557 0.610613 -2.526245 0.798849 15.441098 -1.679305 0.743674
Pedestrian -1 -1 -10 442.000000 143.000000 471.000000 223.000000 1.721403 0.606792 0.615212 -3.607350 0.807951 19.438314 0.820958 0.717543
Pedestrian -1 -1 -10 535.000000 145.000000 556.000000 223.000000 1.589862 0.595788 0.580503 -1.281931 0.731259 15.731759 -1.635103 0.716598
Pedestrian -1 -1 -10 526.000000 138.000000 547.000000 204.000000 1.681198 0.704312 0.707777 -1.260438 1.259918 8.134227 1.476465 0.448983
Pedestrian -1 -1 -10 581.000000 141.000000 615.000000 225.000000 1.667585 0.583089 0.670244 -0.380104 0.910210 14.789671 -1.543003 0.398675
Pedestrian -1 -1 -10 278.000000 137.000000 308.000000 235.000000 1.784179 0.619746 0.631933 -7.158749 0.835662 16.876633 0.634091 0.328816
Cyclist -1 -1 -10 435.000000 144.000000 474.000000 230.000000 1.598184 0.579828 0.684000 -2.969278 0.837406 13.945688 -1.738793 0.542840
Cyclist -1 -1 -10 276.000000 139.000000 320.000000 227.000000 1.744398 0.587565 0.693737 -7.584734 0.600164 17.152457 -1.948041 0.378025
Cyclist -1 -1 -10 318.000000 149.000000 399.000000 202.000000 1.768241 0.454312 1.578988 -10.848898 0.782619 30.993659 -1.965257 0.176351
Cyclist -1 -1 -10 292.000000 152.000000 354.000000 206.000000 1.672098 0.543717 1.695475 -11.884852 0.873078 30.509024 -1.974011 0.158264
Cyclist -1 -1 -10 358.000000 147.000000 400.000000 198.000000 1.534489 1.679812 3.935002 -10.350175 0.823927 31.430566 1.260052 0.133931
Cyclist -1 -1 -10 488.000000 139.000000 506.000000 201.000000 1.570798 1.390652 3.446033 -3.042834 1.251183 16.045955 1.413413 0.057948
Cyclist -1 -1 -10 527.000000 139.000000 558.000000 214.000000 1.646813 0.577012 0.612457 -1.990050 0.238514 20.977311 -1.659496 0.037346
Cyclist -1 -1 -10 589.000000 140.000000 630.000000 239.000000 1.622688 0.616019 0.656385 0.139344 1.037532 12.200253 -1.546227 0.020538
Cyclist -1 -1 -10 476.000000 144.000000 503.000000 220.000000 1.635867 0.586243 0.636623 -2.575041 0.558127 16.447166 -1.724064 0.018459
Cyclist -1 -1 -10 456.000000 144.000000 488.000000 224.000000 1.637713 0.599891 0.577006 -3.073705 0.635791 17.258436 -1.753121 0.015904
