Pedestrian -1 -1 -10 65.000000 156.000000 247.000000 376.000000 1.703068 0.574249 0.759232 -2.915692 1.853342 4.666126 -0.008346 0.020760
Car -1 -1 -10 737.000000 165.000000 1005.000000 334.000000 1.517937 1.601045 4.020025 3.015165 1.434159 8.661018 -1.789955 0.999179
Car -1 -1 -10 599.000000 165.000000 672.000000 216.000000 1.463026 1.589338 3.879016 1.057718 1.176340 23.579296 -1.612359 0.999178
Car -1 -1 -10 543.000000 159.000000 615.000000 190.000000 1.612324 1.666973 4.271503 -2.075251 0.738750 39.818774 1.002460 0.985623
Car -1 -1 -10 659.000000 158.000000 750.000000 191.000000 1.473568 1.632612 3.965723 6.683357 0.943036 37.862526 -1.404711 0.971992
Car -1 -1 -10 719.000000 158.000000 801.000000 188.000000 1.604048 1.652168 3.912603 7.865729 0.806132 38.479790 -0.780794 0.907400
Car -1 -1 -10 784.000000 156.000000 856.000000 195.000000 1.544050 1.649365 3.747387 11.319898 0.780748 41.039302 -0.674762 0.264829
Car -1 -1 -10 643.000000 160.000000 708.000000 188.000000 1.462197 1.513375 3.537711 3.759438 0.853009 35.478589 -1.491033 0.042328
Car -1 -1 -10 894.000000 157.000000 953.000000 184.000000 1.329831 1.600325 3.811975 18.668905 1.206866 42.050660 1.438766 0.026954
Car -1 -1 -10 882.000000 155.000000 930.000000 189.000000 1.533503 1.561211 3.627222 16.119007 1.348160 40.698166 -0.553865 0.021080
Car -1 -1 -10 805.000000 159.000000 933.000000 203.000000 1.408477 1.630039 3.949066 14.579988 0.923520 40.635511 2.474929 0.013849
Cyclist -1 -1 -10 49.000000 157.000000 271.000000 376.000000 1.713429 0.556502 0.750201 -2.959051 1.785850 4.713499 1.481657 0.999687
Cyclist -1 -1 -10 783.000000 156.000000 855.000000 197.000000 1.634956 0.586901 0.617910 11.111751 1.385328 39.694460 -1.269133 0.216106
Cyclist -1 -1 -10 840.000000 162.000000 950.000000 206.000000 1.663911 0.579548 0.788144 11.965807 1.126245 31.586982 2.498519 0.063947
Cyclist -1 -1 -10 796.000000 159.000000 888.000000 208.000000 1.429201 1.601404 3.592574 11.368893 1.673506 37.889485 1.920898 0.040573
Cyclist -1 -1 -10 882.000000 155.000000 940.000000 195.000000 1.677009 0.599441 0.787114 12.085764 1.013835 31.603360 2.520837 0.023684
Cyclist -1 -1 -10 895.000000 152.000000 917.000000 197.000000 1.721598 0.579398 0.630315 13.824819 1.768555 32.886611 -1.196971 0.012426
