Pedestrian -1 -1 -10 712.000000 156.000000 790.000000 346.000000 1.686099 0.602980 0.744753 1.382805 1.655055 6.804256 -1.322902 0.997879
Pedestrian -1 -1 -10 658.000000 164.000000 729.000000 347.000000 1.663659 0.597723 0.713069 0.837931 1.640619 6.748889 -1.405389 0.995329
Pedestrian -1 -1 -10 199.000000 157.000000 273.000000 341.000000 1.668407 0.622018 0.662733 -3.125674 1.750789 6.504714 0.544622 0.920103
Pedestrian -1 -1 -10 777.000000 159.000000 800.000000 236.000000 1.673895 0.595688 0.641747 4.265910 1.437329 16.854771 2.311358 0.822399
Pedestrian -1 -1 -10 227.000000 157.000000 360.000000 368.000000 1.712114 0.586828 0.763799 -2.289894 1.754540 5.587470 -1.917332 0.163247
Pedestrian -1 -1 -10 873.000000 162.000000 899.000000 243.000000 1.638324 0.600864 0.703657 6.090325 1.452581 15.152302 -1.159909 0.076835
Pedestrian -1 -1 -10 711.000000 168.000000 732.000000 250.000000 1.739789 0.588873 0.612732 3.070504 1.413174 18.105042 -1.416725 0.057066
Pedestrian -1 -1 -10 692.000000 172.000000 708.000000 221.000000 1.794340 0.600842 0.641678 0.118877 1.236992 3.456430 -1.462413 0.047811
Pedestrian -1 -1 -10 283.000000 173.000000 301.000000 223.000000 1.789519 0.598307 0.637545 -1.598014 1.207481 2.860658 -2.003271 0.033977
Pedestrian -1 -1 -10 823.000000 161.000000 878.000000 277.000000 1.666514 0.598344 0.604809 2.537749 1.801741 7.060356 -1.235369 0.022305
Pedestrian -1 -1 -10 794.000000 154.000000 904.000000 342.000000 1.608514 0.581569 0.638504 1.985102 2.048699 6.554759 -1.205795 0.021915
Pedestrian -1 -1 -10 699.000000 165.000000 737.000000 284.000000 1.611740 0.599248 0.639851 1.211818 1.601761 6.820833 -1.386424 0.019023
Pedestrian -1 -1 -10 446.000000 172.000000 463.000000 216.000000 1.770451 0.585539 0.671748 -6.419489 1.607754 30.202859 0.368312 0.016518
Car -1 -1 -10 515.000000 168.000000 565.000000 209.000000 1.597325 1.633877 3.769260 -3.127151 1.139211 37.781727 -1.538136 0.036275
Cyclist -1 -1 -10 218.000000 148.000000 370.000000 373.000000 1.716551 0.562101 0.756377 -2.288836 1.693306 5.636258 -1.917494 0.997158
Cyclist -1 -1 -10 397.000000 170.000000 453.000000 237.000000 1.710059 0.558660 1.752895 -4.806611 1.651939 18.992873 -1.807056 0.995643
Cyclist -1 -1 -10 794.000000 153.000000 905.000000 347.000000 1.623299 0.573293 0.645936 2.093021 1.982248 6.680890 -1.199974 0.989376
Cyclist -1 -1 -10 190.000000 156.000000 287.000000 355.000000 1.700042 0.623172 0.662870 -2.988478 1.672997 6.415529 0.569068 0.670014
Cyclist -1 -1 -10 893.000000 187.000000 1128.000000 369.000000 1.744461 0.506667 1.694437 2.560955 1.896361 4.621341 -0.999046 0.330963
Cyclist -1 -1 -10 767.000000 159.000000 798.000000 248.000000 1.654387 0.583026 0.626939 3.850155 1.430701 15.719872 -1.328420 0.124320
Cyclist -1 -1 -10 282.000000 172.000000 302.000000 231.000000 1.510753 1.560675 3.396896 -4.040908 1.882532 6.868078 1.233388 0.048616
Cyclist -1 -1 -10 822.000000 161.000000 879.000000 292.000000 1.601849 0.584900 0.621519 2.217507 1.877789 6.931590 -1.214278 0.043349
Cyclist -1 -1 -10 753.000000 167.000000 797.000000 285.000000 1.626617 0.591832 0.687258 1.484325 1.489852 6.831945 -1.310701 0.030651
Cyclist -1 -1 -10 225.000000 183.000000 320.000000 298.000000 1.610120 0.589274 0.641953 -2.267055 1.556261 5.742114 -1.970934 0.027022
Cyclist -1 -1 -10 708.000000 156.000000 796.000000 343.000000 1.666340 0.584467 0.747597 1.396756 1.582109 6.776503 -1.324697 0.017886
Cyclist -1 -1 -10 692.000000 172.000000 708.000000 221.000000 1.523730 1.522563 3.694692 1.345216 2.207590 17.803706 1.718352 0.012797
