Pedestrian -1 -1 -10 252.000000 162.000000 303.000000 308.000000 1.654738 0.611175 0.707138 -4.101536 1.767533 9.096065 -1.961555 0.998637
Pedestrian -1 -1 -10 494.000000 158.000000 567.000000 371.000000 1.724502 0.594213 0.734204 -0.644902 1.659502 5.949073 -1.621371 0.996894
Pedestrian -1 -1 -10 348.000000 165.000000 410.000000 329.000000 1.754769 0.577519 0.722468 -2.372914 1.824523 7.727596 0.253721 0.993916
Pedestrian -1 -1 -10 443.000000 166.000000 488.000000 297.000000 1.699287 0.608774 0.761429 -1.865023 1.709102 9.680493 -1.719765 0.988955
Pedestrian -1 -1 -10 426.000000 163.000000 458.000000 270.000000 1.722324 0.604707 0.789450 -2.815486 1.635549 12.540084 -1.742086 0.916087
Pedestrian -1 -1 -10 351.000000 175.000000 471.000000 270.000000 1.826701 0.685701 0.728755 -3.651741 1.733516 12.856435 0.794574 0.567670
Pedestrian -1 -1 -10 347.000000 167.000000 376.000000 265.000000 1.691010 0.595239 0.657135 -3.684793 1.740237 11.834660 0.250712 0.385588
Pedestrian -1 -1 -10 321.000000 172.000000 347.000000 233.000000 1.598651 0.591804 0.591369 -7.491368 1.169858 20.175140 -1.890089 0.321646
Pedestrian -1 -1 -10 369.000000 178.000000 420.000000 291.000000 1.647734 0.613757 0.637160 -2.716206 1.623364 9.159597 -1.820806 0.196934
Pedestrian -1 -1 -10 264.000000 170.000000 299.000000 239.000000 1.645728 0.609375 0.643996 -8.862926 1.462207 20.345780 -1.982730 0.190404
Pedestrian -1 -1 -10 282.000000 173.000000 301.000000 220.000000 1.640560 0.628016 0.656382 -11.865040 1.498972 27.260785 -1.969791 0.176515
Pedestrian -1 -1 -10 350.000000 165.000000 369.000000 230.000000 1.635805 0.601041 0.517619 -6.363150 1.157996 19.103015 1.727532 0.097725
Pedestrian -1 -1 -10 555.000000 168.000000 570.000000 214.000000 1.663326 0.608465 0.718823 -1.495557 1.324202 28.203412 -1.592853 0.074866
Pedestrian -1 -1 -10 353.000000 168.000000 392.000000 231.000000 1.705237 0.624621 0.578817 -7.042438 1.015708 21.047787 -1.846151 0.059605
Pedestrian -1 -1 -10 539.000000 168.000000 556.000000 223.000000 1.645764 0.604296 0.695505 -2.091191 1.358822 28.088541 -1.614950 0.044007
Car -1 -1 -10 367.000000 177.000000 476.000000 250.000000 1.459584 1.612311 3.903383 -3.847552 1.474198 16.312737 1.246435 0.308192
Car -1 -1 -10 415.000000 173.000000 460.000000 257.000000 1.512659 1.510756 3.633553 -3.379553 1.625509 15.089334 -1.789097 0.032477
Car -1 -1 -10 343.000000 172.000000 431.000000 297.000000 1.551100 1.576028 3.642928 -3.137683 1.539489 9.069660 -1.831621 0.011904
Cyclist -1 -1 -10 342.000000 170.000000 436.000000 309.000000 1.721393 0.563393 0.711501 -2.407400 1.751879 7.822683 -1.786113 0.208089
Cyclist -1 -1 -10 369.000000 178.000000 420.000000 291.000000 1.634094 0.603456 0.643802 -2.747685 1.553425 9.215198 -1.830892 0.171527
Cyclist -1 -1 -10 363.000000 175.000000 464.000000 257.000000 1.754264 0.655421 0.628308 -3.495208 1.645726 13.805997 -1.779922 0.077825
Cyclist -1 -1 -10 423.000000 167.000000 467.000000 267.000000 1.660534 0.626126 0.713213 -2.828873 1.629061 12.825272 -1.751234 0.050637
Cyclist -1 -1 -10 495.000000 164.000000 515.000000 214.000000 1.601239 0.598207 0.669672 -3.678589 1.139824 27.638538 -1.682034 0.047656
Cyclist -1 -1 -10 503.000000 170.000000 536.000000 217.000000 1.639431 0.582161 0.621481 -3.615408 0.880257 27.808289 -1.684163 0.042415
Cyclist -1 -1 -10 322.000000 172.000000 348.000000 234.000000 1.719917 0.483165 1.630499 -7.457524 1.193561 20.270123 -1.889842 0.039083
Cyclist -1 -1 -10 345.000000 167.000000 378.000000 245.000000 1.533115 1.569367 3.729630 -4.565522 1.474945 10.956302 1.253500 0.034493
Cyclist -1 -1 -10 353.000000 173.000000 399.000000 239.000000 1.640449 0.614847 0.557006 -6.241345 1.128623 18.754060 -1.868870 0.022642
Cyclist -1 -1 -10 437.000000 168.000000 461.000000 251.000000 1.740518 0.578661 0.640674 -3.626489 1.064906 17.242838 -1.795578 0.020885
Cyclist -1 -1 -10 268.000000 171.000000 301.000000 234.000000 1.632807 0.594526 0.654756 -11.789515 1.425794 27.074802 -1.961648 0.020330
Cyclist -1 -1 -10 494.000000 160.000000 560.000000 375.000000 1.709229 0.588554 0.745225 -0.659631 1.632002 5.966072 -1.638236 0.019485
Cyclist -1 -1 -10 377.000000 176.000000 405.000000 244.000000 1.737890 0.436378 1.583703 -7.416964 1.278604 25.474942 -1.843217 0.015379
Cyclist -1 -1 -10 342.000000 172.000000 363.000000 250.000000 1.707856 0.581853 0.636330 -4.813226 1.382318 13.628504 -1.915866 0.011817
Cyclist -1 -1 -10 365.000000 169.000000 388.000000 231.000000 1.714229 0.546120 1.659158 -7.002792 0.861052 21.877010 -1.853094 0.010847
Cyclist -1 -1 -10 507.000000 174.000000 549.000000 232.000000 1.789255 0.582962 0.643366 -0.628119 1.126835 2.854515 1.525861 0.010289
