Pedestrian -1 -1 -10 0.000000 216.000000 56.000000 363.000000 1.621987 0.601178 0.620819 -4.638809 2.055724 5.593318 -2.234462 0.032610
Car -1 -1 -10 746.000000 185.000000 1014.000000 353.000000 1.441014 1.608290 3.933350 2.918760 1.602408 7.547277 1.430794 0.999474
Car -1 -1 -10 652.000000 173.000000 694.000000 206.000000 1.433734 1.585359 3.799428 2.884283 1.362024 31.333680 -1.529439 0.999108
Car -1 -1 -10 679.000000 166.000000 770.000000 243.000000 1.482590 1.584578 3.906908 3.038692 1.479118 17.705938 -1.518616 0.984956
Car -1 -1 -10 382.000000 169.000000 513.000000 213.000000 1.515454 1.624387 4.026840 -5.791567 1.360767 29.364054 0.815820 0.982668
Car -1 -1 -10 191.000000 174.000000 440.000000 255.000000 1.517198 1.655579 4.136190 -5.983997 1.592746 15.719252 0.566617 0.955601
Car -1 -1 -10 910.000000 171.000000 1260.000000 378.000000 1.421485 1.581591 3.872596 3.080758 1.538815 2.416727 1.534134 0.936823
Car -1 -1 -10 439.000000 168.000000 520.000000 204.000000 1.513686 1.558828 3.905222 -6.469777 1.041993 34.920059 1.919519 0.381682
Car -1 -1 -10 1.000000 220.000000 59.000000 364.000000 1.509917 1.609755 3.697657 -5.275470 1.867560 6.056407 -2.214394 0.305990
Car -1 -1 -10 285.000000 165.000000 454.000000 230.000000 1.615193 1.566465 3.909711 -6.599024 1.220067 21.049384 -3.063630 0.093930
