Pedestrian -1 -1 -10 766.000000 170.000000 842.000000 371.000000 1.665116 0.606738 0.725895 1.627573 1.730142 5.884087 -1.258888 0.998786
Pedestrian -1 -1 -10 853.000000 158.000000 949.000000 373.000000 1.707238 0.602328 0.717303 2.466166 1.751026 5.919267 0.928569 0.997551
Pedestrian -1 -1 -10 640.000000 165.000000 666.000000 255.000000 1.705150 0.603475 0.752653 1.006980 1.621745 14.322746 -1.456812 0.994726
Pedestrian -1 -1 -10 193.000000 164.000000 271.000000 357.000000 1.686163 0.611255 0.742673 -3.448381 1.727913 6.665168 -2.008059 0.986898
Pedestrian -1 -1 -10 1105.000000 153.000000 1170.000000 263.000000 1.736289 0.589880 0.699098 8.312634 1.528571 11.079730 1.181361 0.960916
Pedestrian -1 -1 -10 725.000000 169.000000 754.000000 243.000000 1.694751 0.610478 0.747637 3.127236 1.588412 16.159115 -1.341595 0.930138
Pedestrian -1 -1 -10 906.000000 157.000000 941.000000 244.000000 1.642458 0.604111 0.591646 6.919484 1.317399 15.545332 -1.098571 0.864403
Pedestrian -1 -1 -10 215.000000 178.000000 283.000000 300.000000 1.648373 0.617757 0.665949 -3.817631 1.646188 7.071077 -2.006186 0.503334
Pedestrian -1 -1 -10 1126.000000 154.000000 1170.000000 227.000000 1.708024 0.612543 0.616517 12.610195 0.732507 16.540894 -0.921225 0.386212
Pedestrian -1 -1 -10 881.000000 163.000000 942.000000 271.000000 1.677222 0.596048 0.593191 6.396118 1.438235 14.702750 -1.164000 0.199520
Pedestrian -1 -1 -10 439.000000 177.000000 459.000000 227.000000 1.641873 0.615448 0.678324 -5.668678 1.667999 26.133201 -1.744344 0.157027
Pedestrian -1 -1 -10 1179.000000 148.000000 1214.000000 209.000000 1.643081 0.620885 0.582946 16.878146 0.611117 20.379636 -0.850365 0.073081
Pedestrian -1 -1 -10 431.000000 174.000000 448.000000 225.000000 1.672101 0.600559 0.682664 -5.696448 1.721136 26.356228 0.331728 0.041329
Car -1 -1 -10 471.000000 169.000000 534.000000 221.000000 1.598874 1.612559 3.857144 -3.834262 1.316515 28.749564 1.882269 0.611751
Car -1 -1 -10 498.000000 171.000000 555.000000 218.000000 1.506098 1.581553 3.921683 -3.057359 1.137875 29.089192 0.924264 0.064117
Car -1 -1 -10 525.000000 171.000000 560.000000 208.000000 1.435821 1.509435 3.702536 -2.260907 1.063541 28.694959 -1.700662 0.010127
Cyclist -1 -1 -10 178.000000 172.000000 302.000000 320.000000 1.655972 0.638977 0.682104 -3.696602 1.645874 7.186619 -2.025537 0.977878
Cyclist -1 -1 -10 217.000000 174.000000 273.000000 319.000000 1.654661 0.588571 0.728580 -3.459469 1.650608 6.638704 -2.004949 0.085317
Cyclist -1 -1 -10 898.000000 160.000000 947.000000 252.000000 1.623177 0.594391 0.630802 6.640183 1.274187 14.844518 -1.129322 0.057025
Cyclist -1 -1 -10 862.000000 161.000000 941.000000 340.000000 1.642320 0.572504 0.702277 2.444752 1.641911 5.955997 -1.133618 0.019467
Cyclist -1 -1 -10 1111.000000 153.000000 1169.000000 239.000000 1.581620 0.618952 0.628623 9.513611 1.079242 12.433877 -0.904688 0.015007
Cyclist -1 -1 -10 1131.000000 148.000000 1170.000000 214.000000 1.396544 1.604606 3.864899 17.444667 0.347206 22.259377 2.180955 0.013613
Cyclist -1 -1 -10 190.000000 191.000000 278.000000 267.000000 1.653214 0.579400 0.616486 -6.614947 2.019203 11.751893 -2.051805 0.010163
