Car -1 -1 -10 666.000000 180.000000 734.000000 231.000000 1.467339 1.567379 3.743903 2.877802 1.747012 22.566286 -1.532611 0.999171
Car -1 -1 -10 875.000000 164.000000 1118.000000 237.000000 1.510748 1.627538 4.361354 8.797081 1.145316 16.946697 1.456676 0.997268
Car -1 -1 -10 12.000000 206.000000 354.000000 374.000000 1.506561 1.621183 3.752923 -4.017497 1.882499 6.696644 1.543676 0.988626
Car -1 -1 -10 265.000000 196.000000 387.000000 270.000000 1.531563 1.582436 3.759321 -6.249110 2.077822 16.098931 1.621577 0.986757
Car -1 -1 -10 470.000000 184.000000 512.000000 213.000000 1.544895 1.593409 3.690904 -6.864091 2.256511 35.687304 2.012207 0.985461
Car -1 -1 -10 385.000000 184.000000 475.000000 236.000000 1.515647 1.567344 3.888884 -6.454807 2.169410 25.097473 1.771567 0.972549
Car -1 -1 -10 776.000000 163.000000 913.000000 211.000000 1.508877 1.695766 3.953707 8.163789 1.019537 25.542314 2.453296 0.623418
Car -1 -1 -10 1010.000000 151.000000 1112.000000 198.000000 1.502306 1.595876 3.916455 21.672629 0.767405 33.698697 1.499340 0.503404
Car -1 -1 -10 842.000000 160.000000 1011.000000 229.000000 1.514108 1.649484 3.932695 8.006498 1.265778 18.500945 -0.050185 0.480221
Car -1 -1 -10 491.000000 184.000000 521.000000 209.000000 1.456953 1.555712 3.655559 -6.459036 2.290848 42.233715 1.915807 0.092051
Car -1 -1 -10 1169.000000 134.000000 1239.000000 187.000000 1.543806 1.590315 3.918543 21.320101 0.323365 25.454917 -0.925206 0.030760
Car -1 -1 -10 1040.000000 149.000000 1152.000000 189.000000 1.551100 1.646793 4.022762 21.874095 0.647111 32.785998 1.583528 0.023119
