Pedestrian -1 -1 -10 700.000000 169.000000 719.000000 225.000000 1.769332 0.583993 0.613010 4.783116 1.588689 30.873411 -1.444981 0.025659
Car -1 -1 -10 442.000000 195.000000 531.000000 262.000000 1.495022 1.568234 3.686318 -2.961925 2.084291 17.266100 1.827447 0.999448
Car -1 -1 -10 535.000000 186.000000 571.000000 215.000000 1.569538 1.615072 3.865547 -3.512601 2.656529 41.179501 -1.623053 0.999404
Car -1 -1 -10 672.000000 184.000000 764.000000 255.000000 1.488900 1.590382 3.869134 2.743895 1.801102 17.676442 -1.524819 0.998671
Car -1 -1 -10 655.000000 180.000000 717.000000 238.000000 1.435177 1.511078 3.713995 2.565744 2.091749 21.388813 1.141756 0.968853
Car -1 -1 -10 898.000000 190.000000 1232.000000 373.000000 1.453393 1.577664 3.833598 2.989748 1.530452 3.998162 1.603009 0.961926
Car -1 -1 -10 14.000000 211.000000 306.000000 374.000000 1.451975 1.600907 3.710889 -3.084630 1.478616 4.004257 -2.713427 0.922175
Car -1 -1 -10 638.000000 178.000000 673.000000 215.000000 1.490374 1.633609 3.570584 2.090930 2.558933 40.288037 1.636237 0.688954
Car -1 -1 -10 645.000000 179.000000 691.000000 227.000000 1.444740 1.605798 3.783327 2.697756 1.945593 26.786832 -1.579106 0.592029
Car -1 -1 -10 629.000000 180.000000 657.000000 210.000000 1.504388 1.489690 3.533559 2.648038 2.052699 41.344267 -1.548838 0.042364
Cyclist -1 -1 -10 794.000000 191.000000 830.000000 259.000000 1.612361 0.597798 0.688710 4.256781 2.081478 14.830131 -1.271601 0.997685
