Car -1 -1 -10 751.000000 175.000000 1227.000000 375.000000 1.452434 1.610616 3.925163 2.909950 1.511538 5.466667 1.500140 0.990212
Car -1 -1 -10 172.000000 185.000000 396.000000 270.000000 1.523419 1.632579 3.993433 -6.250916 1.760054 14.715512 -3.133271 0.987154
Car -1 -1 -10 351.000000 181.000000 508.000000 227.000000 1.437732 1.518160 3.850241 -5.698832 1.690577 25.531244 1.854672 0.982691
Car -1 -1 -10 -10.000000 193.000000 298.000000 328.000000 1.439674 1.634711 3.745242 -2.880149 1.430172 3.428260 -2.756146 0.978353
Car -1 -1 -10 647.000000 179.000000 683.000000 206.000000 1.493981 1.565635 3.779443 3.191743 1.831627 39.455285 -1.525467 0.975330
Car -1 -1 -10 434.000000 176.000000 532.000000 213.000000 1.498769 1.650832 4.055013 -5.850176 1.530968 35.746848 -2.982553 0.346256
Car -1 -1 -10 248.000000 184.000000 409.000000 239.000000 1.486480 1.573929 3.862072 -6.485298 1.489879 17.849988 -1.835861 0.283443
Car -1 -1 -10 101.000000 191.000000 320.000000 279.000000 1.462701 1.508628 3.595311 -6.214676 1.726563 11.252886 -2.066094 0.125907
Car -1 -1 -10 80.000000 223.000000 342.000000 375.000000 1.482467 1.630275 3.747107 -2.820723 1.603560 3.556955 -2.040288 0.047547
Car -1 -1 -10 268.000000 187.000000 357.000000 228.000000 1.495560 1.639918 3.582678 -15.268226 1.721923 37.110050 1.180275 0.023070
