Car -1 -1 -10 578.000000 172.000000 652.000000 240.000000 1.466231 1.659605 3.784971 0.182914 1.255935 18.777858 -1.580367 0.999471
Car -1 -1 -10 378.000000 179.000000 484.000000 249.000000 1.574710 1.632986 3.767386 -4.407596 1.436840 17.908611 -1.333210 0.999423
Car -1 -1 -10 -10.000000 172.000000 372.000000 376.000000 1.586300 1.659068 3.780263 -3.885525 1.545901 6.408800 -1.550068 0.995126
Car -1 -1 -10 461.000000 181.000000 516.000000 218.000000 1.515896 1.610258 3.705866 -4.960860 1.279455 29.547262 -1.596481 0.994791
Car -1 -1 -10 497.000000 178.000000 538.000000 209.000000 1.526724 1.621202 3.857269 -4.958213 1.232487 37.005146 -1.681439 0.941133
Car -1 -1 -10 253.000000 188.000000 333.000000 234.000000 1.536125 1.657884 3.758633 -6.325681 1.780739 12.413533 -2.059713 0.181528
Car -1 -1 -10 192.000000 182.000000 346.000000 245.000000 1.543677 1.649591 4.040602 -12.108401 1.296639 25.904451 1.793243 0.056555
Car -1 -1 -10 286.000000 184.000000 352.000000 215.000000 1.511864 1.613231 3.824717 -13.028914 1.569781 32.421076 -1.922440 0.055965
Car -1 -1 -10 135.000000 180.000000 362.000000 275.000000 1.472451 1.625268 3.776779 -8.615779 1.169766 18.478707 1.634716 0.039175
Car -1 -1 -10 418.000000 173.000000 455.000000 198.000000 1.510361 1.589859 3.842816 -11.592218 0.623933 51.089292 2.344423 0.033143
