Pedestrian -1 -1 -10 633.000000 178.000000 654.000000 214.000000 1.644908 0.627733 0.627134 2.321508 2.118741 34.756561 1.014333 0.058156
Pedestrian -1 -1 -10 475.000000 187.000000 482.000000 217.000000 1.635757 0.609546 0.554184 -6.269242 2.488261 34.451720 1.862092 0.018701
Car -1 -1 -10 498.000000 185.000000 550.000000 229.000000 1.571846 1.622639 3.736403 -3.348104 2.080851 28.132442 -1.596596 0.999066
Car -1 -1 -10 579.000000 183.000000 606.000000 209.000000 1.534486 1.613194 3.882625 -1.148808 2.056944 46.540927 -1.607761 0.997546
Car -1 -1 -10 337.000000 193.000000 405.000000 231.000000 1.516257 1.591021 3.835322 -10.201059 2.549785 31.402633 1.700533 0.989570
Car -1 -1 -10 402.000000 189.000000 438.000000 214.000000 1.519287 1.559186 3.681595 -10.603886 2.856975 41.217805 -1.927729 0.087163
Cyclist -1 -1 -10 637.000000 177.000000 669.000000 214.000000 1.699814 0.651793 0.657597 2.096353 2.096022 34.776499 -1.507825 0.962308
Cyclist -1 -1 -10 631.000000 179.000000 654.000000 213.000000 1.605835 0.642945 0.620997 2.329403 2.046879 34.746721 1.031469 0.710571
Cyclist -1 -1 -10 629.000000 181.000000 644.000000 210.000000 1.710399 0.531468 1.698485 1.648209 2.145352 36.133176 -1.519648 0.021357
Cyclist -1 -1 -10 644.000000 177.000000 659.000000 213.000000 1.600241 0.617949 0.657226 2.166848 2.010395 34.405854 -1.490562 0.015844
