Pedestrian -1 -1 -10 749.000000 154.000000 765.000000 216.000000 1.602811 0.603646 0.581984 5.848690 0.889081 28.628437 -1.342473 0.255266
Pedestrian -1 -1 -10 730.000000 153.000000 748.000000 219.000000 1.643222 0.602448 0.591846 5.210766 0.894798 28.379471 -1.393946 0.196709
Pedestrian -1 -1 -10 728.000000 159.000000 769.000000 214.000000 1.654779 0.602291 0.630464 5.619823 0.901648 28.595566 -1.323997 0.014862
Pedestrian -1 -1 -10 721.000000 166.000000 753.000000 210.000000 1.650051 0.595796 0.583586 5.452284 1.106483 28.184195 -1.398398 0.014677
Car -1 -1 -10 813.000000 180.000000 1250.000000 374.000000 1.467879 1.616070 4.085052 3.424379 1.457251 6.200785 1.559395 0.999133
Car -1 -1 -10 366.000000 180.000000 456.000000 238.000000 1.544232 1.605560 3.687925 -5.821702 1.900405 21.099936 1.770983 0.998680
Car -1 -1 -10 708.000000 172.000000 825.000000 253.000000 1.511918 1.586421 3.825792 3.333191 1.440838 14.888565 -1.459857 0.998631
Car -1 -1 -10 416.000000 179.000000 484.000000 224.000000 1.479394 1.554002 3.681877 -5.904435 1.757480 27.342038 -1.701930 0.986608
Car -1 -1 -10 1.000000 205.000000 208.000000 376.000000 1.484021 1.610089 3.762121 -5.702542 1.921797 7.051754 -2.763833 0.940353
Car -1 -1 -10 685.000000 173.000000 757.000000 224.000000 1.411874 1.516849 3.708396 3.552472 1.478575 20.848025 -1.553476 0.919636
Car -1 -1 -10 95.000000 205.000000 158.000000 231.000000 1.595853 1.620205 3.444071 -8.432448 2.461125 10.261396 0.995322 0.044899
Cyclist -1 -1 -10 746.000000 160.000000 769.000000 212.000000 1.715366 0.501195 1.697945 5.842443 0.952875 28.550879 -1.322727 0.040559
Cyclist -1 -1 -10 732.000000 155.000000 760.000000 218.000000 1.685126 0.488496 1.655003 5.382092 0.961441 28.341733 -1.370554 0.015256
Cyclist -1 -1 -10 754.000000 169.000000 780.000000 208.000000 1.735057 0.505630 1.688435 6.129593 1.189724 28.441675 -1.320071 0.014098
Cyclist -1 -1 -10 98.000000 206.000000 156.000000 235.000000 1.655860 0.581385 0.601386 -13.484999 2.145057 20.986129 -2.165232 0.011942
