Pedestrian -1 -1 -10 863.000000 181.000000 905.000000 343.000000 1.675602 0.597440 0.676987 2.810104 1.885150 7.180520 -1.163495 0.992102
Pedestrian -1 -1 -10 847.000000 182.000000 952.000000 331.000000 1.663193 0.598076 0.670017 3.128788 1.823620 6.896961 0.946900 0.080821
Pedestrian -1 -1 -10 759.000000 184.000000 892.000000 282.000000 1.468758 1.640829 3.979424 4.069427 1.901918 13.164160 1.402278 0.020162
Car -1 -1 -10 721.000000 183.000000 802.000000 242.000000 1.447097 1.541085 3.875554 4.420771 1.899617 19.614827 -1.484447 0.994607
Car -1 -1 -10 555.000000 174.000000 595.000000 205.000000 1.488439 1.601823 3.851980 -1.990558 1.576270 37.648938 1.560950 0.991342
Car -1 -1 -10 759.000000 183.000000 892.000000 278.000000 1.432554 1.592875 3.921852 4.396852 1.874944 13.898338 1.442273 0.988631
Car -1 -1 -10 -1.000000 199.000000 376.000000 375.000000 1.477280 1.636350 3.743034 -3.052114 1.777313 5.021462 1.578914 0.985763
Car -1 -1 -10 877.000000 176.000000 1195.000000 376.000000 1.532902 1.637073 4.038590 3.932614 1.573611 7.134052 -1.595890 0.980068
Car -1 -1 -10 713.000000 179.000000 767.000000 233.000000 1.415683 1.552980 3.693040 4.257397 1.854765 21.431054 -1.460609 0.970170
Car -1 -1 -10 439.000000 160.000000 557.000000 261.000000 1.602429 1.604671 3.849287 -2.434694 1.573154 16.101782 -1.615191 0.957584
Car -1 -1 -10 696.000000 177.000000 739.000000 216.000000 1.457306 1.562639 3.762853 4.895263 1.690469 31.648547 -1.494597 0.692842
Car -1 -1 -10 682.000000 177.000000 723.000000 210.000000 1.439616 1.582176 3.948488 4.774952 1.798543 34.118356 1.181154 0.231054
Car -1 -1 -10 841.000000 184.000000 989.000000 338.000000 1.481820 1.512496 3.857015 3.912148 1.611723 7.388699 -0.503892 0.101496
Car -1 -1 -10 573.000000 174.000000 602.000000 199.000000 1.496133 1.605828 3.821915 -1.895363 1.681853 37.504946 1.577978 0.084420
Car -1 -1 -10 674.000000 175.000000 709.000000 203.000000 1.425766 1.516995 3.592809 4.756623 1.657956 36.356612 -1.521472 0.024423
