Car -1 -1 -10 656.000000 179.000000 712.000000 222.000000 1.440808 1.572355 3.774528 2.899507 1.682692 26.066302 -1.509814 0.998908
Car -1 -1 -10 -10.000000 177.000000 365.000000 296.000000 1.508971 1.599811 4.042629 -6.106368 1.558925 10.911064 -0.059874 0.995280
Car -1 -1 -10 279.000000 179.000000 462.000000 243.000000 1.444522 1.541311 3.847314 -6.041451 1.536635 19.736958 1.741473 0.972842
Car -1 -1 -10 393.000000 176.000000 517.000000 217.000000 1.464292 1.584003 4.041097 -5.820669 1.463453 29.179870 -2.958467 0.687500
Car -1 -1 -10 -4.000000 168.000000 192.000000 335.000000 1.541868 1.606855 3.772413 -6.499164 1.650587 8.336128 -2.119421 0.640957
Car -1 -1 -10 150.000000 184.000000 395.000000 259.000000 1.548697 1.669411 4.103418 -6.431224 1.416661 14.667459 0.609670 0.535974
Car -1 -1 -10 467.000000 173.000000 544.000000 202.000000 1.447526 1.567399 3.777650 -5.090564 1.469854 41.309073 -1.692833 0.410205
Car -1 -1 -10 720.000000 176.000000 820.000000 238.000000 1.506494 1.520983 3.469572 3.285010 1.602954 20.475723 -1.328720 0.175443
Car -1 -1 -10 452.000000 178.000000 518.000000 206.000000 1.478979 1.632576 3.607235 -4.339335 1.236034 31.103928 1.400962 0.099596
Car -1 -1 -10 354.000000 174.000000 470.000000 224.000000 1.490141 1.532420 3.857790 -6.610961 1.557768 25.306120 1.829098 0.066755
Car -1 -1 -10 712.000000 175.000000 779.000000 222.000000 1.550072 1.612375 3.661344 5.458923 1.751399 31.468516 -1.367126 0.054231
Car -1 -1 -10 703.000000 176.000000 756.000000 210.000000 1.424650 1.570516 3.828975 5.977512 1.712391 34.429939 1.155767 0.028874
