Car -1 -1 -10 242.000000 176.000000 397.000000 270.000000 1.613169 1.594475 3.766638 -6.298499 1.945189 15.600161 1.654624 0.999454
Car -1 -1 -10 527.000000 179.000000 565.000000 204.000000 1.514574 1.582590 3.868021 -3.764149 1.853450 41.749761 1.508857 0.999100
Car -1 -1 -10 813.000000 175.000000 1250.000000 374.000000 1.449390 1.621135 4.189094 3.163581 1.402243 5.001714 1.552834 0.995953
Car -1 -1 -10 351.000000 179.000000 446.000000 238.000000 1.587065 1.609986 3.720522 -6.174003 2.122940 21.766726 1.748180 0.995164
Car -1 -1 -10 1.000000 211.000000 217.000000 371.000000 1.480845 1.614047 3.693594 -6.096709 2.003936 7.615032 1.566883 0.964491
Car -1 -1 -10 442.000000 183.000000 493.000000 215.000000 1.481367 1.559311 3.761274 -6.558471 2.002980 32.073456 1.766474 0.938290
Car -1 -1 -10 693.000000 166.000000 770.000000 192.000000 1.487009 1.635005 3.650756 6.947647 1.837839 47.686703 -1.394176 0.926997
Car -1 -1 -10 996.000000 153.000000 1200.000000 225.000000 1.513608 1.686967 4.099772 15.156837 0.942519 22.599454 -2.142230 0.334371
Car -1 -1 -10 939.000000 159.000000 1233.000000 303.000000 1.409748 1.540208 3.748767 8.263115 1.323303 11.780851 1.638857 0.031891
Cyclist -1 -1 -10 993.000000 151.000000 1195.000000 227.000000 1.519598 1.574239 3.952703 14.650027 0.894410 22.063792 2.677234 0.015276
Cyclist -1 -1 -10 1.000000 211.000000 217.000000 367.000000 1.597506 0.609384 1.792446 -5.721120 2.046859 7.081143 1.495553 0.010860
