Car -1 -1 -10 458.000000 180.000000 512.000000 229.000000 1.512463 1.645903 3.868054 -4.350142 1.439557 25.513048 -1.739995 0.999752
Car -1 -1 -10 556.000000 178.000000 645.000000 248.000000 1.472986 1.576426 3.878255 -0.077599 1.445485 18.653751 -1.688912 0.999252
Car -1 -1 -10 170.000000 186.000000 330.000000 274.000000 1.580176 1.613956 3.755554 -6.985846 1.636694 14.188685 -1.553596 0.997337
Car -1 -1 -10 287.000000 182.000000 377.000000 234.000000 1.511485 1.578073 3.763170 -8.570956 1.471789 22.629353 -1.761447 0.996389
Car -1 -1 -10 370.000000 183.000000 415.000000 215.000000 1.505850 1.603017 3.782186 -10.348068 1.361278 34.261919 -1.763666 0.995628
Car -1 -1 -10 -3.000000 162.000000 144.000000 268.000000 1.541620 1.645377 3.769894 -11.344707 1.157984 14.825146 1.516436 0.784759
Car -1 -1 -10 2.000000 201.000000 192.000000 362.000000 1.524198 1.606943 3.715229 -6.196889 1.723195 7.454723 1.529864 0.758328
Car -1 -1 -10 176.000000 184.000000 273.000000 252.000000 1.590413 1.628063 3.544457 -5.690932 1.942140 9.144521 1.161243 0.330537
Car -1 -1 -10 395.000000 182.000000 428.000000 209.000000 1.485022 1.670311 3.715760 -11.231933 1.620135 42.519235 -1.824203 0.147709
Car -1 -1 -10 254.000000 170.000000 320.000000 210.000000 1.530074 1.581050 3.724337 -14.490531 0.867594 32.399016 -1.551793 0.016283
