Pedestrian -1 -1 -10 940.000000 153.000000 989.000000 285.000000 1.625171 0.599591 0.602515 4.594472 1.209320 9.125438 -1.073951 0.991345
Pedestrian -1 -1 -10 595.000000 158.000000 605.000000 193.000000 1.654228 0.638367 0.694865 0.110817 0.837233 39.413636 -1.540282 0.484746
Pedestrian -1 -1 -10 65.000000 162.000000 326.000000 383.000000 1.657030 0.588473 0.729185 -1.971120 1.650760 3.435692 0.031520 0.394930
Pedestrian -1 -1 -10 580.000000 158.000000 593.000000 194.000000 1.653555 0.622560 0.781549 -0.712219 0.967402 38.393098 2.008674 0.291855
Pedestrian -1 -1 -10 658.000000 158.000000 668.000000 185.000000 1.646382 0.650208 0.643147 4.244426 0.546169 48.232602 -1.454601 0.218511
Pedestrian -1 -1 -10 1085.000000 152.000000 1147.000000 281.000000 1.692449 0.602141 0.629981 6.799879 1.309421 9.404481 -0.893636 0.097897
Pedestrian -1 -1 -10 643.000000 157.000000 651.000000 184.000000 1.769328 0.583994 0.613010 2.121736 1.229301 32.964295 -1.517854 0.089063
Pedestrian -1 -1 -10 779.000000 152.000000 806.000000 234.000000 1.677748 0.626524 0.648117 4.759014 0.846706 17.573375 -1.302383 0.085378
Pedestrian -1 -1 -10 587.000000 158.000000 602.000000 192.000000 1.641496 0.648440 0.630144 -0.216220 0.960227 41.033672 2.053691 0.060012
Pedestrian -1 -1 -10 662.000000 157.000000 672.000000 185.000000 1.745840 0.631498 0.684543 4.668875 0.621116 49.478392 -1.459083 0.036863
Pedestrian -1 -1 -10 1064.000000 141.000000 1123.000000 276.000000 1.657161 0.601560 0.617661 6.364354 1.210423 9.081779 -0.916725 0.033147
Pedestrian -1 -1 -10 670.000000 158.000000 677.000000 186.000000 1.726665 0.586096 0.691625 4.792634 0.518071 48.295984 -1.403923 0.022762
Pedestrian -1 -1 -10 1110.000000 142.000000 1219.000000 280.000000 1.730041 0.561664 0.672545 6.422107 1.266169 8.931896 2.738271 0.014209
Car -1 -1 -10 612.000000 165.000000 651.000000 197.000000 1.518351 1.628724 3.858069 1.444317 0.995320 34.446431 -1.506205 0.998640
Cyclist -1 -1 -10 40.000000 171.000000 356.000000 372.000000 1.637170 0.571200 0.710938 -1.976535 1.593895 3.427482 -2.047327 0.998652
