Pedestrian -1 -1 -10 386.000000 166.000000 416.000000 242.000000 1.810181 0.633318 0.628782 -5.653433 1.346227 20.496808 -1.861439 0.684595
Pedestrian -1 -1 -10 357.000000 162.000000 384.000000 252.000000 1.663565 0.600714 0.560842 -4.977646 1.314644 14.587493 1.735971 0.676159
Pedestrian -1 -1 -10 345.000000 166.000000 407.000000 254.000000 1.639100 0.609059 0.614423 -5.272052 1.253013 15.841117 1.743761 0.208815
Pedestrian -1 -1 -10 383.000000 163.000000 403.000000 254.000000 1.600684 0.585911 0.587762 -4.940599 1.268792 16.495021 -1.812611 0.191599
Pedestrian -1 -1 -10 371.000000 170.000000 434.000000 245.000000 1.613499 0.583113 0.605420 -4.810292 1.365850 16.338656 -1.797763 0.134769
Pedestrian -1 -1 -10 936.000000 110.000000 996.000000 279.000000 1.656777 0.621917 0.666115 5.231056 1.009754 9.629584 1.433172 0.088379
Pedestrian -1 -1 -10 370.000000 164.000000 389.000000 252.000000 1.679651 0.599946 0.559480 -5.004092 1.390600 15.301242 1.748939 0.046698
Pedestrian -1 -1 -10 333.000000 179.000000 496.000000 277.000000 1.773725 0.639468 0.616291 -2.894121 1.864583 11.714929 0.771644 0.012762
Car -1 -1 -10 661.000000 174.000000 721.000000 221.000000 1.441642 1.571172 3.814621 2.902124 1.561131 23.668153 -1.556295 0.999299
Car -1 -1 -10 739.000000 179.000000 997.000000 349.000000 1.464951 1.600159 4.050167 2.802079 1.549644 7.225132 1.452215 0.998277
Car -1 -1 -10 312.000000 182.000000 511.000000 308.000000 1.542486 1.577481 3.701648 -2.738050 1.625446 9.557462 -1.393171 0.991705
Car -1 -1 -10 540.000000 173.000000 575.000000 205.000000 1.523789 1.624101 3.848471 -2.753152 1.495849 37.253637 -1.663429 0.988333
Car -1 -1 -10 -13.000000 180.000000 424.000000 374.000000 1.518183 1.619715 3.746896 -2.650316 1.537968 4.474835 -1.552383 0.978602
Car -1 -1 -10 855.000000 150.000000 1246.000000 375.000000 1.396763 1.617767 3.976986 2.771242 1.454994 2.354623 1.529678 0.898847
Car -1 -1 -10 641.000000 173.000000 686.000000 205.000000 1.439504 1.556054 3.803051 3.097213 1.485784 36.094220 -1.602556 0.867427
Car -1 -1 -10 402.000000 181.000000 506.000000 229.000000 1.436275 1.577522 3.682877 -3.969912 2.598374 25.878618 -1.758816 0.284297
Car -1 -1 -10 634.000000 172.000000 666.000000 200.000000 1.466873 1.516157 3.487846 2.537682 1.766853 38.770221 -1.517349 0.170836
Car -1 -1 -10 178.000000 184.000000 419.000000 341.000000 1.527564 1.577592 3.759210 -2.443964 1.607339 4.162958 1.727280 0.043929
Car -1 -1 -10 363.000000 170.000000 484.000000 252.000000 1.444799 1.526813 3.736725 -4.388035 1.081286 16.841142 0.756466 0.024957
Car -1 -1 -10 225.000000 187.000000 382.000000 291.000000 1.551651 1.608430 3.338011 -4.366186 1.925958 7.494520 1.247062 0.019404
Car -1 -1 -10 9.000000 188.000000 203.000000 345.000000 1.461310 1.681831 3.553261 -2.323803 0.987343 2.729682 1.042806 0.013798
Cyclist -1 -1 -10 333.000000 180.000000 492.000000 263.000000 1.455858 1.623359 3.993144 -3.534207 1.226608 14.898615 0.851857 0.049422
Cyclist -1 -1 -10 385.000000 178.000000 489.000000 236.000000 1.728413 0.687732 0.820913 -3.083905 1.966000 8.892045 1.328747 0.026962
Cyclist -1 -1 -10 383.000000 167.000000 426.000000 242.000000 1.617755 0.581145 0.601097 -4.818568 1.257120 16.573807 -1.802757 0.013291
