Pedestrian -1 -1 -10 680.000000 168.000000 740.000000 322.000000 1.675025 0.605413 0.727157 1.125636 1.718797 7.856532 -1.387773 0.998666
Pedestrian -1 -1 -10 756.000000 163.000000 795.000000 283.000000 1.704089 0.605624 0.749910 2.569205 1.660660 10.698750 -1.294549 0.996181
Pedestrian -1 -1 -10 1024.000000 146.000000 1185.000000 374.000000 1.580361 0.618934 0.616828 2.594891 1.504262 3.571267 -0.937389 0.995713
Pedestrian -1 -1 -10 797.000000 163.000000 868.000000 365.000000 1.715159 0.593586 0.721473 2.034092 1.757460 6.072123 -1.206254 0.991471
Pedestrian -1 -1 -10 879.000000 162.000000 931.000000 306.000000 1.724381 0.581494 0.695781 3.163069 1.723016 7.927706 0.965944 0.989301
Pedestrian -1 -1 -10 493.000000 157.000000 534.000000 267.000000 1.738790 0.611507 0.802550 -1.493168 1.622743 12.779428 0.412209 0.988948
Pedestrian -1 -1 -10 969.000000 163.000000 1055.000000 371.000000 1.626868 0.602236 0.615329 2.590157 1.702211 4.261629 1.091104 0.987555
Pedestrian -1 -1 -10 840.000000 170.000000 897.000000 338.000000 1.742123 0.578735 0.693448 2.229689 1.761412 6.492861 0.920842 0.959098
Pedestrian -1 -1 -10 674.000000 170.000000 704.000000 262.000000 1.685597 0.598252 0.659619 1.826474 1.639638 12.742740 0.690676 0.843392
Pedestrian -1 -1 -10 617.000000 164.000000 627.000000 193.000000 1.627143 0.606280 0.704965 1.658898 0.729661 52.501848 -1.505756 0.588075
Pedestrian -1 -1 -10 862.000000 165.000000 909.000000 312.000000 1.703283 0.583439 0.682834 2.936774 1.640798 7.630228 0.924117 0.507667
Pedestrian -1 -1 -10 668.000000 167.000000 686.000000 216.000000 1.600854 0.601390 0.638075 2.619547 1.161311 24.159174 -1.444405 0.224295
Car -1 -1 -10 526.000000 174.000000 601.000000 230.000000 1.510291 1.582174 3.765874 -1.114605 1.387371 21.461827 1.668289 0.999135
Car -1 -1 -10 490.000000 161.000000 544.000000 268.000000 1.555640 1.553662 3.686103 -1.644226 1.453481 13.934145 -1.664677 0.018471
Cyclist -1 -1 -10 491.000000 159.000000 537.000000 267.000000 1.707834 0.607341 0.788296 -1.464702 1.551538 12.716837 -1.661299 0.796217
Cyclist -1 -1 -10 526.000000 172.000000 600.000000 233.000000 1.488469 1.558497 3.753561 -1.299423 1.422179 20.559110 1.984430 0.072003
Cyclist -1 -1 -10 679.000000 167.000000 715.000000 257.000000 1.640716 0.606374 0.644168 1.836586 1.526915 12.766640 -1.390298 0.037535
Cyclist -1 -1 -10 617.000000 163.000000 627.000000 193.000000 1.628551 0.591993 0.722447 1.662740 0.685816 52.546301 -1.510807 0.027603
Cyclist -1 -1 -10 690.000000 168.000000 714.000000 222.000000 1.611060 0.589218 0.647901 4.741733 1.293520 30.055117 -1.391037 0.025766
Cyclist -1 -1 -10 676.000000 168.000000 738.000000 318.000000 1.663629 0.589282 0.742161 1.137720 1.681705 7.892219 -1.395482 0.021653
Cyclist -1 -1 -10 798.000000 162.000000 864.000000 358.000000 1.666547 0.596730 0.753516 2.028229 1.684157 6.000061 -1.226325 0.011521
