Car -1 -1 -10 559.000000 178.000000 616.000000 231.000000 1.514356 1.639403 3.880528 -0.606618 1.371199 24.112321 -1.595867 0.999681
Car -1 -1 -10 464.000000 178.000000 536.000000 233.000000 1.541556 1.600397 3.720751 -3.352443 1.356788 22.675806 -1.586560 0.999167
Car -1 -1 -10 205.000000 170.000000 452.000000 344.000000 1.582586 1.634346 3.886079 -3.505711 1.571491 8.873387 -1.859494 0.998638
Car -1 -1 -10 0.000000 183.000000 194.000000 319.000000 1.547076 1.611008 3.753741 -7.657673 1.619481 9.704268 -1.616452 0.803198
Car -1 -1 -10 85.000000 184.000000 195.000000 242.000000 1.465873 1.579445 3.800980 -12.719303 1.413482 19.085879 1.522299 0.545636
Car -1 -1 -10 399.000000 184.000000 453.000000 214.000000 1.505920 1.608127 3.909346 -8.582495 1.217206 34.276823 -1.767832 0.293944
Car -1 -1 -10 511.000000 182.000000 544.000000 213.000000 1.472635 1.529238 3.559764 -3.829451 1.453421 35.611886 -1.650248 0.276835
Car -1 -1 -10 364.000000 183.000000 442.000000 217.000000 1.540557 1.632165 3.833387 -8.527360 1.196389 34.275163 -1.832213 0.036295
Car -1 -1 -10 362.000000 180.000000 397.000000 207.000000 1.546085 1.640683 3.828702 -12.672595 1.179974 42.681579 -1.842512 0.019402
Car -1 -1 -10 419.000000 184.000000 467.000000 211.000000 1.522308 1.593599 3.712817 -8.271231 1.216730 34.074240 -1.643169 0.017535
