Car -1 -1 -10 688.000000 183.000000 797.000000 258.000000 1.453752 1.568260 3.852357 3.048415 1.732811 15.600313 -1.517144 0.999096
Car -1 -1 -10 113.000000 174.000000 401.000000 261.000000 1.566225 1.666037 4.212421 -6.604985 1.624994 14.508679 -3.151916 0.986241
Car -1 -1 -10 -8.000000 171.000000 234.000000 319.000000 1.537631 1.579787 3.802100 -5.787701 1.600016 7.962643 1.568281 0.977486
Car -1 -1 -10 656.000000 172.000000 714.000000 221.000000 1.452163 1.582754 3.816729 2.980047 1.622034 26.399023 -1.559278 0.954347
Car -1 -1 -10 365.000000 174.000000 496.000000 222.000000 1.529292 1.567612 3.725367 -5.559140 1.667973 25.673142 1.818046 0.948522
Car -1 -1 -10 898.000000 190.000000 1230.000000 376.000000 1.436397 1.588308 3.858159 3.198085 1.665191 3.388966 1.536980 0.941316
Car -1 -1 -10 248.000000 166.000000 455.000000 237.000000 1.626514 1.631437 3.933061 -6.101640 1.479016 19.641216 -3.061219 0.667456
Car -1 -1 -10 428.000000 174.000000 530.000000 208.000000 1.474618 1.520593 3.829010 -6.387260 1.540391 37.869653 -2.912261 0.103719
Car -1 -1 -10 646.000000 176.000000 693.000000 213.000000 1.417336 1.555830 3.671957 2.532199 1.883105 31.566931 -1.505429 0.035238
Car -1 -1 -10 637.000000 172.000000 677.000000 203.000000 1.443482 1.582714 3.759732 2.856116 1.630595 41.519994 -1.503174 0.020008
