Pedestrian -1 -1 -10 426.000000 184.000000 481.000000 306.000000 1.669011 0.605602 0.729221 -1.857113 1.893478 9.328864 -1.734935 0.996146
Pedestrian -1 -1 -10 366.000000 178.000000 400.000000 289.000000 1.698248 0.598202 0.741640 -3.258686 1.795371 10.786486 -1.825834 0.994519
Pedestrian -1 -1 -10 871.000000 165.000000 904.000000 257.000000 1.643684 0.600470 0.710403 4.968539 1.516823 12.481376 -1.149873 0.985630
Pedestrian -1 -1 -10 588.000000 173.000000 609.000000 233.000000 1.710366 0.601855 0.768584 -0.071120 1.685016 20.120284 -1.534839 0.957877
Pedestrian -1 -1 -10 493.000000 175.000000 521.000000 261.000000 1.685315 0.600767 0.742812 -1.746515 1.775728 14.123953 -1.648170 0.922804
Pedestrian -1 -1 -10 560.000000 172.000000 580.000000 226.000000 1.742408 0.604322 0.660160 -1.174410 1.695586 25.060744 0.504262 0.167242
Pedestrian -1 -1 -10 605.000000 171.000000 619.000000 214.000000 1.616021 0.602333 0.638788 0.547356 1.488090 31.253565 -1.535434 0.053145
Pedestrian -1 -1 -10 613.000000 172.000000 627.000000 213.000000 1.677870 0.575937 0.670670 0.739248 1.598065 31.631656 0.585151 0.050746
Pedestrian -1 -1 -10 599.000000 171.000000 615.000000 222.000000 1.630575 0.595537 0.626001 0.117455 1.522192 20.231082 -1.549772 0.024456
Pedestrian -1 -1 -10 629.000000 173.000000 643.000000 213.000000 1.645506 0.604714 0.626493 1.510728 1.522739 31.664957 -1.488672 0.022792
Car -1 -1 -10 947.000000 68.000000 1231.000000 366.000000 1.472511 1.553548 3.633338 2.590957 1.181353 2.036995 1.552786 0.143580
Car -1 -1 -10 1069.000000 183.000000 1238.000000 342.000000 1.401129 1.597802 3.611461 1.680230 0.911894 2.604885 -0.919991 0.026825
Cyclist -1 -1 -10 682.000000 164.000000 726.000000 237.000000 1.673491 0.640636 0.733111 2.739429 1.492449 18.856555 -1.438867 0.975313
Cyclist -1 -1 -10 669.000000 168.000000 687.000000 211.000000 1.636874 0.647831 0.513287 3.234861 1.787193 29.809098 -1.438670 0.065243
Cyclist -1 -1 -10 361.000000 179.000000 403.000000 284.000000 1.686512 0.581906 0.752413 -3.268506 1.768861 10.812522 -1.832486 0.059660
