Car -1 -1 -10 387.000000 194.000000 462.000000 243.000000 1.537957 1.586400 3.723968 -6.187292 2.316660 24.554841 1.666157 0.998657
Car -1 -1 -10 433.000000 192.000000 490.000000 229.000000 1.507497 1.598473 3.724893 -6.167781 2.341948 29.735293 1.768818 0.989113
Car -1 -1 -10 660.000000 177.000000 716.000000 219.000000 1.440599 1.600694 3.868087 3.177777 1.658046 27.883621 -1.558249 0.987889
Car -1 -1 -10 79.000000 205.000000 174.000000 243.000000 1.494769 1.629125 3.877751 -20.735191 2.837563 30.968703 0.426040 0.941419
Car -1 -1 -10 1028.000000 136.000000 1137.000000 182.000000 1.786484 1.741233 4.291651 24.734098 0.105588 37.707378 -2.036143 0.913304
Car -1 -1 -10 27.000000 210.000000 119.000000 247.000000 1.459738 1.614769 4.075238 -22.483581 3.029647 31.295970 0.361177 0.603619
Car -1 -1 -10 0.000000 211.000000 67.000000 250.000000 1.448550 1.576954 3.891321 -24.901469 3.113257 31.868109 0.333032 0.320951
Car -1 -1 -10 142.000000 206.000000 233.000000 241.000000 1.499395 1.590925 3.787653 -18.422523 2.852407 30.655072 0.970874 0.169954
Car -1 -1 -10 473.000000 183.000000 515.000000 216.000000 1.490145 1.554678 3.635392 -6.525709 2.300647 35.484546 -1.139101 0.165537
Car -1 -1 -10 492.000000 185.000000 526.000000 211.000000 1.511153 1.594862 3.712631 -6.098983 2.389966 37.675417 -1.654324 0.072467
