Pedestrian -1 -1 -10 745.000000 175.000000 768.000000 253.000000 1.636952 0.602271 0.621184 2.911731 1.860020 13.361778 -1.313970 0.045440
Pedestrian -1 -1 -10 750.000000 172.000000 787.000000 264.000000 1.660419 0.599842 0.729839 2.855145 1.835347 12.632723 -1.305943 0.014913
Pedestrian -1 -1 -10 742.000000 178.000000 771.000000 215.000000 1.775048 0.661737 0.826633 1.157668 2.206863 10.598326 -1.398321 0.014363
Pedestrian -1 -1 -10 755.000000 174.000000 784.000000 202.000000 1.626992 0.604473 0.588528 11.596529 2.204200 48.677823 -1.352082 0.010912
Car -1 -1 -10 430.000000 188.000000 543.000000 265.000000 1.536587 1.592393 3.725231 -2.790326 2.002095 16.148476 1.823757 0.999535
Car -1 -1 -10 618.000000 180.000000 662.000000 209.000000 1.533666 1.590711 3.759505 1.551169 1.973008 39.426370 2.016436 0.997647
Car -1 -1 -10 637.000000 178.000000 679.000000 207.000000 1.508408 1.529102 3.761130 1.962225 2.057245 39.875347 2.102050 0.409422
Car -1 -1 -10 756.000000 175.000000 791.000000 201.000000 1.566351 1.618741 3.791074 11.920940 1.933543 49.867811 -1.328213 0.012100
Cyclist -1 -1 -10 750.000000 170.000000 789.000000 267.000000 1.673387 0.594822 0.736879 2.876695 1.793668 12.642781 -1.314557 0.998200
Cyclist -1 -1 -10 742.000000 177.000000 771.000000 243.000000 1.649698 0.581515 0.712114 3.270849 1.891916 16.019640 -1.324422 0.474282
Cyclist -1 -1 -10 750.000000 177.000000 781.000000 229.000000 1.766124 0.687542 0.900204 0.956716 1.812036 8.027396 1.805495 0.028744
Cyclist -1 -1 -10 755.000000 174.000000 790.000000 211.000000 1.700142 0.584219 0.637237 9.233763 2.180294 37.020277 -1.361700 0.017053
Cyclist -1 -1 -10 746.000000 177.000000 772.000000 212.000000 1.856754 0.679732 0.876512 0.733946 2.100827 8.298969 1.826533 0.010683
