Pedestrian -1 -1 -10 847.000000 190.000000 878.000000 269.000000 1.608488 0.612915 0.680800 4.395558 1.985914 12.148246 -1.209292 0.099854
Car -1 -1 -10 700.000000 178.000000 849.000000 291.000000 1.486223 1.587154 3.913709 2.860992 1.699611 12.117365 -1.481599 0.999538
Car -1 -1 -10 525.000000 177.000000 568.000000 210.000000 1.499074 1.600796 3.752518 -3.101075 1.878254 36.148632 1.884575 0.999374
Car -1 -1 -10 361.000000 187.000000 505.000000 291.000000 1.493957 1.569433 3.683173 -2.847361 1.831848 11.811085 1.759516 0.999337
Car -1 -1 -10 677.000000 180.000000 747.000000 253.000000 1.446762 1.516610 3.676717 2.724519 1.882220 17.572913 -1.491715 0.981083
Car -1 -1 -10 656.000000 173.000000 730.000000 236.000000 1.489514 1.630396 3.919080 2.742200 1.681662 21.372838 -1.617248 0.965325
Car -1 -1 -10 644.000000 168.000000 690.000000 212.000000 1.522177 1.558420 3.602180 2.945364 1.570070 35.434370 -1.476887 0.890111
Car -1 -1 -10 633.000000 174.000000 666.000000 206.000000 1.459716 1.477260 3.316965 2.374258 1.974240 39.782756 -1.525554 0.063700
Car -1 -1 -10 689.000000 178.000000 797.000000 259.000000 1.449696 1.557729 3.850077 2.985537 1.872007 15.463642 1.172519 0.016520
Cyclist -1 -1 -10 844.000000 188.000000 887.000000 276.000000 1.666570 0.607978 0.649772 3.910327 2.057966 11.577171 2.379878 0.965233
