Car -1 -1 -10 407.000000 185.000000 488.000000 236.000000 1.537563 1.610502 3.732735 -4.737927 1.471511 21.030363 -1.364786 0.999414
Car -1 -1 -10 575.000000 172.000000 656.000000 249.000000 1.468451 1.662034 3.817733 0.176420 1.329385 17.015712 -1.565139 0.999363
Car -1 -1 -10 468.000000 180.000000 525.000000 219.000000 1.476794 1.601456 3.845141 -4.605713 1.257598 28.894155 -1.632298 0.998198
Car -1 -1 -10 98.000000 182.000000 386.000000 349.000000 1.600725 1.662238 3.784558 -4.368659 1.599362 8.754417 -1.495489 0.997914
Car -1 -1 -10 323.000000 181.000000 408.000000 226.000000 1.588795 1.601638 3.769233 -8.432148 1.387107 24.545108 -1.429166 0.984636
Car -1 -1 -10 0.000000 191.000000 196.000000 302.000000 1.515621 1.648093 3.779108 -8.608248 1.621714 11.009088 -2.159108 0.958740
Car -1 -1 -10 57.000000 197.000000 307.000000 306.000000 1.493890 1.623878 3.740753 -8.351019 1.712293 11.019084 1.628913 0.167872
Car -1 -1 -10 606.000000 170.000000 643.000000 208.000000 1.569554 1.638489 3.592011 -0.522272 1.611226 10.753066 1.623319 0.114566
Car -1 -1 -10 27.000000 189.000000 154.000000 249.000000 1.485227 1.667607 3.591115 -15.772675 1.471841 22.120345 0.935612 0.060169
Car -1 -1 -10 66.000000 190.000000 170.000000 231.000000 1.480401 1.632063 3.595067 -18.338584 1.473022 29.886160 0.977243 0.028616
Car -1 -1 -10 285.000000 185.000000 383.000000 229.000000 1.486579 1.654524 3.591764 -8.860374 0.898122 24.522405 1.200008 0.014036
