Car -1 -1 -10 540.000000 188.000000 681.000000 270.000000 1.455541 1.580912 3.967858 0.132771 1.714955 14.256794 -2.056002 0.999718
Car -1 -1 -10 442.000000 181.000000 496.000000 221.000000 1.443495 1.571724 3.821473 -5.536334 1.797727 28.312441 -1.831459 0.999345
Car -1 -1 -10 255.000000 183.000000 300.000000 214.000000 1.512166 1.599042 3.806698 -18.679034 2.237109 40.339886 -1.949311 0.997832
Car -1 -1 -10 7.000000 203.000000 182.000000 312.000000 1.462779 1.488543 3.706704 -7.758186 2.027015 9.905305 1.411498 0.993058
Car -1 -1 -10 426.000000 180.000000 474.000000 212.000000 1.410845 1.563215 3.804587 -6.895155 1.804027 32.955708 -1.799236 0.985795
Car -1 -1 -10 610.000000 165.000000 716.000000 206.000000 1.483187 1.622592 3.960713 2.388627 1.192061 30.847924 1.101842 0.933046
Car -1 -1 -10 685.000000 129.000000 1242.000000 374.000000 1.647875 1.686587 4.176033 2.722618 1.333307 6.548388 -2.189307 0.478774
Car -1 -1 -10 271.000000 183.000000 309.000000 208.000000 1.490825 1.549087 3.737388 -18.922120 2.163367 40.659935 1.651700 0.389492
Car -1 -1 -10 1.000000 205.000000 116.000000 368.000000 1.477697 1.617773 3.704861 -6.404868 2.093145 7.284551 1.380284 0.379359
Car -1 -1 -10 566.000000 172.000000 652.000000 204.000000 1.607111 1.725505 4.055362 -0.297253 1.264685 36.580504 -0.042891 0.298977
Car -1 -1 -10 26.000000 190.000000 116.000000 218.000000 1.485942 1.591404 3.749444 -23.723281 2.030891 32.317116 1.476919 0.294670
Car -1 -1 -10 1185.000000 148.000000 1239.000000 247.000000 1.461871 1.594915 3.592109 11.480592 1.256213 12.358049 1.678384 0.073284
Car -1 -1 -10 1102.000000 144.000000 1237.000000 241.000000 1.392980 1.608512 3.637099 15.221935 1.403721 20.145777 2.749726 0.057452
