Pedestrian -1 -1 -10 756.000000 166.000000 764.000000 204.000000 1.688920 0.596719 0.639199 8.576838 1.350737 41.952146 2.269854 0.063934
Car -1 -1 -10 284.000000 190.000000 432.000000 262.000000 1.558942 1.618162 3.765985 -5.789800 2.025227 16.692275 1.733641 0.999493
Car -1 -1 -10 750.000000 180.000000 932.000000 293.000000 1.461111 1.584442 3.913270 3.698483 1.638375 11.148487 1.433835 0.999383
Car -1 -1 -10 701.000000 178.000000 808.000000 249.000000 1.447416 1.572252 3.944037 3.740032 1.676178 16.765943 -1.528379 0.996692
Car -1 -1 -10 0.000000 205.000000 235.000000 372.000000 1.487798 1.605831 3.660942 -5.851993 1.956111 7.755436 1.536808 0.984811
Car -1 -1 -10 671.000000 177.000000 734.000000 221.000000 1.434593 1.567355 3.857916 3.429215 1.578023 25.359946 -1.561116 0.971634
Car -1 -1 -10 452.000000 177.000000 504.000000 215.000000 1.477722 1.570549 3.657137 -5.945448 1.786969 31.464318 1.764652 0.823438
Car -1 -1 -10 8.000000 192.000000 169.000000 258.000000 1.461275 1.607395 3.857028 -15.351649 1.687168 21.158978 0.434879 0.326063
Car -1 -1 -10 662.000000 176.000000 711.000000 212.000000 1.449295 1.557942 3.826589 3.737959 1.583006 31.017082 -1.583024 0.083906
Car -1 -1 -10 473.000000 179.000000 516.000000 212.000000 1.487833 1.578691 3.725068 -6.060608 1.914848 34.289929 1.892199 0.078231
Car -1 -1 -10 1083.000000 221.000000 1242.000000 369.000000 1.493118 1.669341 3.585422 3.220837 1.738092 3.376809 2.204363 0.043410
