Pedestrian -1 -1 -10 906.000000 146.000000 1017.000000 375.000000 1.686727 0.608217 0.758740 2.584423 1.678651 5.271911 -1.068285 0.997651
Pedestrian -1 -1 -10 563.000000 160.000000 600.000000 257.000000 1.709635 0.602000 0.756343 -0.354823 1.582504 12.912320 0.506340 0.994169
Pedestrian -1 -1 -10 600.000000 164.000000 630.000000 240.000000 1.735850 0.589282 0.748274 0.193610 1.514058 16.289486 0.562881 0.946234
Pedestrian -1 -1 -10 1040.000000 192.000000 1101.000000 305.000000 1.915882 0.670975 0.834225 2.888129 1.862544 5.734942 2.210446 0.845536
Pedestrian -1 -1 -10 879.000000 182.000000 910.000000 262.000000 1.647960 0.605815 0.577823 5.451540 1.758333 13.880721 2.433532 0.483104
Pedestrian -1 -1 -10 762.000000 161.000000 775.000000 207.000000 1.665679 0.593785 0.646992 6.703627 0.978752 28.609729 -1.296184 0.229584
Pedestrian -1 -1 -10 1033.000000 192.000000 1080.000000 273.000000 1.709996 0.584737 0.590888 7.760619 1.445496 12.034032 -1.008712 0.022964
Pedestrian -1 -1 -10 910.000000 157.000000 982.000000 310.000000 1.642064 0.602689 0.692973 2.568772 1.485282 5.305304 -1.097246 0.022925
Pedestrian -1 -1 -10 413.000000 143.000000 430.000000 190.000000 1.776826 0.672560 0.810766 -2.173187 1.476119 6.549344 -1.844816 0.022342
Pedestrian -1 -1 -10 520.000000 160.000000 593.000000 228.000000 1.752732 0.612759 0.648384 -0.957724 1.247918 19.044334 -1.574053 0.018823
Pedestrian -1 -1 -10 924.000000 157.000000 961.000000 253.000000 1.609841 0.594778 0.588877 6.690211 1.018726 13.388784 1.007287 0.012321
Pedestrian -1 -1 -10 1005.000000 188.000000 1111.000000 334.000000 1.654166 0.576108 0.615665 3.392275 1.954307 5.699455 1.110377 0.010562
Car -1 -1 -10 380.000000 146.000000 559.000000 272.000000 1.642075 1.642859 3.811639 -2.399510 1.312036 12.999253 -1.284067 0.954218
Car -1 -1 -10 520.000000 160.000000 593.000000 228.000000 1.468152 1.572834 3.833624 -0.960936 0.900516 19.644318 -1.545009 0.059302
Car -1 -1 -10 557.000000 159.000000 599.000000 248.000000 1.534357 1.539009 3.541465 -0.398668 1.269860 14.156774 -1.599307 0.033795
Cyclist -1 -1 -10 1028.000000 192.000000 1108.000000 299.000000 1.749408 0.579932 0.642147 7.206794 1.472839 10.896254 -1.009860 0.011231
