Pedestrian -1 -1 -10 900.000000 169.000000 968.000000 301.000000 1.675252 0.608187 0.728346 4.071518 1.694408 8.691389 -1.104587 0.980866
Pedestrian -1 -1 -10 448.000000 176.000000 473.000000 257.000000 1.688594 0.611892 0.634273 -2.913410 1.811927 14.135467 1.866478 0.867352
Pedestrian -1 -1 -10 147.000000 178.000000 204.000000 335.000000 1.593140 0.588685 0.594406 -3.145824 2.122645 5.077028 -2.077197 0.854707
Pedestrian -1 -1 -10 524.000000 179.000000 539.000000 233.000000 1.669889 0.604133 0.726096 -2.114915 1.863685 22.290608 -1.630568 0.681704
Pedestrian -1 -1 -10 131.000000 181.000000 170.000000 314.000000 1.638983 0.586901 0.539974 -5.209335 2.265591 9.133346 -2.125696 0.314611
Pedestrian -1 -1 -10 167.000000 189.000000 208.000000 280.000000 1.633869 0.590921 0.559904 -6.380411 1.519378 11.616464 -2.078776 0.217458
Pedestrian -1 -1 -10 626.000000 176.000000 643.000000 219.000000 1.704174 0.604731 0.766965 1.390199 1.727648 30.482513 -1.488232 0.161786
Pedestrian -1 -1 -10 187.000000 192.000000 210.000000 264.000000 1.815457 0.612529 0.668784 -3.251598 1.650308 4.462865 1.129737 0.088055
Pedestrian -1 -1 -10 445.000000 172.000000 461.000000 230.000000 1.585946 0.603704 0.638913 -4.305677 1.457352 20.560467 -1.746099 0.065536
Pedestrian -1 -1 -10 582.000000 178.000000 598.000000 220.000000 1.682095 0.618092 0.670729 -0.547805 1.809408 30.295059 -1.554868 0.058526
Pedestrian -1 -1 -10 114.000000 173.000000 254.000000 361.000000 1.692427 0.598674 0.629925 -3.300202 2.177059 5.119335 0.028739 0.020328
Pedestrian -1 -1 -10 399.000000 166.000000 419.000000 236.000000 1.636124 0.599124 0.598765 -4.310653 1.953925 16.559230 -1.825361 0.010155
Cyclist -1 -1 -10 137.000000 178.000000 219.000000 348.000000 1.620412 0.584763 0.621653 -3.229736 2.115201 5.042335 -2.059025 0.085016
Cyclist -1 -1 -10 97.000000 180.000000 263.000000 366.000000 1.725266 0.625402 0.656582 -3.325932 2.096054 5.122919 -2.097194 0.039557
Cyclist -1 -1 -10 -1.000000 208.000000 215.000000 375.000000 1.653903 0.557100 1.731024 -3.234666 2.038350 4.295102 -2.154787 0.019187
