Pedestrian -1 -1 -10 1099.000000 141.000000 1175.000000 314.000000 1.811148 0.606725 0.664721 2.420835 1.531518 4.313107 2.271215 0.996199
Pedestrian -1 -1 -10 686.000000 168.000000 703.000000 203.000000 1.662028 0.599767 0.725669 4.479354 1.654861 37.713697 -1.415081 0.037213
Pedestrian -1 -1 -10 717.000000 159.000000 743.000000 220.000000 1.683133 0.602358 0.748619 4.048277 1.601041 22.875357 0.709932 0.026736
Pedestrian -1 -1 -10 1060.000000 170.000000 1201.000000 291.000000 1.661556 0.590051 0.554377 6.563721 2.173141 7.985286 -0.940115 0.026124
Pedestrian -1 -1 -10 710.000000 169.000000 720.000000 199.000000 1.667286 0.612281 0.726306 6.745204 2.060714 46.197110 2.163118 0.015398
Car -1 -1 -10 1025.000000 210.000000 1144.000000 272.000000 1.485373 1.612758 3.359109 3.847210 2.047974 7.846917 2.221374 0.022780
Car -1 -1 -10 1151.000000 209.000000 1234.000000 242.000000 1.534670 1.274529 3.422363 14.639184 5.113776 20.828179 2.105652 0.011751
Cyclist -1 -1 -10 716.000000 159.000000 747.000000 221.000000 1.698168 0.613102 0.755291 4.012408 1.559000 22.849829 -1.368899 0.997781
Cyclist -1 -1 -10 687.000000 168.000000 702.000000 203.000000 1.665776 0.591187 0.737048 4.492818 1.626086 37.758906 -1.419846 0.866654
Cyclist -1 -1 -10 683.000000 169.000000 696.000000 197.000000 1.601547 0.596882 0.670566 4.469916 1.513886 37.770020 -1.437330 0.061685
