Car -1 -1 -10 735.000000 175.000000 896.000000 278.000000 1.469794 1.572834 3.944684 3.549537 1.580758 12.310774 -1.441393 0.999701
Car -1 -1 -10 60.000000 201.000000 320.000000 324.000000 1.533798 1.642592 3.755883 -6.032962 2.046782 10.468575 1.551065 0.999179
Car -1 -1 -10 309.000000 191.000000 436.000000 259.000000 1.543377 1.605623 3.762728 -5.835367 2.107128 18.128871 1.690701 0.998753
Car -1 -1 -10 699.000000 175.000000 798.000000 244.000000 1.439391 1.552487 3.884428 3.654596 1.558421 17.654169 -1.526825 0.996231
Car -1 -1 -10 396.000000 188.000000 475.000000 236.000000 1.507974 1.539263 3.637034 -5.740473 2.130741 24.354125 1.780945 0.991556
Car -1 -1 -10 673.000000 178.000000 725.000000 219.000000 1.431017 1.546455 3.843894 3.707694 1.839171 27.926774 1.210235 0.990291
Car -1 -1 -10 1035.000000 142.000000 1245.000000 244.000000 1.519071 1.628734 3.852599 8.935514 1.051504 11.940787 2.712369 0.930545
Car -1 -1 -10 460.000000 184.000000 517.000000 218.000000 1.489912 1.564937 3.688429 -5.743056 2.089319 32.842231 1.770967 0.900132
Car -1 -1 -10 658.000000 179.000000 704.000000 211.000000 1.445372 1.482853 3.502349 3.386277 2.157671 33.097810 -1.468184 0.875592
Car -1 -1 -10 909.000000 153.000000 1176.000000 241.000000 1.462952 1.575595 3.841924 8.730405 1.183397 14.119618 0.028606 0.524953
Car -1 -1 -10 648.000000 177.000000 681.000000 202.000000 1.508146 1.560874 3.970231 3.860278 1.624138 40.869896 1.123932 0.473527
Car -1 -1 -10 0.000000 240.000000 51.000000 369.000000 1.461659 1.665357 3.489352 -3.800097 1.392817 3.712491 0.970957 0.181073
