Pedestrian -1 -1 -10 675.000000 170.000000 682.000000 201.000000 1.622845 0.608175 0.658917 3.962865 1.770063 41.830117 -1.460033 0.352393
Pedestrian -1 -1 -10 719.000000 168.000000 729.000000 198.000000 1.601214 0.594929 0.586617 7.170310 1.869717 42.944063 -1.394497 0.162039
Pedestrian -1 -1 -10 726.000000 167.000000 735.000000 199.000000 1.680151 0.629771 0.701127 7.323106 1.764297 42.398438 0.695511 0.079247
Car -1 -1 -10 248.000000 184.000000 403.000000 271.000000 1.505009 1.616558 3.745144 -5.412982 1.787413 14.113934 -1.392911 0.999338
Car -1 -1 -10 768.000000 184.000000 1044.000000 328.000000 1.465778 1.607003 3.960538 3.553183 1.594376 8.338916 1.425912 0.998453
Car -1 -1 -10 350.000000 179.000000 457.000000 245.000000 1.564039 1.589348 3.687596 -5.054684 1.777157 18.520607 1.683914 0.997722
Car -1 -1 -10 731.000000 178.000000 862.000000 261.000000 1.442954 1.565389 3.905851 3.927745 1.631016 14.324860 -1.481014 0.994880
Car -1 -1 -10 960.000000 192.000000 1236.000000 375.000000 1.433961 1.591451 3.874669 3.729797 1.674994 3.380163 1.541265 0.942499
Car -1 -1 -10 781.000000 181.000000 932.000000 277.000000 1.456211 1.603593 3.768610 3.672976 1.428988 8.438767 -1.256874 0.163891
Car -1 -1 -10 810.000000 185.000000 872.000000 214.000000 1.471893 1.495040 3.688050 10.762442 1.864544 35.093181 -1.242124 0.018351
Car -1 -1 -10 795.000000 183.000000 882.000000 233.000000 1.522815 1.556231 3.850736 10.140615 1.702267 33.872960 1.906932 0.013634
Car -1 -1 -10 890.000000 185.000000 1146.000000 343.000000 1.488182 1.548445 3.919934 3.847615 1.574355 6.669443 1.553970 0.011556
