Pedestrian -1 -1 -10 689.000000 165.000000 702.000000 205.000000 1.648383 0.608463 0.705653 4.308641 1.615856 36.478373 -1.423297 0.369279
Pedestrian -1 -1 -10 541.000000 172.000000 552.000000 209.000000 1.649921 0.595142 0.685808 -2.687328 1.995834 31.224971 -1.616797 0.180173
Pedestrian -1 -1 -10 545.000000 171.000000 555.000000 204.000000 1.554429 1.319988 3.454371 -2.903548 2.921787 20.810392 1.437911 0.163533
Pedestrian -1 -1 -10 521.000000 175.000000 537.000000 218.000000 1.707065 0.587572 0.738266 -3.465698 2.080290 30.792771 -1.633148 0.058824
Car -1 -1 -10 694.000000 171.000000 826.000000 276.000000 1.482745 1.563494 3.867491 2.845882 1.582973 12.989666 -1.483813 0.999664
Car -1 -1 -10 322.000000 182.000000 443.000000 263.000000 1.558202 1.607029 3.755144 -5.194032 1.947461 16.430586 1.690321 0.999021
Car -1 -1 -10 463.000000 183.000000 512.000000 219.000000 1.479776 1.591693 3.831448 -5.473427 2.066705 32.165043 1.549739 0.998541
Car -1 -1 -10 1.000000 215.000000 64.000000 372.000000 1.454628 1.617156 3.676264 -4.218366 1.995698 4.979499 -2.233594 0.018494
Car -1 -1 -10 479.000000 174.000000 514.000000 210.000000 1.468986 1.554890 3.734158 -5.357416 2.033864 32.032012 1.554385 0.014703
Cyclist -1 -1 -10 520.000000 174.000000 538.000000 219.000000 1.683303 0.583178 0.741058 -3.447813 2.046941 30.788175 -1.640542 0.995622
Cyclist -1 -1 -10 538.000000 172.000000 552.000000 216.000000 1.630878 0.588353 0.692014 -2.700360 1.941901 31.271936 -1.622597 0.722808
Cyclist -1 -1 -10 543.000000 171.000000 556.000000 205.000000 1.615031 0.588853 0.606663 -2.598987 1.747845 31.359506 -1.642800 0.053468
Cyclist -1 -1 -10 -1.000000 214.000000 46.000000 372.000000 1.833319 0.602830 0.699542 -5.256683 2.029490 5.006897 0.958028 0.018581
Cyclist -1 -1 -10 709.000000 175.000000 750.000000 205.000000 1.716625 0.622942 1.711818 6.324572 1.669192 35.874557 1.255070 0.017703
