Car -1 -1 -10 558.000000 215.000000 805.000000 356.000000 1.480994 1.550071 3.865017 1.752040 2.031086 7.224644 1.105018 0.999084
Car -1 -1 -10 108.000000 218.000000 238.000000 308.000000 1.456375 1.599989 3.654430 -6.084079 2.036405 8.267034 -2.068814 0.995913
Car -1 -1 -10 500.000000 208.000000 638.000000 298.000000 1.491153 1.535717 3.837903 0.334494 2.219234 11.370125 0.965806 0.995669
Car -1 -1 -10 450.000000 197.000000 538.000000 270.000000 1.478229 1.563969 3.983491 -2.732932 2.238877 18.509374 -1.887532 0.995200
Car -1 -1 -10 670.000000 216.000000 1224.000000 375.000000 1.470505 1.626940 3.899461 2.695974 1.526651 5.176792 -1.111733 0.987026
Car -1 -1 -10 404.000000 203.000000 454.000000 243.000000 1.440051 1.574126 4.032248 -6.811709 2.815754 29.733173 0.831465 0.969787
Car -1 -1 -10 206.000000 198.000000 289.000000 258.000000 1.498280 1.583483 3.719426 -12.315324 2.507276 24.465797 -1.956565 0.944710
Car -1 -1 -10 424.000000 201.000000 487.000000 255.000000 1.483921 1.520177 3.633249 -4.030710 2.284015 20.020366 -1.771392 0.860127
Car -1 -1 -10 -3.000000 222.000000 184.000000 380.000000 1.466463 1.647852 3.613314 -4.244523 2.016391 5.299474 -2.191598 0.793489
Car -1 -1 -10 273.000000 204.000000 311.000000 229.000000 1.465508 1.624212 3.914805 -19.207301 3.652048 44.361108 1.693885 0.695039
Car -1 -1 -10 396.000000 203.000000 430.000000 234.000000 1.452725 1.487931 3.554638 -8.147545 2.895465 31.730054 -1.878797 0.200293
