Car -1 -1 -10 680.000000 176.000000 781.000000 261.000000 1.498009 1.579058 3.902100 2.881745 1.657702 16.354011 -1.537724 0.998862
Car -1 -1 -10 794.000000 205.000000 1238.000000 374.000000 1.481785 1.610133 4.019183 3.093867 1.537197 5.388237 1.576549 0.995223
Car -1 -1 -10 198.000000 186.000000 422.000000 265.000000 1.488902 1.583364 3.844335 -5.824663 1.769546 15.518645 1.702807 0.988188
Car -1 -1 -10 661.000000 181.000000 724.000000 236.000000 1.429748 1.520368 3.753755 2.914938 1.928678 21.819421 -1.523949 0.964617
Car -1 -1 -10 647.000000 176.000000 691.000000 217.000000 1.465370 1.538995 3.796851 2.917686 1.822888 31.587827 -1.570443 0.836993
Car -1 -1 -10 -5.000000 161.000000 306.000000 324.000000 1.670314 1.664077 3.922272 -5.982443 1.553809 9.697091 -1.565746 0.783605
Car -1 -1 -10 120.000000 188.000000 363.000000 289.000000 1.484442 1.609268 3.755901 -5.711107 1.918314 12.420737 1.576591 0.542462
Car -1 -1 -10 276.000000 182.000000 440.000000 246.000000 1.538559 1.616024 3.837708 -5.586259 1.625461 17.494653 -1.790311 0.452601
Car -1 -1 -10 460.000000 181.000000 540.000000 209.000000 1.427909 1.590470 3.803807 -5.721908 2.078090 41.130493 1.870131 0.296431
Car -1 -1 -10 404.000000 182.000000 512.000000 222.000000 1.498375 1.608337 4.082550 -6.070708 1.892360 29.132693 0.696522 0.288759
