Pedestrian -1 -1 -10 665.000000 166.000000 700.000000 275.000000 1.705871 0.602470 0.748664 1.342878 1.674928 11.651981 -1.413634 0.998270
Pedestrian -1 -1 -10 713.000000 166.000000 755.000000 272.000000 1.697354 0.610113 0.758245 2.189258 1.625168 11.796584 -1.347483 0.993132
Pedestrian -1 -1 -10 376.000000 165.000000 423.000000 278.000000 1.691331 0.609086 0.748983 -3.095048 1.667994 11.331301 -1.804453 0.984031
Pedestrian -1 -1 -10 499.000000 171.000000 514.000000 212.000000 1.603538 0.624238 0.666209 -3.477017 1.372787 27.086418 -1.680602 0.236700
Pedestrian -1 -1 -10 11.000000 186.000000 49.000000 266.000000 1.852435 0.620285 0.695430 -3.468303 1.528634 3.426840 0.967558 0.067612
Pedestrian -1 -1 -10 2.000000 189.000000 23.000000 254.000000 1.808854 0.608590 0.660113 -3.540795 1.510160 3.427917 0.955618 0.017659
Pedestrian -1 -1 -10 111.000000 193.000000 138.000000 259.000000 1.631567 0.593882 0.598833 -9.487579 2.007915 14.645099 -2.098745 0.016712
Pedestrian -1 -1 -10 589.000000 173.000000 599.000000 207.000000 1.495739 1.487230 3.725249 -1.517021 3.050616 20.415158 1.555210 0.016116
Pedestrian -1 -1 -10 739.000000 164.000000 755.000000 215.000000 1.634384 0.598957 0.600182 5.082398 1.244747 24.149264 0.767997 0.015720
Pedestrian -1 -1 -10 425.000000 178.000000 438.000000 219.000000 1.701827 0.587861 0.610089 -7.189958 1.866794 30.239006 -1.807294 0.015364
Pedestrian -1 -1 -10 545.000000 170.000000 566.000000 213.000000 1.636172 0.603816 0.686773 -1.618904 1.301666 25.746322 -1.604480 0.011797
Pedestrian -1 -1 -10 587.000000 171.000000 611.000000 223.000000 1.684085 0.589777 0.738939 -0.190642 1.602403 23.393798 0.539650 0.011292
Car -1 -1 -10 546.000000 171.000000 581.000000 200.000000 1.581034 1.678674 4.019197 -2.381803 1.079512 48.139636 -1.590908 0.016856
Cyclist -1 -1 -10 587.000000 171.000000 613.000000 225.000000 1.665355 0.580999 0.748152 -0.167505 1.608805 23.386853 -1.525242 0.997847
Cyclist -1 -1 -10 524.000000 167.000000 567.000000 246.000000 1.728676 0.569401 0.775758 -1.365116 1.632076 17.047526 -1.596075 0.997846
Cyclist -1 -1 -10 1041.000000 199.000000 1181.000000 368.000000 1.717212 0.579716 0.629383 2.033015 1.740169 2.752622 -0.964891 0.330277
Cyclist -1 -1 -10 375.000000 169.000000 424.000000 275.000000 1.654778 0.610717 0.743783 -3.150708 1.572452 11.492212 -1.816471 0.094176
Cyclist -1 -1 -10 497.000000 171.000000 516.000000 214.000000 1.615418 0.614170 0.661417 -3.447250 1.395022 27.087016 -1.687620 0.072053
Cyclist -1 -1 -10 545.000000 170.000000 570.000000 208.000000 1.522598 1.576724 3.758225 -1.683490 1.555008 13.837160 1.538202 0.062489
Cyclist -1 -1 -10 64.000000 189.000000 166.000000 287.000000 1.487326 1.530542 3.754826 -8.657487 1.830952 13.011771 0.465528 0.023661
Cyclist -1 -1 -10 592.000000 174.000000 612.000000 205.000000 1.521489 1.580704 3.735540 -0.933185 1.811507 13.659181 1.582543 0.022641
Cyclist -1 -1 -10 665.000000 166.000000 700.000000 278.000000 1.681345 0.592808 0.749492 1.329204 1.598340 11.676923 -1.423506 0.015998
Cyclist -1 -1 -10 589.000000 173.000000 600.000000 213.000000 1.523472 1.594049 3.757148 -0.911513 1.495321 13.086871 1.591513 0.015417
Cyclist -1 -1 -10 5.000000 186.000000 47.000000 264.000000 1.679326 0.592852 0.594210 -13.421026 1.783717 17.137296 -2.257477 0.013834
