Car -1 -1 -10 574.000000 177.000000 617.000000 217.000000 1.525888 1.638820 3.904335 -0.518599 1.185639 31.314632 -1.590338 0.999666
Car -1 -1 -10 395.000000 183.000000 500.000000 253.000000 1.539029 1.605227 3.705637 -3.737602 1.476293 17.077994 -1.336258 0.999265
Car -1 -1 -10 494.000000 182.000000 546.000000 218.000000 1.498921 1.601347 3.734982 -3.633554 1.276367 29.195216 1.601972 0.999261
Car -1 -1 -10 248.000000 174.000000 367.000000 244.000000 1.644568 1.647505 3.814395 -8.089615 1.448376 19.252682 -1.443391 0.997907
Car -1 -1 -10 6.000000 181.000000 295.000000 373.000000 1.512514 1.632632 3.806189 -3.001338 1.494339 3.728211 1.572858 0.981765
Car -1 -1 -10 23.000000 183.000000 244.000000 276.000000 1.555766 1.628446 3.974703 -9.058327 1.423410 13.442502 0.464121 0.619193
Car -1 -1 -10 354.000000 180.000000 428.000000 223.000000 1.464653 1.603083 3.809583 -8.103774 1.380122 25.948827 -1.845341 0.439563
Car -1 -1 -10 451.000000 179.000000 497.000000 209.000000 1.510609 1.602113 3.722764 -8.011820 1.057582 44.056463 -1.678860 0.131571
Car -1 -1 -10 111.000000 187.000000 242.000000 237.000000 1.505541 1.526470 3.926219 -14.087207 1.202491 23.698762 0.450390 0.025065
Car -1 -1 -10 413.000000 182.000000 489.000000 223.000000 1.499557 1.546444 3.626232 -7.151369 1.297490 33.693136 -1.754012 0.015556
