Car -1 -1 -10 643.000000 175.000000 723.000000 233.000000 1.435457 1.582033 3.857798 2.224350 1.532843 20.202515 -1.582454 0.999446
Car -1 -1 -10 623.000000 169.000000 660.000000 203.000000 1.510669 1.584586 3.786290 1.820049 1.484219 35.183729 -1.549722 0.986189
Car -1 -1 -10 199.000000 182.000000 417.000000 249.000000 1.443999 1.587005 3.916763 -6.414816 1.629832 16.096593 1.747329 0.955275
Car -1 -1 -10 405.000000 175.000000 494.000000 210.000000 1.519669 1.589623 3.828901 -8.178937 1.640395 31.886866 -1.772747 0.921812
Car -1 -1 -10 952.000000 146.000000 1239.000000 367.000000 1.525317 1.590025 4.098346 5.006098 1.467597 6.523506 1.598626 0.824601
Car -1 -1 -10 452.000000 174.000000 519.000000 199.000000 1.492846 1.631356 3.673427 -7.310295 1.717181 45.264828 -2.368360 0.314969
Car -1 -1 -10 364.000000 177.000000 458.000000 218.000000 1.518617 1.556731 3.811595 -7.532729 1.509388 28.888046 -2.962116 0.171039
Car -1 -1 -10 289.000000 183.000000 433.000000 231.000000 1.491513 1.642862 3.940345 -7.097393 1.594809 22.505967 0.761180 0.077427
Car -1 -1 -10 235.000000 185.000000 375.000000 301.000000 1.449759 1.555624 3.671312 -4.744530 2.087994 10.334262 0.578188 0.069225
Cyclist -1 -1 -10 255.000000 176.000000 375.000000 352.000000 1.712464 0.556687 0.754374 -3.084427 1.958939 7.539377 -1.901046 0.999801
Cyclist -1 -1 -10 150.000000 180.000000 386.000000 268.000000 1.456991 1.647074 3.897453 -6.521394 1.749784 13.602812 0.543544 0.102273
Cyclist -1 -1 -10 255.000000 182.000000 405.000000 253.000000 1.483865 1.559599 3.744364 -6.198223 1.745347 15.172060 1.694650 0.093418
