Car -1 -1 -10 393.000000 189.000000 468.000000 235.000000 1.514542 1.590910 3.723672 -6.126495 2.143694 24.071127 1.721062 0.997660
Car -1 -1 -10 668.000000 175.000000 731.000000 216.000000 1.452162 1.506002 3.743778 3.409490 1.595892 26.081546 -1.562909 0.996651
Car -1 -1 -10 452.000000 186.000000 502.000000 221.000000 1.462298 1.557385 3.728723 -5.816264 2.206780 31.445859 1.725595 0.995280
Car -1 -1 -10 842.000000 149.000000 1010.000000 207.000000 1.439277 1.645656 4.074745 9.506785 0.428288 21.988192 1.467217 0.994840
Car -1 -1 -10 313.000000 193.000000 426.000000 260.000000 1.480451 1.562112 3.737513 -6.068470 2.084059 18.182703 1.660598 0.993427
Car -1 -1 -10 206.000000 198.000000 364.000000 294.000000 1.504959 1.571922 3.677666 -5.986279 2.139982 13.301403 1.613185 0.992097
Car -1 -1 -10 2.000000 205.000000 255.000000 371.000000 1.525494 1.612160 3.700933 -5.852085 2.087214 8.279689 1.532948 0.990230
Car -1 -1 -10 765.000000 158.000000 918.000000 201.000000 1.448468 1.669394 4.044734 9.636949 0.275288 33.066126 -0.165697 0.467716
Car -1 -1 -10 647.000000 176.000000 683.000000 203.000000 1.380736 1.641746 3.698015 3.204397 2.000291 39.965662 1.641430 0.420571
Car -1 -1 -10 655.000000 175.000000 706.000000 209.000000 1.469680 1.459312 3.567532 3.242134 1.718050 31.793578 -1.544925 0.378504
Car -1 -1 -10 1146.000000 133.000000 1238.000000 178.000000 1.514225 1.582350 3.953398 22.803874 0.301620 27.936320 -0.215992 0.369224
Car -1 -1 -10 476.000000 184.000000 517.000000 214.000000 1.499453 1.527371 3.647322 -5.851176 2.216723 33.035467 -1.673628 0.099115
