Pedestrian -1 -1 -10 919.000000 159.000000 977.000000 282.000000 1.714916 0.605673 0.766396 4.762569 1.708746 10.034584 -1.086519 0.995367
Pedestrian -1 -1 -10 917.000000 170.000000 958.000000 252.000000 1.584424 0.596645 0.601169 6.088469 2.045631 12.353804 -1.129674 0.022724
Pedestrian -1 -1 -10 919.000000 165.000000 965.000000 213.000000 1.677247 0.585717 0.512752 18.337380 2.261526 42.278182 -1.104984 0.011694
Car -1 -1 -10 177.000000 192.000000 385.000000 327.000000 1.464021 1.574295 3.766244 -4.290522 1.871475 9.652350 1.213602 0.999435
Car -1 -1 -10 474.000000 176.000000 575.000000 213.000000 1.503597 1.653487 3.966132 -3.607111 1.691091 31.395158 -0.647927 0.991141
Car -1 -1 -10 626.000000 173.000000 728.000000 205.000000 1.504551 1.705563 4.047509 3.463572 1.555172 35.037211 2.773664 0.989448
Car -1 -1 -10 261.000000 177.000000 403.000000 229.000000 1.512486 1.695414 4.221532 -9.282254 1.677932 24.784236 -3.080534 0.981451
Car -1 -1 -10 382.000000 182.000000 402.000000 212.000000 1.471789 1.621465 3.667436 -11.564946 1.943083 38.148058 -1.851016 0.017144
Car -1 -1 -10 233.000000 190.000000 381.000000 274.000000 1.460421 1.624115 3.754019 -4.601732 1.724136 10.873252 -1.882906 0.012370
Cyclist -1 -1 -10 917.000000 158.000000 974.000000 278.000000 1.713407 0.598157 0.689470 4.975293 1.614920 10.480981 -1.088669 0.029559
Cyclist -1 -1 -10 383.000000 181.000000 402.000000 211.000000 1.636007 0.581503 0.619368 -11.380076 2.100561 37.526625 -1.862563 0.026871
