Pedestrian -1 -1 -10 404.000000 166.000000 448.000000 271.000000 1.701650 0.601058 0.771251 -2.990737 1.673698 12.127488 -1.763567 0.997450
Pedestrian -1 -1 -10 674.000000 168.000000 709.000000 268.000000 1.688515 0.607867 0.745284 1.544375 1.667228 12.332530 -1.403673 0.996579
Pedestrian -1 -1 -10 716.000000 165.000000 758.000000 267.000000 1.685141 0.605454 0.750676 2.374178 1.627686 12.435129 -1.339780 0.993498
Pedestrian -1 -1 -10 507.000000 170.000000 535.000000 216.000000 1.623477 0.621658 0.661437 -2.993193 1.535445 28.232842 -1.633762 0.051382
Pedestrian -1 -1 -10 608.000000 170.000000 628.000000 217.000000 1.672183 0.591226 0.723726 0.420002 1.424034 25.834168 0.557462 0.033650
Pedestrian -1 -1 -10 608.000000 170.000000 617.000000 205.000000 1.513123 1.555673 3.737500 -0.553614 1.547015 14.027447 1.625768 0.018796
Pedestrian -1 -1 -10 750.000000 163.000000 769.000000 214.000000 1.629223 0.601549 0.619076 5.719212 1.211247 24.945088 0.779487 0.018360
Pedestrian -1 -1 -10 742.000000 165.000000 761.000000 215.000000 1.625269 0.612596 0.612827 5.618094 1.239139 25.323227 1.209957 0.011763
Pedestrian -1 -1 -10 684.000000 171.000000 707.000000 233.000000 1.623409 0.599673 0.589051 3.169875 1.743962 21.610209 -1.429802 0.010890
Car -1 -1 -10 567.000000 169.000000 596.000000 199.000000 1.564654 1.583121 3.670714 -1.000102 1.370150 48.709471 -1.565008 0.094553
Cyclist -1 -1 -10 556.000000 166.000000 586.000000 234.000000 1.718730 0.577777 0.770747 -0.810844 1.557132 19.276247 -1.565622 0.997309
Cyclist -1 -1 -10 608.000000 169.000000 629.000000 217.000000 1.646481 0.574542 0.738415 0.418118 1.394132 25.834517 -1.509798 0.986959
Cyclist -1 -1 -10 505.000000 170.000000 536.000000 216.000000 1.618496 0.626776 0.656359 -2.952449 1.490261 28.281470 -1.651845 0.929136
Cyclist -1 -1 -10 714.000000 162.000000 763.000000 259.000000 1.670388 0.589747 0.761569 2.373469 1.588651 12.443127 -1.344851 0.763790
Cyclist -1 -1 -10 922.000000 203.000000 1106.000000 370.000000 1.600005 0.590754 0.622521 2.506136 1.736373 3.679877 -1.024641 0.634323
Cyclist -1 -1 -10 725.000000 171.000000 781.000000 237.000000 1.607389 0.586330 0.616899 3.859751 1.642287 16.205126 -1.341991 0.112033
Cyclist -1 -1 -10 565.000000 169.000000 596.000000 200.000000 1.627125 0.580370 0.608485 -0.783575 1.558556 47.528028 -1.602627 0.086064
Cyclist -1 -1 -10 739.000000 166.000000 761.000000 222.000000 1.651125 0.632882 0.556460 5.382444 1.255151 25.180929 -1.328919 0.017167
Cyclist -1 -1 -10 678.000000 169.000000 712.000000 259.000000 1.662713 0.588994 0.745546 1.531799 1.599074 12.356732 -1.408027 0.016813
Cyclist -1 -1 -10 993.000000 199.000000 1218.000000 372.000000 1.738062 0.520744 1.750151 2.653070 1.689934 3.574183 -0.919141 0.014164
