Car -1 -1 -10 198.000000 183.000000 440.000000 321.000000 1.595843 1.624395 3.785830 -3.846264 1.588593 9.566135 -1.454010 0.999672
Car -1 -1 -10 679.000000 184.000000 760.000000 244.000000 1.439726 1.565700 3.804453 3.113421 1.384556 18.863186 -1.523588 0.999524
Car -1 -1 -10 428.000000 179.000000 501.000000 233.000000 1.516348 1.592006 3.700799 -4.517258 1.383443 22.192312 -1.318736 0.998919
Car -1 -1 -10 583.000000 177.000000 615.000000 205.000000 1.540280 1.625230 3.820376 -0.491173 1.014875 42.270270 -1.585641 0.998068
Car -1 -1 -10 45.000000 185.000000 271.000000 276.000000 1.549057 1.664189 3.891424 -8.456936 1.506318 13.487697 -1.532023 0.997980
Car -1 -1 -10 492.000000 181.000000 532.000000 210.000000 1.494798 1.607148 3.823847 -4.696419 1.271494 34.926277 -1.612864 0.994025
Car -1 -1 -10 380.000000 170.000000 436.000000 221.000000 1.560212 1.620975 3.837805 -8.983249 1.054697 31.666548 -1.787633 0.355739
Car -1 -1 -10 4.000000 208.000000 126.000000 375.000000 1.465082 1.624871 3.746375 -3.307983 1.727330 3.834747 -2.200506 0.292357
Car -1 -1 -10 429.000000 173.000000 472.000000 215.000000 1.495560 1.639918 3.582678 -8.032937 1.351435 33.172693 1.355855 0.038298
Car -1 -1 -10 231.000000 186.000000 343.000000 222.000000 1.489612 1.556587 3.746509 -12.440323 1.091764 27.322445 1.624459 0.018179
Car -1 -1 -10 300.000000 187.000000 354.000000 215.000000 1.483853 1.590579 3.719843 -12.626885 1.183929 30.029469 -1.938221 0.014073
