Pedestrian -1 -1 -10 859.000000 160.000000 868.000000 188.000000 1.501470 1.539252 3.756176 4.577269 2.234425 16.331758 1.928940 0.020378
Pedestrian -1 -1 -10 658.000000 180.000000 669.000000 207.000000 1.621504 0.603585 0.617471 2.697630 1.686245 36.413568 -1.485723 0.012541
Car -1 -1 -10 635.000000 182.000000 749.000000 263.000000 1.481134 1.565165 3.830257 1.880674 1.650758 15.527318 -1.542756 0.998663
Car -1 -1 -10 782.000000 167.000000 883.000000 208.000000 1.570563 1.617305 3.834063 9.200525 1.356620 29.790544 -0.761140 0.997781
Car -1 -1 -10 559.000000 174.000000 653.000000 213.000000 1.487935 1.669395 3.965016 -0.373955 1.582135 31.033912 0.997499 0.997745
Car -1 -1 -10 859.000000 170.000000 934.000000 205.000000 1.559258 1.582255 3.721757 12.536416 1.437994 32.195761 2.512115 0.988315
Car -1 -1 -10 705.000000 171.000000 818.000000 213.000000 1.477337 1.619810 3.888687 6.442423 1.400881 27.838113 2.295929 0.961916
Car -1 -1 -10 907.000000 162.000000 989.000000 200.000000 1.574329 1.618479 3.812974 16.568978 1.383384 35.136485 -0.564963 0.950345
Car -1 -1 -10 682.000000 172.000000 750.000000 209.000000 1.514696 1.558112 3.801318 4.731295 1.287602 34.893058 1.779463 0.116180
Car -1 -1 -10 696.000000 172.000000 727.000000 211.000000 1.491739 1.547088 3.779447 4.985932 1.269661 34.945634 1.775791 0.043001
Cyclist -1 -1 -10 685.000000 172.000000 740.000000 207.000000 1.656738 0.574997 0.600650 5.035014 1.646822 33.463118 -1.418814 0.096771
Cyclist -1 -1 -10 658.000000 180.000000 669.000000 207.000000 1.629991 0.587847 0.637224 2.679174 1.654375 36.473684 -1.485171 0.073329
Cyclist -1 -1 -10 657.000000 178.000000 684.000000 210.000000 1.660292 0.623444 0.524820 3.371148 1.698998 35.337503 1.144186 0.054432
Cyclist -1 -1 -10 671.000000 176.000000 711.000000 213.000000 1.413519 1.617451 3.809648 4.175429 1.663913 33.548276 1.667475 0.051489
Cyclist -1 -1 -10 681.000000 172.000000 701.000000 219.000000 1.703814 0.584449 0.610250 4.029370 1.815849 33.415275 -1.475574 0.039413
Cyclist -1 -1 -10 692.000000 170.000000 718.000000 214.000000 1.663276 0.577357 0.604471 4.742184 1.737330 33.352981 -1.442377 0.031953
Cyclist -1 -1 -10 673.000000 173.000000 692.000000 219.000000 1.694021 0.581011 0.607247 3.723294 1.835392 33.582413 -1.485133 0.021583
