Pedestrian -1 -1 -10 397.000000 174.000000 407.000000 209.000000 1.559158 1.320691 3.459889 -6.901226 2.833047 19.618544 1.238365 0.267096
Pedestrian -1 -1 -10 407.000000 171.000000 418.000000 205.000000 1.496723 1.547753 3.773311 -5.611626 2.485621 16.029950 1.310097 0.139112
Pedestrian -1 -1 -10 137.000000 167.000000 266.000000 368.000000 1.680004 0.592977 0.733108 -3.433137 2.012541 6.307735 1.529156 0.097076
Pedestrian -1 -1 -10 344.000000 177.000000 366.000000 225.000000 1.657665 0.569756 0.611350 -10.841563 1.657074 29.455934 1.702462 0.016142
Pedestrian -1 -1 -10 319.000000 181.000000 369.000000 228.000000 1.603866 0.592956 0.597950 -10.459268 1.658802 27.725727 -1.900783 0.010257
Car -1 -1 -10 591.000000 174.000000 651.000000 222.000000 1.455881 1.579153 3.826219 0.466235 1.594198 25.079398 -1.669242 0.998285
Car -1 -1 -10 405.000000 182.000000 449.000000 217.000000 1.512177 1.608970 3.821590 -7.693419 1.744888 30.229512 -1.764470 0.997832
Car -1 -1 -10 777.000000 180.000000 1204.000000 375.000000 1.519475 1.606193 4.045862 3.146869 1.465855 6.198982 -1.669198 0.997190
Car -1 -1 -10 234.000000 183.000000 390.000000 286.000000 1.405905 1.515967 3.778197 -5.415301 1.906795 13.577806 0.628180 0.893239
Car -1 -1 -10 49.000000 189.000000 318.000000 350.000000 1.453862 1.559923 3.754970 -4.389877 1.776630 7.871853 0.476461 0.845404
Car -1 -1 -10 565.000000 174.000000 603.000000 206.000000 1.448912 1.569727 3.770707 -1.049907 1.583585 35.378998 -1.653445 0.772700
Car -1 -1 -10 419.000000 178.000000 455.000000 211.000000 1.483548 1.659361 3.736665 -8.717469 2.047907 38.100020 -1.788640 0.169230
Car -1 -1 -10 668.000000 180.000000 813.000000 266.000000 1.496438 1.611770 3.923791 2.296054 1.466867 13.334008 -1.890249 0.021615
Cyclist -1 -1 -10 293.000000 170.000000 389.000000 330.000000 1.717139 0.562646 0.750834 -3.077103 1.906693 8.348159 -1.872887 0.999430
Cyclist -1 -1 -10 125.000000 176.000000 272.000000 371.000000 1.695073 0.575325 1.757000 -3.431281 1.954610 6.372859 -2.037240 0.992156
Cyclist -1 -1 -10 229.000000 183.000000 385.000000 289.000000 1.720226 0.684834 0.635929 -3.854954 1.977497 9.967515 0.629124 0.579489
Cyclist -1 -1 -10 60.000000 200.000000 306.000000 325.000000 1.677005 0.589186 1.717874 -3.476713 1.923842 6.606842 -2.079290 0.060608
Cyclist -1 -1 -10 319.000000 181.000000 370.000000 232.000000 1.734696 0.578169 0.639414 -10.185276 1.834971 27.558402 -1.940220 0.027165
Cyclist -1 -1 -10 344.000000 177.000000 366.000000 225.000000 1.641688 0.563637 0.612515 -10.825892 1.588170 29.371146 1.706636 0.024480
Cyclist -1 -1 -10 286.000000 185.000000 379.000000 264.000000 1.513733 1.589751 3.773795 -5.652291 1.890748 13.670810 1.356068 0.018518
