Car -1 -1 -10 916.000000 188.000000 1237.000000 316.000000 1.477864 1.666391 3.962183 6.399816 1.792896 10.144364 -2.145420 0.997675
Car -1 -1 -10 372.000000 174.000000 482.000000 218.000000 1.528300 1.627747 3.975413 -6.196240 1.468383 26.840247 -0.763313 0.993048
Car -1 -1 -10 412.000000 171.000000 516.000000 212.000000 1.535931 1.662270 4.102437 -5.824066 1.480863 31.515068 -2.971492 0.977930
Car -1 -1 -10 863.000000 178.000000 1126.000000 291.000000 1.525195 1.652406 4.139120 5.859880 1.583387 11.097955 1.551530 0.952709
Car -1 -1 -10 2.000000 172.000000 203.000000 359.000000 1.575359 1.608383 3.919049 -5.959890 1.580280 7.796997 -2.167145 0.951119
Car -1 -1 -10 218.000000 171.000000 413.000000 244.000000 1.467043 1.572132 3.820764 -6.539921 1.288429 17.822822 1.717654 0.650855
Car -1 -1 -10 995.000000 246.000000 1241.000000 372.000000 1.483957 1.635396 3.578389 2.627164 1.609785 3.317556 2.188154 0.575097
Car -1 -1 -10 756.000000 170.000000 946.000000 238.000000 1.608001 1.666754 3.962990 6.552203 1.642608 20.160200 -0.138639 0.562645
Car -1 -1 -10 489.000000 171.000000 542.000000 196.000000 1.490924 1.597868 3.725484 -6.086517 1.754364 48.079785 2.010145 0.082911
Car -1 -1 -10 632.000000 172.000000 665.000000 197.000000 1.496272 1.651966 3.581456 2.318643 1.563396 44.923386 -1.508340 0.048969
Car -1 -1 -10 644.000000 173.000000 686.000000 207.000000 1.486186 1.449702 3.588214 2.463934 1.694732 30.871072 1.064287 0.017669
Car -1 -1 -10 649.000000 163.000000 708.000000 210.000000 1.553500 1.598483 3.995676 2.779449 1.196802 28.780327 -1.598784 0.010405
