Pedestrian -1 -1 -10 688.000000 171.000000 713.000000 229.000000 1.616846 0.618543 0.705116 2.343531 1.804542 18.641378 -1.408752 0.055824
Pedestrian -1 -1 -10 685.000000 171.000000 706.000000 201.000000 1.691891 0.689568 0.735687 0.427880 1.846645 11.335788 -1.513026 0.012182
Car -1 -1 -10 526.000000 181.000000 584.000000 221.000000 1.504355 1.572150 3.733251 -2.357281 1.976889 28.971634 1.907536 0.999119
Car -1 -1 -10 262.000000 189.000000 452.000000 290.000000 1.540434 1.581541 3.745046 -4.395881 1.941694 12.630275 1.701857 0.999103
Car -1 -1 -10 1.000000 167.000000 238.000000 373.000000 1.576836 1.614204 3.776102 -4.829228 1.677120 6.023329 -1.609070 0.930915
Car -1 -1 -10 682.000000 173.000000 709.000000 199.000000 1.555581 1.632952 3.642214 0.543692 1.777893 12.601486 -1.510969 0.016821
Car -1 -1 -10 2.000000 167.000000 125.000000 337.000000 1.447970 1.671918 3.487339 -2.926455 1.019147 3.141446 0.982747 0.011234
Cyclist -1 -1 -10 686.000000 168.000000 715.000000 243.000000 1.661268 0.595650 0.731339 2.396665 1.799533 18.476108 -1.408065 0.998667
Cyclist -1 -1 -10 688.000000 173.000000 710.000000 215.000000 1.709219 0.500706 1.579742 2.347576 1.622198 18.805158 -1.426758 0.048484
Cyclist -1 -1 -10 684.000000 172.000000 704.000000 199.000000 1.551612 1.086110 3.219016 1.248702 3.997875 22.503898 1.504021 0.021530
