Pedestrian -1 -1 -10 429.000000 179.000000 456.000000 238.000000 1.658404 0.606921 0.727887 -4.671781 2.097685 20.545933 -1.752053 0.018207
Car -1 -1 -10 654.000000 181.000000 756.000000 252.000000 1.459637 1.573874 3.872099 2.447722 1.608880 16.945429 -1.563420 0.999363
Car -1 -1 -10 344.000000 191.000000 421.000000 249.000000 1.481631 1.552068 3.695381 -6.035179 1.920733 19.480427 -1.793496 0.996318
Car -1 -1 -10 759.000000 181.000000 1050.000000 369.000000 1.474016 1.611617 4.053693 3.147969 1.702129 7.279413 1.508436 0.989256
Car -1 -1 -10 559.000000 180.000000 602.000000 215.000000 1.441953 1.589515 3.840222 -1.333930 1.888230 35.535843 -1.683197 0.952193
Car -1 -1 -10 915.000000 171.000000 1240.000000 376.000000 1.451137 1.547489 3.964015 3.179099 1.642184 3.433732 1.612160 0.464669
Car -1 -1 -10 372.000000 186.000000 429.000000 239.000000 1.466234 1.526861 3.632728 -6.279160 1.963131 20.086461 -1.799757 0.321291
Car -1 -1 -10 609.000000 184.000000 689.000000 229.000000 1.456329 1.533208 3.816515 1.234517 1.681060 24.412704 -1.618090 0.102985
Car -1 -1 -10 907.000000 190.000000 1076.000000 373.000000 1.463569 1.476625 3.754109 3.262223 1.911201 4.602184 1.457242 0.053517
Car -1 -1 -10 423.000000 181.000000 458.000000 207.000000 1.476828 1.644113 3.620507 -9.711389 2.515900 39.335480 -1.796425 0.014732
Car -1 -1 -10 425.000000 180.000000 460.000000 234.000000 1.513682 1.496409 3.427889 -4.894668 1.892765 22.037969 -1.807381 0.010315
Cyclist -1 -1 -10 457.000000 177.000000 486.000000 234.000000 1.685180 0.587481 0.731754 -4.347779 2.088996 22.666276 -1.716350 0.997936
Cyclist -1 -1 -10 427.000000 177.000000 459.000000 241.000000 1.645298 0.599376 0.724628 -4.681573 2.020163 20.581870 -1.764729 0.997171
Cyclist -1 -1 -10 424.000000 181.000000 451.000000 218.000000 1.604746 0.586972 0.605080 -6.503051 2.206427 25.423055 -1.799880 0.024971
