Pedestrian -1 -1 -10 1.000000 121.000000 44.000000 332.000000 1.883823 0.595813 0.844152 -7.028979 1.696405 8.555753 -0.131509 0.149442
Car -1 -1 -10 641.000000 179.000000 701.000000 220.000000 1.463126 1.578883 3.802337 2.446795 1.637926 26.773744 -1.581382 0.996263
Car -1 -1 -10 687.000000 177.000000 779.000000 244.000000 1.461699 1.529418 3.804021 3.291421 1.785238 18.317667 -1.468667 0.959666
Car -1 -1 -10 35.000000 195.000000 140.000000 259.000000 1.547160 1.620169 3.742025 -14.908023 2.188880 20.625609 -2.085537 0.955344
Car -1 -1 -10 713.000000 164.000000 885.000000 279.000000 1.512856 1.557984 3.900170 3.223180 1.522219 12.184086 1.342605 0.942249
Car -1 -1 -10 441.000000 182.000000 488.000000 223.000000 1.495877 1.585275 3.834888 -5.820275 2.023076 29.024957 -1.773652 0.799991
Car -1 -1 -10 572.000000 179.000000 606.000000 206.000000 1.445610 1.586491 3.819560 -1.068695 1.887667 45.554263 -1.670650 0.732731
Car -1 -1 -10 609.000000 179.000000 661.000000 212.000000 1.453468 1.557895 3.867456 1.306765 1.715982 33.617856 1.106287 0.154786
Cyclist -1 -1 -10 489.000000 176.000000 505.000000 215.000000 1.641763 0.585727 0.697711 -5.294223 2.098520 34.186324 -1.686494 0.115319
Cyclist -1 -1 -10 0.000000 92.000000 48.000000 328.000000 1.852898 0.593307 0.857053 -7.064982 1.640195 8.589335 -2.204052 0.024817
