Pedestrian -1 -1 -10 447.000000 176.000000 475.000000 258.000000 1.683693 0.600907 0.728124 -2.729276 1.765701 14.108558 -1.727255 0.994828
Pedestrian -1 -1 -10 190.000000 158.000000 245.000000 301.000000 1.704214 0.600163 0.761574 -5.008066 1.647025 9.181700 -2.015556 0.994340
Pedestrian -1 -1 -10 546.000000 180.000000 582.000000 258.000000 1.679660 0.603134 0.732030 -0.723336 1.852766 13.853221 -1.586017 0.984940
Pedestrian -1 -1 -10 526.000000 172.000000 555.000000 237.000000 1.650209 0.622258 0.697202 -1.347445 1.733186 17.437229 1.985897 0.744824
Pedestrian -1 -1 -10 607.000000 169.000000 625.000000 223.000000 1.676324 0.609928 0.731216 0.544861 1.482137 22.558828 -1.517575 0.636315
Pedestrian -1 -1 -10 593.000000 170.000000 610.000000 216.000000 1.650779 0.617014 0.673624 0.124629 1.444450 28.475014 -1.577408 0.046704
Pedestrian -1 -1 -10 542.000000 179.000000 568.000000 243.000000 1.636355 0.600041 0.689013 -1.341589 1.687970 17.890788 -1.607173 0.029284
Pedestrian -1 -1 -10 203.000000 173.000000 240.000000 255.000000 1.919471 0.669817 0.819461 -3.436794 1.801271 5.015994 1.150556 0.018993
Pedestrian -1 -1 -10 631.000000 170.000000 645.000000 209.000000 1.723064 0.573350 0.714666 1.591801 1.468004 34.120117 2.103064 0.017283
Pedestrian -1 -1 -10 617.000000 170.000000 634.000000 216.000000 1.658688 0.598327 0.615369 0.643212 1.056428 22.780509 -1.534297 0.011604
Cyclist -1 -1 -10 691.000000 165.000000 725.000000 221.000000 1.640735 0.622767 0.682935 3.380483 1.320685 22.160988 -1.425963 0.045493
Cyclist -1 -1 -10 542.000000 176.000000 583.000000 256.000000 1.660997 0.583511 0.742044 -0.732192 1.780124 13.903703 -1.590950 0.027859
Cyclist -1 -1 -10 522.000000 172.000000 556.000000 236.000000 1.665947 0.590972 0.741404 -1.464573 1.630685 17.714161 -1.618223 0.023937
Cyclist -1 -1 -10 443.000000 177.000000 478.000000 256.000000 1.656398 0.576057 0.698430 -2.795046 1.784461 14.297859 -1.722751 0.021372
