Car -1 -1 -10 282.000000 200.000000 407.000000 264.000000 1.444014 1.611555 4.018605 -6.202229 2.045953 17.461904 0.755663 0.999503
Car -1 -1 -10 746.000000 180.000000 843.000000 236.000000 1.412889 1.587301 3.803144 4.851470 1.591114 19.308757 1.800564 0.998557
Car -1 -1 -10 153.000000 193.000000 220.000000 232.000000 1.415799 1.613157 3.844106 -16.918042 2.232752 28.523503 -2.166756 0.998398
Car -1 -1 -10 666.000000 179.000000 734.000000 231.000000 1.406013 1.579961 3.748006 2.500499 1.701107 19.745726 1.678286 0.979015
Car -1 -1 -10 131.000000 190.000000 191.000000 226.000000 1.458713 1.501619 3.791184 -16.711307 2.232705 28.792399 0.541655 0.953469
Car -1 -1 -10 344.000000 180.000000 441.000000 216.000000 1.512401 1.674355 3.923827 -10.098991 1.851953 33.640791 -2.984426 0.889573
Car -1 -1 -10 417.000000 167.000000 676.000000 307.000000 1.662744 1.691528 4.236422 -1.040301 1.582732 11.516686 -2.248807 0.862513
Car -1 -1 -10 815.000000 173.000000 969.000000 229.000000 1.394639 1.666039 4.130239 8.169708 1.503075 21.078350 1.387452 0.408536
Car -1 -1 -10 711.000000 178.000000 777.000000 221.000000 1.558304 1.657875 3.782023 6.156879 2.011635 30.363037 -1.353327 0.031573
Car -1 -1 -10 531.000000 177.000000 673.000000 258.000000 1.491512 1.601081 3.623100 1.357707 2.186571 16.917045 -1.563107 0.021319
Car -1 -1 -10 332.000000 185.000000 399.000000 212.000000 1.443325 1.534222 3.919020 -11.149756 1.952887 34.404034 0.773921 0.012106
