Car -1 -1 -10 698.000000 176.000000 805.000000 255.000000 1.477994 1.572223 3.783148 3.097987 1.536728 15.515027 -1.499795 0.999059
Car -1 -1 -10 -5.000000 206.000000 259.000000 357.000000 1.513402 1.657998 3.719539 -6.266079 2.011281 9.145060 1.508595 0.998600
Car -1 -1 -10 444.000000 181.000000 499.000000 217.000000 1.511537 1.578842 3.692768 -6.045489 1.900561 31.125106 1.722178 0.996196
Car -1 -1 -10 843.000000 152.000000 1069.000000 222.000000 1.557546 1.677781 3.943531 8.670668 1.166964 18.119878 -0.030741 0.947357
Car -1 -1 -10 718.000000 161.000000 798.000000 207.000000 1.527408 1.676301 3.801200 2.343025 1.678712 15.065984 -1.461632 0.923773
Car -1 -1 -10 963.000000 130.000000 1241.000000 260.000000 1.571624 1.649196 4.019245 8.150781 1.230349 11.612849 0.105124 0.697638
Car -1 -1 -10 330.000000 182.000000 441.000000 250.000000 1.603402 1.577475 3.732737 -6.142446 1.970873 19.296611 -1.397809 0.566809
Car -1 -1 -10 470.000000 181.000000 513.000000 211.000000 1.438244 1.553856 3.703324 -5.729589 2.161653 36.137039 1.854648 0.457509
Car -1 -1 -10 285.000000 195.000000 397.000000 260.000000 1.471433 1.603652 3.708778 -6.506301 2.066821 17.679093 1.769191 0.040087
Car -1 -1 -10 486.000000 181.000000 526.000000 206.000000 1.446533 1.524010 3.809126 -5.860144 2.008888 40.738480 1.614974 0.033554
