Pedestrian -1 -1 -10 512.000000 174.000000 529.000000 217.000000 1.645306 0.602359 0.709965 -3.565070 1.989226 28.442574 -1.657144 0.246484
Pedestrian -1 -1 -10 706.000000 162.000000 722.000000 213.000000 1.655170 0.615345 0.676521 4.064346 1.581307 28.598121 -1.391904 0.238665
Pedestrian -1 -1 -10 466.000000 169.000000 478.000000 214.000000 1.714468 0.570977 0.653455 -8.649353 1.555853 43.373889 1.871282 0.152878
Pedestrian -1 -1 -10 416.000000 177.000000 442.000000 258.000000 1.696947 0.582526 0.749934 -3.544952 2.064040 13.997590 0.308311 0.104855
Pedestrian -1 -1 -10 522.000000 174.000000 532.000000 209.000000 1.769334 0.583993 0.613010 -3.284567 1.823627 28.774249 -1.696558 0.037978
Pedestrian -1 -1 -10 458.000000 172.000000 481.000000 231.000000 1.749323 0.584286 0.611521 -4.789651 1.685670 23.904242 -1.775582 0.027542
Pedestrian -1 -1 -10 634.000000 172.000000 641.000000 197.000000 1.637490 0.598717 0.684420 1.985899 1.899039 52.976418 -1.507069 0.019635
Car -1 -1 -10 0.000000 199.000000 227.000000 374.000000 1.511116 1.637310 3.713160 -5.036347 1.807518 6.206498 1.558542 0.954379
Car -1 -1 -10 914.000000 169.000000 1232.000000 375.000000 1.460749 1.553773 3.662519 2.733219 1.577270 2.839505 1.554599 0.923182
Car -1 -1 -10 387.000000 184.000000 472.000000 246.000000 1.433903 1.560258 3.959590 -5.274670 2.119271 21.587751 1.821719 0.882903
Car -1 -1 -10 501.000000 176.000000 535.000000 210.000000 1.503265 1.581304 3.630475 -3.798496 1.631122 29.276093 -1.669455 0.089044
Car -1 -1 -10 1065.000000 176.000000 1241.000000 351.000000 1.570710 1.597287 3.334033 4.020084 1.874453 7.117293 2.281825 0.051126
Car -1 -1 -10 46.000000 207.000000 218.000000 297.000000 1.473396 1.653657 3.521185 -3.347208 1.380769 3.958633 1.081386 0.011037
Cyclist -1 -1 -10 448.000000 171.000000 489.000000 268.000000 1.703978 0.579255 0.738193 -2.793698 1.973026 14.468538 -1.712587 0.999648
Cyclist -1 -1 -10 405.000000 175.000000 453.000000 273.000000 1.707552 0.575849 0.756093 -3.463480 2.028619 14.001383 -1.764034 0.998808
Cyclist -1 -1 -10 511.000000 174.000000 530.000000 215.000000 1.628874 0.584882 0.719705 -3.554908 1.934632 28.461021 -1.656968 0.995932
Cyclist -1 -1 -10 388.000000 183.000000 474.000000 248.000000 1.703940 0.517943 1.598301 -3.392153 1.819407 14.870863 -1.830744 0.845200
Cyclist -1 -1 -10 416.000000 177.000000 442.000000 258.000000 1.706886 0.564146 0.742121 -3.513715 1.999737 14.039296 -1.756176 0.058564
Cyclist -1 -1 -10 871.000000 157.000000 1275.000000 377.000000 1.740250 0.580067 1.763300 2.216401 1.818693 2.440838 1.581867 0.032645
Cyclist -1 -1 -10 521.000000 174.000000 531.000000 209.000000 1.603863 0.595415 0.648383 -3.382829 1.952674 28.532977 -1.666995 0.025702
Cyclist -1 -1 -10 800.000000 156.000000 1034.000000 368.000000 1.620472 0.582863 0.592585 2.025791 1.849783 3.221902 -1.168755 0.024449
Cyclist -1 -1 -10 458.000000 172.000000 481.000000 231.000000 1.737912 0.578165 0.640741 -4.872237 1.636673 23.927592 -1.780000 0.010527
