Pedestrian -1 -1 -10 137.000000 182.000000 157.000000 224.000000 1.657570 0.598957 0.591569 -18.495055 1.934659 29.370733 -2.145764 0.880801
Pedestrian -1 -1 -10 104.000000 180.000000 126.000000 232.000000 1.698480 0.581823 0.581265 -15.284750 2.795622 22.839382 -2.178291 0.664902
Pedestrian -1 -1 -10 122.000000 182.000000 161.000000 229.000000 1.636180 0.591397 0.566674 -15.705709 2.330110 23.900473 -2.131080 0.069463
Pedestrian -1 -1 -10 79.000000 195.000000 174.000000 240.000000 1.478822 1.580569 3.779600 -15.891290 2.533420 23.586435 1.418325 0.014845
Car -1 -1 -10 598.000000 173.000000 631.000000 203.000000 1.531150 1.620909 3.955175 0.318789 1.648119 43.825355 -1.571889 0.999088
Car -1 -1 -10 69.000000 196.000000 185.000000 246.000000 1.554539 1.642033 3.832577 -16.164949 2.462726 24.271828 1.533320 0.997944
Cyclist -1 -1 -10 115.000000 185.000000 161.000000 230.000000 1.682964 0.473612 1.645170 -15.772378 2.303118 23.943160 -2.136669 0.025791
Cyclist -1 -1 -10 72.000000 195.000000 186.000000 245.000000 1.494989 1.600647 3.716568 -15.963122 2.486680 23.935469 1.566336 0.025102
Cyclist -1 -1 -10 135.000000 183.000000 157.000000 227.000000 1.712495 0.583246 0.639589 -15.389574 2.396835 23.993443 -2.155359 0.015634
Cyclist -1 -1 -10 100.000000 183.000000 126.000000 228.000000 1.507565 1.533545 3.735435 -11.890909 2.677085 15.111223 0.972193 0.013029
