Car -1 -1 -10 572.000000 171.000000 656.000000 250.000000 1.492328 1.661076 3.871536 0.128888 1.301693 16.496429 -1.569507 0.999423
Car -1 -1 -10 367.000000 184.000000 470.000000 248.000000 1.544081 1.620971 3.733126 -4.776266 1.474044 17.819429 -1.355997 0.999345
Car -1 -1 -10 279.000000 179.000000 381.000000 234.000000 1.607435 1.645533 3.761894 -8.500844 1.415126 21.688535 -1.435018 0.998516
Car -1 -1 -10 448.000000 179.000000 517.000000 223.000000 1.497883 1.576396 3.786708 -4.592672 1.168583 25.697802 1.559674 0.997694
Car -1 -1 -10 127.000000 179.000000 252.000000 229.000000 1.545730 1.623430 3.702280 -8.847187 2.411058 12.775430 -2.170442 0.963370
Car -1 -1 -10 1.000000 180.000000 282.000000 372.000000 1.543198 1.610858 3.844161 -4.177804 1.574507 5.150892 -1.570963 0.907897
Car -1 -1 -10 607.000000 167.000000 643.000000 209.000000 1.609687 1.635026 3.485804 -0.670774 1.868434 10.349892 1.614593 0.057205
Car -1 -1 -10 594.000000 171.000000 650.000000 225.000000 1.486871 1.639223 3.574401 -0.099608 0.661246 32.421970 1.592121 0.017430
Car -1 -1 -10 376.000000 166.000000 418.000000 206.000000 1.564606 1.603703 3.893406 -12.336936 0.739527 41.150958 -1.851362 0.015978
Car -1 -1 -10 44.000000 184.000000 241.000000 241.000000 1.418845 1.555825 3.713467 -17.579416 1.700653 25.467080 0.961596 0.011188
