Pedestrian -1 -1 -10 953.000000 227.000000 1231.000000 367.000000 1.668383 0.582605 0.560242 2.279107 1.871470 2.441221 -0.979495 0.011988
Car -1 -1 -10 793.000000 188.000000 959.000000 250.000000 1.510307 1.624196 4.066132 6.707969 1.755877 19.714345 1.335322 0.999608
Car -1 -1 -10 126.000000 186.000000 436.000000 267.000000 1.450679 1.597258 4.186264 -5.733468 1.598641 14.191962 -3.138991 0.996125
Car -1 -1 -10 307.000000 183.000000 486.000000 243.000000 1.488701 1.622325 4.099767 -5.752091 1.838928 20.758469 -3.067747 0.994440
Car -1 -1 -10 833.000000 194.000000 1241.000000 307.000000 1.434007 1.609647 3.921092 6.305599 1.716234 10.604262 3.192721 0.993827
Car -1 -1 -10 705.000000 185.000000 794.000000 221.000000 1.557757 1.720002 4.007236 5.608409 1.920389 31.315369 -1.409734 0.981224
Car -1 -1 -10 951.000000 227.000000 1249.000000 366.000000 1.512602 1.627415 3.635894 2.903745 1.711026 2.725859 1.624345 0.851880
Car -1 -1 -10 372.000000 179.000000 501.000000 229.000000 1.573555 1.585490 3.875558 -5.613642 1.651456 25.766995 -2.966352 0.814423
Car -1 -1 -10 457.000000 179.000000 540.000000 212.000000 1.496292 1.592622 3.966392 -5.470913 1.969811 39.392136 -1.736845 0.808497
Car -1 -1 -10 771.000000 183.000000 894.000000 242.000000 1.461436 1.643668 4.074149 6.194698 1.760352 20.359469 1.544368 0.677977
Car -1 -1 -10 4.000000 162.000000 249.000000 344.000000 1.465603 1.616077 3.779454 -4.818382 1.514598 6.247594 -2.173551 0.264538
Car -1 -1 -10 425.000000 181.000000 517.000000 219.000000 1.497599 1.597925 3.674993 -5.052465 2.089847 29.502950 1.899200 0.171328
