Pedestrian -1 -1 -10 1001.000000 147.000000 1023.000000 214.000000 1.813250 0.677933 0.868715 2.304418 1.348721 4.716508 2.109453 0.169993
Pedestrian -1 -1 -10 881.000000 153.000000 902.000000 195.000000 1.743894 0.602580 0.808616 13.297845 0.856866 33.106137 0.914411 0.022583
Pedestrian -1 -1 -10 519.000000 172.000000 529.000000 198.000000 1.625229 0.602872 0.670308 -4.410166 1.447764 38.766854 -1.659300 0.016250
Pedestrian -1 -1 -10 143.000000 175.000000 168.000000 234.000000 1.517496 1.461297 3.644410 -11.544160 2.622995 16.012953 1.011021 0.014239
Car -1 -1 -10 527.000000 171.000000 618.000000 210.000000 1.512055 1.647641 4.053652 -1.492814 0.916493 28.803730 0.957879 0.995632
Car -1 -1 -10 0.000000 196.000000 293.000000 368.000000 1.487584 1.628950 3.810982 -3.163288 1.624818 3.633803 1.598136 0.982789
Car -1 -1 -10 113.000000 195.000000 200.000000 238.000000 1.590839 1.611609 3.329087 -5.066050 1.683111 6.406544 1.080897 0.411690
Car -1 -1 -10 0.000000 185.000000 55.000000 267.000000 1.503855 1.617133 3.768791 -12.492116 1.702560 14.017810 1.481026 0.075690
Car -1 -1 -10 0.000000 187.000000 106.000000 319.000000 1.477673 1.576061 3.541381 -3.086984 1.360191 3.975915 -2.212227 0.012838
Cyclist -1 -1 -10 114.000000 196.000000 199.000000 240.000000 1.642629 0.566399 1.740176 -9.697778 1.857482 14.836859 1.488471 0.222975
Cyclist -1 -1 -10 12.000000 198.000000 291.000000 367.000000 1.661958 0.579051 0.744841 -2.733575 1.842126 3.122766 1.524856 0.123145
Cyclist -1 -1 -10 67.000000 206.000000 252.000000 284.000000 1.645736 0.619298 0.589889 -6.299380 1.811953 10.481060 -2.126463 0.054205
Cyclist -1 -1 -10 107.000000 192.000000 205.000000 276.000000 1.668187 0.625550 0.596904 -7.842066 1.923380 12.802125 -2.145462 0.028687
