Pedestrian -1 -1 -10 386.000000 159.000000 401.000000 213.000000 1.653748 0.588752 0.544580 -8.778585 1.133238 29.540907 0.283862 0.435980
Pedestrian -1 -1 -10 396.000000 171.000000 406.000000 214.000000 1.658134 0.608189 0.583612 -8.477819 1.318374 29.040342 -1.850876 0.107462
Pedestrian -1 -1 -10 416.000000 168.000000 423.000000 220.000000 1.709656 0.602739 0.545781 -8.060930 1.341022 30.788539 -1.794442 0.048995
Pedestrian -1 -1 -10 393.000000 175.000000 416.000000 215.000000 1.629531 0.607428 0.509639 -8.262744 1.470541 29.335610 -1.805979 0.022896
Pedestrian -1 -1 -10 402.000000 172.000000 426.000000 217.000000 1.634874 0.617418 0.589444 -8.048693 1.436366 29.174420 -1.803824 0.013216
Pedestrian -1 -1 -10 252.000000 177.000000 269.000000 218.000000 1.651380 0.695598 0.692722 -6.455184 1.964118 11.179072 1.124064 0.011517
Car -1 -1 -10 638.000000 178.000000 681.000000 212.000000 1.433719 1.595181 3.779294 2.337039 1.759166 33.130052 1.596775 0.999405
Car -1 -1 -10 552.000000 170.000000 583.000000 196.000000 1.541700 1.615009 3.783610 -2.952871 1.716204 52.315021 -1.586820 0.998915
Car -1 -1 -10 424.000000 182.000000 532.000000 257.000000 1.521622 1.583496 3.721463 -2.989685 1.722258 16.155162 -1.289517 0.998605
Car -1 -1 -10 179.000000 172.000000 459.000000 357.000000 1.590053 1.611281 3.934408 -3.480051 1.657035 8.323205 0.722012 0.998274
Car -1 -1 -10 635.000000 171.000000 659.000000 197.000000 1.521824 1.622614 3.768005 -0.240010 2.615094 19.052859 -1.638478 0.065814
Cyclist -1 -1 -10 251.000000 177.000000 271.000000 223.000000 1.807746 0.592567 0.667409 -2.585813 1.422300 4.020964 1.187056 0.088897
