Pedestrian -1 -1 -10 730.000000 167.000000 754.000000 227.000000 1.672105 0.609235 0.721357 3.815502 1.708274 20.351267 -1.353852 0.471600
Car -1 -1 -10 367.000000 185.000000 460.000000 253.000000 1.473020 1.551622 3.671879 -4.571665 1.794364 16.742446 1.754239 0.999406
Car -1 -1 -10 500.000000 175.000000 578.000000 203.000000 1.497438 1.681280 3.984243 -3.894995 1.839008 41.373808 2.551093 0.976842
Car -1 -1 -10 345.000000 184.000000 418.000000 221.000000 1.426033 1.578420 3.928320 -8.043843 2.038098 27.261927 0.678008 0.809613
Car -1 -1 -10 621.000000 173.000000 701.000000 198.000000 1.517350 1.684399 4.075427 3.347557 1.492499 44.589022 -2.650795 0.729322
Car -1 -1 -10 91.000000 175.000000 202.000000 222.000000 1.478097 1.638182 3.625291 -18.913041 2.221763 32.725693 1.008519 0.028744
Car -1 -1 -10 124.000000 186.000000 206.000000 217.000000 1.468718 1.613846 3.743267 -18.980581 2.221411 32.778292 -2.106352 0.012671
Cyclist -1 -1 -10 729.000000 168.000000 755.000000 227.000000 1.664551 0.593832 0.737856 3.818273 1.670169 20.402896 -1.355335 0.951845
Cyclist -1 -1 -10 727.000000 170.000000 744.000000 216.000000 1.670914 0.623291 0.650059 3.860784 1.576092 21.280884 -1.368963 0.017422
Cyclist -1 -1 -10 778.000000 178.000000 819.000000 204.000000 1.626212 0.708465 0.719542 2.237056 2.159334 13.032396 1.813314 0.011716
