Pedestrian -1 -1 -10 695.000000 160.000000 708.000000 200.000000 1.646324 0.620269 0.731239 4.377907 1.458932 34.432839 -1.409618 0.390428
Pedestrian -1 -1 -10 528.000000 168.000000 544.000000 218.000000 1.693591 0.594325 0.756408 -2.771956 1.902376 26.761533 -1.620570 0.166038
Pedestrian -1 -1 -10 542.000000 170.000000 552.000000 200.000000 1.671428 0.609243 0.707773 -3.392971 1.807126 40.742402 -1.612261 0.097840
Pedestrian -1 -1 -10 507.000000 172.000000 525.000000 217.000000 1.686596 0.593440 0.745654 -3.379145 1.928254 26.187246 -1.648834 0.039676
Pedestrian -1 -1 -10 537.000000 171.000000 547.000000 203.000000 1.629635 0.601540 0.652445 -3.724623 1.788721 40.884192 -1.644301 0.030474
Pedestrian -1 -1 -10 452.000000 180.000000 505.000000 219.000000 1.465834 1.574675 3.790347 -5.241918 1.943282 28.770463 1.469568 0.013509
Car -1 -1 -10 718.000000 166.000000 903.000000 307.000000 1.480921 1.574086 3.972222 2.886387 1.485141 10.110487 -1.436268 0.999606
Car -1 -1 -10 255.000000 182.000000 416.000000 281.000000 1.562628 1.609108 3.764506 -5.121394 1.864827 13.670992 1.660891 0.999419
Car -1 -1 -10 450.000000 180.000000 506.000000 219.000000 1.511366 1.611606 3.859679 -5.400787 1.851308 29.612183 1.566149 0.997789
Car -1 -1 -10 442.000000 180.000000 483.000000 207.000000 1.488606 1.590184 3.617422 -8.092196 1.811405 35.760986 -1.731637 0.050830
Car -1 -1 -10 470.000000 174.000000 510.000000 210.000000 1.477126 1.621949 3.735085 -5.560232 1.748283 30.237535 1.900230 0.024292
Cyclist -1 -1 -10 526.000000 167.000000 546.000000 221.000000 1.678090 0.590139 0.748754 -2.740840 1.856143 26.744146 -1.630911 0.991561
Cyclist -1 -1 -10 505.000000 170.000000 528.000000 222.000000 1.690400 0.581022 0.750900 -3.365211 1.880934 26.234478 -1.650539 0.989041
Cyclist -1 -1 -10 511.000000 172.000000 540.000000 210.000000 1.665434 0.539040 1.734737 -3.217128 1.643141 26.656842 -1.673832 0.516770
Cyclist -1 -1 -10 542.000000 170.000000 552.000000 200.000000 1.616468 0.596689 0.679797 -3.404469 1.662917 40.721932 -1.631619 0.108227
Cyclist -1 -1 -10 490.000000 174.000000 522.000000 217.000000 1.725635 0.594804 1.675757 -3.189511 1.911675 26.696398 -1.705892 0.049808
Cyclist -1 -1 -10 451.000000 179.000000 506.000000 219.000000 1.482384 1.597373 3.929285 -5.217648 1.858561 28.836036 1.466616 0.042277
Cyclist -1 -1 -10 507.000000 173.000000 520.000000 211.000000 1.637436 0.588485 0.710743 -3.342435 1.774182 26.266172 -1.666685 0.036154
