Pedestrian -1 -1 -10 627.000000 164.000000 658.000000 257.000000 1.707580 0.605183 0.763624 0.829782 1.630277 13.677653 -1.467296 0.991203
Pedestrian -1 -1 -10 440.000000 170.000000 464.000000 234.000000 1.657998 0.612520 0.727425 -4.027169 1.595484 19.977763 -1.741253 0.990870
Pedestrian -1 -1 -10 17.000000 150.000000 176.000000 371.000000 1.643264 0.602546 0.661639 -5.200306 1.181972 7.991390 -2.146665 0.989862
Pedestrian -1 -1 -10 421.000000 172.000000 441.000000 232.000000 1.672645 0.586685 0.693486 -4.828839 1.788988 20.128963 1.798815 0.987907
Pedestrian -1 -1 -10 672.000000 169.000000 702.000000 254.000000 1.707553 0.589488 0.687941 1.624811 1.671125 13.935661 0.655152 0.906550
Pedestrian -1 -1 -10 609.000000 165.000000 632.000000 229.000000 1.690306 0.614767 0.764057 0.643015 1.474776 22.017641 -1.502575 0.896084
Pedestrian -1 -1 -10 694.000000 177.000000 718.000000 242.000000 1.686642 0.601532 0.672213 2.411812 1.614551 16.950204 -1.374510 0.809746
Pedestrian -1 -1 -10 652.000000 171.000000 678.000000 244.000000 1.707664 0.626613 0.615819 1.351671 1.773225 15.732905 0.633953 0.744018
Pedestrian -1 -1 -10 185.000000 214.000000 285.000000 358.000000 1.618925 0.573563 0.615879 -2.066340 1.917021 3.637242 -2.002458 0.662936
Pedestrian -1 -1 -10 706.000000 165.000000 731.000000 232.000000 1.734719 0.576472 0.705826 2.656006 1.627030 17.229347 2.207261 0.580711
Pedestrian -1 -1 -10 0.000000 188.000000 91.000000 370.000000 1.830355 0.614236 0.680293 -3.332554 1.599206 3.389708 0.993076 0.495354
Pedestrian -1 -1 -10 746.000000 161.000000 765.000000 221.000000 1.629034 0.631842 0.666472 4.585599 1.290496 21.167567 -1.336312 0.425596
Pedestrian -1 -1 -10 88.000000 205.000000 199.000000 367.000000 1.677177 0.588073 0.607179 -1.295791 1.122776 1.944949 -2.168245 0.388921
Pedestrian -1 -1 -10 178.000000 218.000000 222.000000 355.000000 1.683116 0.595169 0.629888 -1.282075 1.098635 2.135347 -2.104682 0.380549
Pedestrian -1 -1 -10 210.000000 172.000000 248.000000 267.000000 1.631819 0.601123 0.624331 -6.710643 1.393428 12.975843 -2.035412 0.262097
Pedestrian -1 -1 -10 641.000000 168.000000 668.000000 249.000000 1.716998 0.592610 0.674326 0.859685 1.639780 14.295592 -1.450348 0.236713
Pedestrian -1 -1 -10 725.000000 165.000000 745.000000 224.000000 1.723625 0.610399 0.647733 3.659991 1.586979 20.128667 2.248850 0.192579
Pedestrian -1 -1 -10 1.000000 203.000000 53.000000 342.000000 1.846206 0.617221 0.691331 -3.605560 1.565470 3.546007 0.963560 0.186326
Pedestrian -1 -1 -10 133.000000 217.000000 180.000000 364.000000 1.813142 0.612304 0.667624 -3.930232 1.846605 4.947148 1.095541 0.167544
Car -1 -1 -10 538.000000 177.000000 575.000000 206.000000 1.449513 1.577418 3.758993 -2.537645 1.416765 39.423838 1.576457 0.998498
Cyclist -1 -1 -10 946.000000 188.000000 1231.000000 366.000000 1.713761 0.569929 1.717803 2.647529 1.875541 3.666936 1.665431 0.233852
Cyclist -1 -1 -10 179.000000 216.000000 280.000000 365.000000 1.668324 0.581539 0.625553 -1.815735 1.623669 3.221675 -2.054394 0.214960
Cyclist -1 -1 -10 831.000000 160.000000 1041.000000 366.000000 1.724958 0.495204 1.674863 2.236019 1.930696 4.733703 -1.112949 0.159847
Cyclist -1 -1 -10 203.000000 173.000000 255.000000 274.000000 1.775751 0.689293 0.897691 -5.016717 2.104878 7.702648 1.112791 0.092479
Cyclist -1 -1 -10 101.000000 205.000000 190.000000 368.000000 1.828912 0.597758 0.683695 -3.575201 1.602383 4.335294 1.075862 0.052126
Cyclist -1 -1 -10 239.000000 203.000000 289.000000 264.000000 1.615928 0.610564 0.520948 -7.689482 1.975619 16.535204 -1.969456 0.047287
Cyclist -1 -1 -10 11.000000 173.000000 209.000000 370.000000 1.603157 0.576208 0.643489 -1.895087 1.450142 2.519724 -2.131926 0.026901
Cyclist -1 -1 -10 211.000000 206.000000 286.000000 311.000000 1.844610 0.599576 0.702766 -3.248837 1.690176 4.920981 1.175415 0.021834
Cyclist -1 -1 -10 -1.000000 202.000000 48.000000 364.000000 1.631298 0.584216 0.634393 -1.461561 1.068798 1.702889 -2.270839 0.019260
Cyclist -1 -1 -10 145.000000 219.000000 190.000000 361.000000 1.709061 0.576408 0.618828 -1.235010 1.131853 1.752358 -2.136829 0.013010
Cyclist -1 -1 -10 163.000000 217.000000 230.000000 354.000000 1.880964 0.582068 0.760038 -1.854778 1.407745 2.557741 1.106312 0.011253
