Pedestrian -1 -1 -10 1057.000000 157.000000 1093.000000 248.000000 1.664742 0.613277 0.761683 8.593203 1.659729 13.139612 1.106058 0.712363
Pedestrian -1 -1 -10 1009.000000 158.000000 1054.000000 246.000000 1.662505 0.618458 0.760466 7.795599 1.628524 13.420714 -1.006081 0.083332
Car -1 -1 -10 933.000000 181.000000 990.000000 206.000000 1.486699 1.520811 3.549500 21.561391 2.204917 45.029166 2.038716 0.738168
Car -1 -1 -10 945.000000 173.000000 1024.000000 211.000000 1.497285 1.482617 3.595076 21.691881 2.224981 44.532044 -1.086177 0.010152
Cyclist -1 -1 -10 958.000000 154.000000 1049.000000 273.000000 1.642057 0.628938 0.727552 6.019207 1.460930 10.683183 -1.050036 0.999661
Cyclist -1 -1 -10 1000.000000 159.000000 1058.000000 257.000000 1.682335 0.567216 0.765982 7.723319 1.625034 13.252631 -1.001048 0.940993
Cyclist -1 -1 -10 1055.000000 160.000000 1097.000000 248.000000 1.667093 0.606431 0.765135 8.617078 1.628348 13.187607 -0.958636 0.830070
Cyclist -1 -1 -10 789.000000 169.000000 808.000000 210.000000 1.620364 0.598214 0.680684 7.257029 1.546205 27.626017 -1.295164 0.705843
Cyclist -1 -1 -10 984.000000 160.000000 1108.000000 248.000000 1.668105 0.673992 1.738311 8.700666 1.659398 13.637561 -1.042685 0.424437
Cyclist -1 -1 -10 996.000000 164.000000 1043.000000 218.000000 1.763839 0.686803 0.876904 2.702481 1.487261 5.959343 2.094783 0.095882
Cyclist -1 -1 -10 1024.000000 162.000000 1071.000000 237.000000 1.676568 0.569138 0.753423 8.003669 1.573220 13.497878 -0.987970 0.085517
Cyclist -1 -1 -10 945.000000 173.000000 1024.000000 211.000000 1.698380 0.460606 1.628678 20.811078 2.478916 42.092567 -1.074119 0.084077
Cyclist -1 -1 -10 970.000000 173.000000 1006.000000 206.000000 1.752813 0.579793 0.644045 21.194054 2.267143 42.033811 -1.104157 0.022746
Cyclist -1 -1 -10 1015.000000 158.000000 1040.000000 242.000000 1.752813 0.579793 0.644046 9.684568 2.330552 16.659518 -1.062083 0.016625
Cyclist -1 -1 -10 935.000000 178.000000 991.000000 208.000000 1.684110 0.507974 1.655070 20.181114 2.142240 42.140211 -1.108141 0.011474
Cyclist -1 -1 -10 1023.000000 167.000000 1059.000000 208.000000 1.752813 0.579793 0.644046 25.784959 2.281083 42.169048 -1.048150 0.010870
