Pedestrian -1 -1 -10 597.000000 160.000000 608.000000 196.000000 1.661692 0.631218 0.716759 0.181660 0.988743 37.312075 -1.533293 0.668109
Pedestrian -1 -1 -10 663.000000 161.000000 671.000000 188.000000 1.702672 0.601099 0.667475 4.317724 0.514129 46.651212 -1.428700 0.450502
Pedestrian -1 -1 -10 587.000000 161.000000 600.000000 196.000000 1.685439 0.612122 0.667567 -0.273625 1.076483 38.302189 0.537021 0.235116
Pedestrian -1 -1 -10 676.000000 159.000000 685.000000 188.000000 1.725263 0.609528 0.672549 5.279620 0.646971 48.112128 2.153304 0.232424
Pedestrian -1 -1 -10 668.000000 159.000000 677.000000 187.000000 1.710578 0.627161 0.606268 4.836174 0.588220 49.416371 -1.451320 0.174309
Pedestrian -1 -1 -10 989.000000 143.000000 1038.000000 283.000000 1.654174 0.589049 0.590629 6.003296 0.930267 11.146472 2.570471 0.133192
Pedestrian -1 -1 -10 1151.000000 150.000000 1214.000000 286.000000 1.680392 0.569686 0.713302 7.265255 1.301884 9.008348 -0.824656 0.031069
Pedestrian -1 -1 -10 636.000000 160.000000 652.000000 186.000000 1.734258 0.584566 0.607187 1.839449 0.433022 31.233447 -1.524024 0.025485
Pedestrian -1 -1 -10 604.000000 165.000000 627.000000 196.000000 1.673990 0.595433 0.722919 0.249538 0.952007 37.005246 -1.513459 0.025170
Pedestrian -1 -1 -10 933.000000 148.000000 964.000000 222.000000 1.594127 0.594721 0.622918 7.528644 0.776440 14.957392 -1.098580 0.011511
Car -1 -1 -10 611.000000 168.000000 656.000000 203.000000 1.483932 1.577577 3.732493 1.284268 1.003687 30.760921 2.140910 0.998654
