Car -1 -1 -10 677.000000 177.000000 751.000000 224.000000 1.449273 1.558352 3.889488 3.392838 1.553910 22.753977 -1.562942 0.998217
Car -1 -1 -10 428.000000 189.000000 490.000000 229.000000 1.503352 1.563901 3.722676 -5.951350 2.253609 28.169946 1.752511 0.997462
Car -1 -1 -10 885.000000 144.000000 1102.000000 215.000000 1.517915 1.664536 4.097423 9.375899 0.779144 18.289732 1.557418 0.997154
Car -1 -1 -10 355.000000 192.000000 446.000000 248.000000 1.502327 1.568557 3.741382 -5.974934 2.152209 20.644719 1.635305 0.996602
Car -1 -1 -10 241.000000 199.000000 386.000000 285.000000 1.473841 1.579149 3.722634 -6.181534 2.106366 14.573572 1.653113 0.996464
Car -1 -1 -10 666.000000 175.000000 722.000000 218.000000 1.451288 1.520427 3.760317 3.429123 1.631712 27.847247 -1.561921 0.989749
Car -1 -1 -10 10.000000 205.000000 300.000000 350.000000 1.492452 1.617438 3.712654 -6.153800 2.104813 9.879757 1.510143 0.961947
Car -1 -1 -10 650.000000 177.000000 691.000000 207.000000 1.455147 1.572753 3.816754 3.183764 1.897182 37.979372 1.569501 0.771199
Car -1 -1 -10 462.000000 186.000000 509.000000 218.000000 1.462957 1.588189 3.704194 -5.842734 2.570850 33.813204 1.889365 0.608968
Car -1 -1 -10 787.000000 157.000000 936.000000 205.000000 1.512183 1.545749 3.794802 9.282030 0.609118 29.393424 1.417367 0.418045
Car -1 -1 -10 0.000000 227.000000 67.000000 369.000000 1.474433 1.628881 3.716344 -5.614451 2.136981 6.585515 -2.213708 0.200982
Car -1 -1 -10 493.000000 184.000000 531.000000 209.000000 1.521621 1.588229 3.726188 -6.523599 2.083740 40.671029 2.027676 0.070219
Car -1 -1 -10 823.000000 148.000000 1007.000000 205.000000 1.495793 1.658772 3.858877 12.065072 0.177168 29.283147 1.498232 0.054094
