Pedestrian -1 -1 -10 677.000000 170.000000 691.000000 213.000000 1.655961 0.603632 0.724574 3.310408 1.806956 30.651695 -1.428750 0.936685
Car -1 -1 -10 462.000000 180.000000 515.000000 212.000000 1.424878 1.584732 3.885714 -5.533819 1.865135 33.763566 0.981212 0.998760
Car -1 -1 -10 338.000000 181.000000 416.000000 208.000000 1.492147 1.615675 4.308173 -13.062629 1.947358 40.353228 0.639630 0.996511
Car -1 -1 -10 -1.000000 193.000000 238.000000 369.000000 1.521096 1.625117 3.690034 -5.902343 1.801275 7.884624 1.493278 0.987690
Car -1 -1 -10 836.000000 195.000000 1254.000000 376.000000 1.454570 1.600184 3.974385 3.290293 1.557122 4.092358 1.515075 0.972022
Car -1 -1 -10 50.000000 183.000000 155.000000 234.000000 1.473556 1.561642 3.790902 -17.826363 1.600890 26.017203 0.908603 0.532154
Car -1 -1 -10 131.000000 180.000000 213.000000 253.000000 1.490708 1.602122 3.797618 -14.845998 1.796121 24.942954 1.520851 0.427915
Car -1 -1 -10 3.000000 187.000000 86.000000 238.000000 1.421705 1.525869 3.742930 -21.173364 2.060164 28.199509 0.871842 0.192812
Car -1 -1 -10 0.000000 187.000000 145.000000 263.000000 1.504914 1.602126 3.332631 -4.946798 1.583557 5.157849 1.013434 0.127386
Car -1 -1 -10 0.000000 196.000000 123.000000 331.000000 1.469138 1.566638 3.725733 -6.014111 1.776851 7.694636 -2.170914 0.046190
Car -1 -1 -10 51.000000 194.000000 231.000000 298.000000 1.460477 1.629889 3.733343 -5.776964 1.748045 8.503397 1.556110 0.039803
Cyclist -1 -1 -10 125.000000 183.000000 214.000000 263.000000 1.475111 1.612881 3.823320 -8.697198 2.093901 12.572374 1.052514 0.012250
