Pedestrian -1 -1 -10 825.000000 157.000000 921.000000 377.000000 1.681337 0.608888 0.739709 2.071104 1.696087 5.554007 -1.174302 0.998122
Pedestrian -1 -1 -10 195.000000 166.000000 284.000000 372.000000 1.686943 0.604697 0.744685 -3.154006 1.750087 6.300069 -1.994682 0.996662
Pedestrian -1 -1 -10 758.000000 167.000000 835.000000 373.000000 1.667761 0.609918 0.736626 1.518872 1.754186 5.523877 -1.268314 0.995799
Pedestrian -1 -1 -10 1035.000000 162.000000 1114.000000 335.000000 1.613934 0.600335 0.580827 2.753817 1.761770 4.181796 -0.989166 0.968283
Pedestrian -1 -1 -10 898.000000 166.000000 930.000000 235.000000 1.701920 0.595243 0.606266 8.098765 1.509973 18.766882 2.457187 0.544074
Pedestrian -1 -1 -10 1174.000000 151.000000 1211.000000 237.000000 1.624735 0.613884 0.598202 12.295935 1.341117 14.714156 1.230869 0.523204
Pedestrian -1 -1 -10 488.000000 179.000000 506.000000 228.000000 1.705558 0.597858 0.746901 -3.950786 1.854593 27.395920 -1.651334 0.107387
Pedestrian -1 -1 -10 1013.000000 172.000000 1031.000000 228.000000 1.582760 0.599163 0.604973 10.859326 1.286105 18.133095 -1.016433 0.043179
Pedestrian -1 -1 -10 1140.000000 155.000000 1173.000000 227.000000 1.593519 0.604700 0.585594 13.859987 1.205709 17.347760 -0.871612 0.034700
Pedestrian -1 -1 -10 587.000000 176.000000 601.000000 217.000000 1.630344 0.620423 0.683191 -0.209814 1.668741 33.355450 1.049516 0.026567
Pedestrian -1 -1 -10 1148.000000 153.000000 1191.000000 235.000000 1.621129 0.618428 0.657650 11.953663 1.338507 14.393749 1.193061 0.020346
Car -1 -1 -10 527.000000 171.000000 584.000000 220.000000 1.642202 1.622487 3.792158 -1.962144 1.475924 32.555995 1.653078 0.172613
Car -1 -1 -10 598.000000 174.000000 631.000000 204.000000 1.600074 1.587297 3.766781 1.188433 1.624809 50.787888 1.615809 0.023078
Cyclist -1 -1 -10 351.000000 178.000000 426.000000 269.000000 1.685811 0.609978 1.779879 -4.433872 1.743161 13.813649 0.821034 0.984841
Cyclist -1 -1 -10 1027.000000 163.000000 1124.000000 337.000000 1.616844 0.601190 0.627956 2.650674 1.510236 4.253686 -0.978424 0.713238
Cyclist -1 -1 -10 898.000000 166.000000 930.000000 235.000000 1.667469 0.603978 0.616376 7.963431 1.460622 18.586075 -1.114086 0.429015
Cyclist -1 -1 -10 879.000000 168.000000 1169.000000 364.000000 1.712311 0.572235 1.803733 2.697283 1.533855 4.793807 1.569961 0.019449
Cyclist -1 -1 -10 822.000000 157.000000 930.000000 375.000000 1.679430 0.599707 0.758581 2.056122 1.670586 5.574293 -1.176820 0.013336
