Car -1 -1 -10 302.000000 193.000000 445.000000 300.000000 1.465560 1.568276 3.735101 -4.055340 1.875636 12.282006 1.338750 0.998672
Car -1 -1 -10 753.000000 189.000000 974.000000 322.000000 1.470151 1.592562 4.048625 3.470628 1.747587 8.662051 1.449095 0.998148
Car -1 -1 -10 681.000000 172.000000 799.000000 266.000000 1.513598 1.569077 3.942439 2.747954 1.611748 15.210993 -1.542356 0.997658
Car -1 -1 -10 853.000000 202.000000 1247.000000 375.000000 1.441881 1.605112 3.932193 3.803255 1.590461 4.351491 1.543253 0.996999
Car -1 -1 -10 440.000000 172.000000 516.000000 233.000000 1.580761 1.590056 3.827328 -4.415059 1.730918 23.789386 -1.643670 0.991184
Car -1 -1 -10 0.000000 203.000000 347.000000 376.000000 1.482132 1.644477 3.584174 -2.952454 1.997750 5.025595 -2.113102 0.991014
Car -1 -1 -10 630.000000 179.000000 686.000000 222.000000 1.424078 1.563744 3.715270 2.050316 1.834475 27.662993 -1.508561 0.987973
Car -1 -1 -10 508.000000 179.000000 538.000000 204.000000 1.528058 1.595243 3.833993 -5.566807 1.969850 45.188404 1.469517 0.984510
Car -1 -1 -10 652.000000 176.000000 738.000000 239.000000 1.511423 1.552748 3.610477 1.567001 1.681370 17.109629 -1.433365 0.903400
Car -1 -1 -10 624.000000 178.000000 657.000000 209.000000 1.413072 1.532051 3.496634 1.565834 1.809020 36.109399 -1.547745 0.520421
