Pedestrian -1 -1 -10 394.000000 167.000000 422.000000 244.000000 1.677212 0.607276 0.729974 -4.502920 1.542698 16.625337 -1.795015 0.940238
Pedestrian -1 -1 -10 498.000000 181.000000 525.000000 244.000000 1.617502 0.609616 0.638469 -2.245766 1.758429 16.929146 -1.658761 0.445064
Pedestrian -1 -1 -10 386.000000 164.000000 407.000000 243.000000 1.631332 0.595806 0.605350 -4.413076 1.388532 16.656340 -1.836421 0.125717
Pedestrian -1 -1 -10 472.000000 185.000000 496.000000 243.000000 1.663013 0.583704 0.693617 -2.673011 1.824574 16.615439 -1.685604 0.084723
Pedestrian -1 -1 -10 487.000000 184.000000 516.000000 242.000000 1.624937 0.590095 0.638737 -2.284008 1.786716 16.804711 -1.662212 0.032532
Pedestrian -1 -1 -10 845.000000 165.000000 857.000000 215.000000 1.631963 0.596252 0.606846 7.017790 1.010493 19.816903 -1.227630 0.020535
Pedestrian -1 -1 -10 483.000000 186.000000 501.000000 242.000000 1.661335 0.579524 0.654790 -2.658881 1.793325 16.865578 -1.677027 0.013971
Pedestrian -1 -1 -10 1012.000000 122.000000 1045.000000 223.000000 1.664154 0.579714 0.592222 9.381624 0.601005 15.567462 -1.002352 0.011477
Car -1 -1 -10 711.000000 158.000000 855.000000 270.000000 1.535052 1.578334 3.921350 3.525901 1.243277 13.536517 -1.468257 0.988493
Cyclist -1 -1 -10 862.000000 203.000000 998.000000 368.000000 1.623186 0.619162 0.624211 2.754041 1.974171 6.294786 -1.146613 0.012232
