Pedestrian -1 -1 -10 697.000000 170.000000 705.000000 215.000000 1.784876 0.658051 0.853216 0.380461 2.284873 10.796851 -1.466778 0.137544
Pedestrian -1 -1 -10 695.000000 171.000000 711.000000 219.000000 1.748171 0.583603 0.605903 4.608918 2.006899 31.977521 -1.454236 0.089550
Pedestrian -1 -1 -10 701.000000 180.000000 722.000000 215.000000 1.723569 0.587035 0.602806 4.699301 1.931254 31.962744 -1.439222 0.052753
Pedestrian -1 -1 -10 705.000000 177.000000 715.000000 217.000000 1.721400 0.586865 0.600527 4.694722 1.939247 31.932262 -1.440848 0.024177
Pedestrian -1 -1 -10 695.000000 173.000000 702.000000 213.000000 1.588495 0.600763 0.576301 5.437846 1.865187 41.963312 -1.431873 0.019097
Pedestrian -1 -1 -10 709.000000 178.000000 718.000000 218.000000 1.728503 0.588113 0.607214 4.700759 1.927038 31.943394 -1.436670 0.014490
Car -1 -1 -10 535.000000 181.000000 576.000000 213.000000 1.501390 1.589624 3.833217 -2.649704 1.894436 35.205515 1.597343 0.998879
Car -1 -1 -10 674.000000 187.000000 761.000000 251.000000 1.460122 1.578927 3.836795 2.878723 1.786704 18.255568 -1.525360 0.998684
Car -1 -1 -10 647.000000 182.000000 693.000000 220.000000 1.510467 1.607517 3.895990 2.755132 2.105223 30.944046 -1.470287 0.995882
Car -1 -1 -10 226.000000 192.000000 491.000000 356.000000 1.494717 1.601533 3.757719 -2.783345 1.827975 8.330783 1.662481 0.992820
