Pedestrian -1 -1 -10 235.000000 186.000000 248.000000 215.000000 1.693192 0.593788 0.602836 -18.569280 2.176092 36.970675 -2.046656 0.785598
Pedestrian -1 -1 -10 207.000000 184.000000 227.000000 220.000000 1.539695 1.355858 3.530883 -11.312608 3.153648 18.134781 1.022036 0.774319
Pedestrian -1 -1 -10 229.000000 187.000000 255.000000 221.000000 1.751383 0.584587 0.609671 -15.209317 2.651762 29.982779 -2.054157 0.086233
Pedestrian -1 -1 -10 206.000000 185.000000 247.000000 224.000000 1.748426 0.584435 0.610332 -15.209844 2.649820 29.974539 -2.071441 0.057030
Pedestrian -1 -1 -10 183.000000 195.000000 264.000000 236.000000 1.523231 1.622162 3.732042 -16.008725 2.818668 29.754798 1.609347 0.013387
Car -1 -1 -10 597.000000 174.000000 630.000000 204.000000 1.542226 1.616722 3.752910 0.766097 1.925068 42.977194 -1.534606 0.998821
Car -1 -1 -10 183.000000 196.000000 264.000000 236.000000 1.583003 1.614941 3.853346 -16.164287 2.661662 30.332303 1.563082 0.997193
Car -1 -1 -10 0.000000 205.000000 88.000000 286.000000 1.497559 1.591722 3.679913 -12.399706 2.274814 15.326739 -1.622986 0.750655
Cyclist -1 -1 -10 186.000000 192.000000 258.000000 236.000000 1.526518 1.606904 3.785562 -15.827045 2.773557 29.505809 1.536911 0.082687
Cyclist -1 -1 -10 203.000000 185.000000 227.000000 221.000000 1.528366 1.379536 3.519558 -11.429688 3.257773 18.345830 1.017463 0.023557
Cyclist -1 -1 -10 206.000000 185.000000 247.000000 224.000000 1.736696 0.578347 0.639443 -15.296038 2.601318 29.973611 -2.075731 0.016362
Cyclist -1 -1 -10 229.000000 187.000000 254.000000 219.000000 1.736937 0.578418 0.639481 -15.296309 2.601407 29.972463 -2.059406 0.014581
