Car -1 -1 -10 553.000000 184.000000 710.000000 333.000000 1.445622 1.615251 3.733447 0.279537 1.676248 9.038112 -1.548008 0.999636
Car -1 -1 -10 689.000000 178.000000 745.000000 216.000000 1.428644 1.595900 3.880543 4.507672 1.641319 28.964272 1.534394 0.998655
Car -1 -1 -10 2.000000 173.000000 373.000000 374.000000 1.525584 1.623480 3.812107 -3.292930 1.543456 4.818219 -1.501058 0.994278
Car -1 -1 -10 439.000000 178.000000 522.000000 240.000000 1.515485 1.570205 3.647903 -3.332073 1.900627 19.419299 -1.629734 0.961860
Car -1 -1 -10 470.000000 168.000000 537.000000 221.000000 1.593820 1.595158 3.713495 -3.633912 1.640030 26.041646 -1.584378 0.810086
Car -1 -1 -10 573.000000 179.000000 655.000000 269.000000 1.488734 1.563829 3.846992 0.174667 1.244619 19.865981 1.491019 0.606525
Car -1 -1 -10 210.000000 178.000000 272.000000 214.000000 1.509955 1.623902 3.698696 -24.343118 2.495387 46.786099 1.633113 0.068030
Car -1 -1 -10 969.000000 86.000000 1238.000000 369.000000 1.446864 1.664183 3.486101 2.038578 0.942156 3.679924 2.217071 0.028762
Car -1 -1 -10 819.000000 203.000000 1045.000000 357.000000 1.497614 1.631063 3.605961 3.313442 1.872627 4.826517 1.444265 0.026218
Car -1 -1 -10 0.000000 186.000000 177.000000 367.000000 1.540099 1.618059 3.664590 -3.057047 1.421356 4.577834 -2.175685 0.019565
Car -1 -1 -10 405.000000 189.000000 501.000000 245.000000 1.479834 1.550668 3.517068 -2.836780 1.831927 18.398746 -1.749686 0.012530
Cyclist -1 -1 -10 569.000000 183.000000 657.000000 265.000000 1.474201 1.571429 3.884649 0.200644 1.399280 19.147898 1.550646 0.032854
Cyclist -1 -1 -10 191.000000 178.000000 289.000000 229.000000 1.501843 1.584786 3.843340 -23.667188 2.705464 44.997325 1.517065 0.012230
Cyclist -1 -1 -10 145.000000 183.000000 241.000000 226.000000 1.760285 0.579989 0.628257 -1.495988 1.121695 2.110452 1.100705 0.011024
