Pedestrian -1 -1 -10 -1.000000 226.000000 42.000000 373.000000 1.862253 0.602443 0.721569 -2.359658 1.365427 2.337208 -2.278636 0.015326
Car -1 -1 -10 669.000000 186.000000 747.000000 243.000000 1.449743 1.571440 3.760112 2.879694 1.874479 20.299432 -1.530053 0.999484
Car -1 -1 -10 0.000000 188.000000 219.000000 352.000000 1.470286 1.606986 3.761565 -5.490655 1.617410 7.205550 -2.193024 0.991922
Car -1 -1 -10 70.000000 182.000000 410.000000 284.000000 1.511258 1.631668 4.067494 -6.040132 1.662283 12.926261 0.033322 0.990990
Car -1 -1 -10 740.000000 181.000000 836.000000 228.000000 1.503287 1.656552 3.906817 6.392146 1.721975 25.863287 1.311290 0.967129
Car -1 -1 -10 454.000000 178.000000 539.000000 211.000000 1.503346 1.572097 3.802113 -5.212268 1.747196 35.701866 1.880829 0.913511
Car -1 -1 -10 328.000000 180.000000 492.000000 234.000000 1.526104 1.619412 4.113177 -5.798727 1.749751 22.980303 0.667141 0.900725
Car -1 -1 -10 281.000000 179.000000 425.000000 246.000000 1.533556 1.560692 3.897226 -6.636697 1.699750 18.640256 1.661633 0.592431
Car -1 -1 -10 394.000000 180.000000 515.000000 223.000000 1.485861 1.609377 3.757157 -5.003827 1.960113 32.399189 -1.763633 0.434139
Car -1 -1 -10 690.000000 180.000000 752.000000 218.000000 1.467656 1.462344 3.446640 5.300468 1.932338 27.442453 -1.396542 0.411733
Car -1 -1 -10 413.000000 186.000000 481.000000 218.000000 1.544983 1.639587 3.740512 -4.434967 2.111101 14.733331 -1.879220 0.041894
