Pedestrian -1 -1 -10 731.000000 190.000000 821.000000 260.000000 1.633907 0.665101 0.561147 3.800753 2.238913 15.867835 1.225753 0.010936
Car -1 -1 -10 844.000000 203.000000 1227.000000 373.000000 1.437886 1.632821 4.000160 4.096065 1.819128 6.975221 1.584957 0.998613
Car -1 -1 -10 758.000000 199.000000 904.000000 292.000000 1.448788 1.590797 3.927649 4.055007 1.851845 12.367796 1.421901 0.998181
Car -1 -1 -10 530.000000 180.000000 579.000000 217.000000 1.497887 1.615468 3.780457 -2.370901 1.782164 31.141708 1.607927 0.992662
Car -1 -1 -10 727.000000 191.000000 822.000000 255.000000 1.436263 1.570042 3.831320 4.262800 1.951791 17.917658 1.358187 0.990475
Car -1 -1 -10 702.000000 187.000000 765.000000 234.000000 1.430139 1.550675 3.836204 4.508984 2.007797 25.284556 -1.520282 0.989508
Car -1 -1 -10 683.000000 186.000000 732.000000 223.000000 1.425629 1.538147 3.756408 4.446564 2.015396 29.554957 -1.503585 0.981703
Car -1 -1 -10 439.000000 181.000000 531.000000 272.000000 1.500222 1.526471 3.677640 -2.723588 1.784479 13.920911 -1.625478 0.843011
Car -1 -1 -10 284.000000 151.000000 509.000000 340.000000 1.622656 1.634829 3.903541 -2.629745 1.575622 9.501054 -1.747654 0.478568
Car -1 -1 -10 671.000000 185.000000 710.000000 216.000000 1.432704 1.584912 3.659947 3.941515 2.442068 34.351967 -1.451640 0.328899
