Pedestrian -1 -1 -10 682.000000 185.000000 693.000000 215.000000 1.769331 0.583993 0.613010 4.163398 2.428123 37.172156 -1.475035 0.015899
Car -1 -1 -10 621.000000 191.000000 711.000000 257.000000 1.466952 1.569133 3.817118 1.674435 1.963979 19.110820 -1.578742 0.998679
Car -1 -1 -10 752.000000 181.000000 845.000000 216.000000 1.575946 1.643765 3.940739 8.862961 1.998906 33.526789 2.411357 0.997130
Car -1 -1 -10 555.000000 186.000000 638.000000 222.000000 1.482302 1.685274 3.959378 -0.892251 2.314244 34.262649 -0.569769 0.993341
Car -1 -1 -10 874.000000 186.000000 1237.000000 372.000000 1.440511 1.620659 3.885299 3.284996 1.633953 4.167515 -1.063646 0.988981
Car -1 -1 -10 686.000000 184.000000 789.000000 221.000000 1.545702 1.612102 3.915270 5.442515 1.977706 30.623414 2.341466 0.988955
Car -1 -1 -10 824.000000 184.000000 889.000000 213.000000 1.526098 1.605313 3.761838 11.926655 2.028121 35.834718 2.486150 0.973256
Car -1 -1 -10 864.000000 176.000000 941.000000 210.000000 1.505611 1.647548 3.738854 14.287793 1.818693 37.693252 2.554729 0.447140
Car -1 -1 -10 670.000000 186.000000 726.000000 217.000000 1.548003 1.631446 3.661020 4.683492 2.201210 37.982666 -1.428437 0.042716
Car -1 -1 -10 683.000000 185.000000 695.000000 214.000000 1.479800 1.601811 3.760205 4.271090 2.274090 38.057790 -1.444239 0.015291
Cyclist -1 -1 -10 680.000000 184.000000 690.000000 217.000000 1.688191 0.689608 0.801994 0.172185 2.004896 11.089515 -1.500915 0.032023
Cyclist -1 -1 -10 676.000000 185.000000 701.000000 217.000000 1.531650 1.417413 3.550200 1.089827 2.919306 20.956497 1.650189 0.016514
