Pedestrian -1 -1 -10 405.000000 180.000000 414.000000 216.000000 1.483608 1.534297 3.789700 -6.446587 2.973304 18.398425 1.306361 0.158710
Pedestrian -1 -1 -10 373.000000 182.000000 417.000000 273.000000 1.699535 0.591189 0.758049 -3.980088 2.121724 13.277907 0.258000 0.031727
Pedestrian -1 -1 -10 378.000000 186.000000 407.000000 238.000000 1.626337 0.579590 0.531467 -5.943939 2.027809 19.308510 -1.840710 0.022648
Pedestrian -1 -1 -10 390.000000 184.000000 410.000000 232.000000 1.905648 0.668717 0.852971 -3.513764 2.420875 8.487898 1.342222 0.011384
Car -1 -1 -10 694.000000 183.000000 860.000000 295.000000 1.500236 1.589547 3.846212 2.656588 1.668450 11.308623 1.303906 0.999633
Car -1 -1 -10 258.000000 201.000000 385.000000 283.000000 1.507861 1.589479 3.713047 -5.573874 1.941501 14.480255 -1.876800 0.998205
Car -1 -1 -10 570.000000 183.000000 622.000000 223.000000 1.435918 1.566734 3.846395 -0.366055 1.980814 30.563977 -1.655294 0.997515
Car -1 -1 -10 960.000000 194.000000 1243.000000 371.000000 1.476348 1.576661 3.647679 3.306701 1.501536 3.202161 1.584109 0.961930
Car -1 -1 -10 547.000000 184.000000 581.000000 212.000000 1.499549 1.608375 3.820777 -2.457192 2.029271 40.362537 -1.647068 0.712236
Car -1 -1 -10 331.000000 192.000000 405.000000 246.000000 1.434620 1.563034 3.741403 -6.304369 1.888346 19.640322 0.739602 0.168843
Car -1 -1 -10 413.000000 187.000000 452.000000 223.000000 1.540455 1.611200 3.654372 -8.797576 2.486023 34.479423 -1.784063 0.121505
Cyclist -1 -1 -10 418.000000 180.000000 464.000000 265.000000 1.680274 0.581295 0.732992 -3.583542 2.087510 15.394808 -1.749834 0.999747
Cyclist -1 -1 -10 370.000000 181.000000 420.000000 281.000000 1.687405 0.602015 0.737518 -3.956966 2.083190 13.373544 -1.816467 0.998540
Cyclist -1 -1 -10 339.000000 188.000000 406.000000 268.000000 1.756032 0.521099 1.668420 -4.345707 2.103074 13.612986 -1.848906 0.176477
Cyclist -1 -1 -10 415.000000 185.000000 454.000000 225.000000 1.493647 1.556228 3.846841 -5.932448 3.110288 18.251407 1.309397 0.173470
Cyclist -1 -1 -10 253.000000 198.000000 396.000000 285.000000 1.500545 1.594755 3.790481 -5.226108 1.936572 13.743199 -1.929990 0.050222
Cyclist -1 -1 -10 372.000000 187.000000 403.000000 232.000000 1.610126 0.587343 0.597105 -6.212744 1.846767 19.770199 -1.873142 0.027197
Cyclist -1 -1 -10 398.000000 181.000000 413.000000 221.000000 1.752813 0.579793 0.644046 -9.113416 2.622415 33.704035 -1.863255 0.020025
Cyclist -1 -1 -10 390.000000 184.000000 410.000000 232.000000 1.547833 1.551865 3.331955 -3.529707 2.157874 8.422747 1.353532 0.010298
