Car -1 -1 -10 571.000000 179.000000 605.000000 210.000000 1.537631 1.624658 3.899421 -1.066074 1.381163 39.618430 -1.602577 0.999606
Car -1 -1 -10 396.000000 187.000000 480.000000 237.000000 1.538853 1.584211 3.756989 -5.049239 1.498302 21.609443 -1.374271 0.999222
Car -1 -1 -10 307.000000 186.000000 386.000000 231.000000 1.556140 1.595743 3.739289 -8.936223 1.558736 24.360815 -1.444255 0.996313
Car -1 -1 -10 1.000000 199.000000 380.000000 373.000000 1.529326 1.640884 3.735763 -3.449294 1.565144 5.626682 1.555907 0.994789
Car -1 -1 -10 400.000000 182.000000 447.000000 214.000000 1.499771 1.597130 3.901684 -8.750032 1.083005 34.028204 -1.738622 0.737762
Car -1 -1 -10 189.000000 190.000000 334.000000 253.000000 1.577294 1.615234 3.811765 -8.073097 1.493465 16.874449 1.633561 0.728226
Car -1 -1 -10 -1.000000 187.000000 165.000000 357.000000 1.453896 1.602869 3.813980 -3.622841 1.424945 5.661568 -2.136483 0.277368
Car -1 -1 -10 368.000000 179.000000 413.000000 205.000000 1.552233 1.630850 3.883046 -13.674916 1.412014 44.109634 1.318237 0.031921
Car -1 -1 -10 107.000000 191.000000 319.000000 286.000000 1.469784 1.618928 3.821702 -11.950745 1.657481 20.821162 -2.076600 0.027869
Car -1 -1 -10 304.000000 182.000000 363.000000 216.000000 1.587465 1.622807 3.782472 -11.788900 1.112918 30.559570 -1.906717 0.027634
Car -1 -1 -10 432.000000 182.000000 474.000000 209.000000 1.477184 1.562488 3.744913 -8.668898 1.243521 39.831616 1.798575 0.022810
Cyclist -1 -1 -10 65.000000 71.000000 238.000000 210.000000 1.506808 1.562246 3.634814 -16.912760 0.938892 24.879227 1.509410 0.113116
Cyclist -1 -1 -10 145.000000 65.000000 298.000000 214.000000 1.652126 0.593537 0.593132 -16.718969 1.527602 31.454267 -2.048459 0.057624
Cyclist -1 -1 -10 138.000000 189.000000 332.000000 263.000000 1.746615 0.531062 1.592517 -8.157024 1.604504 16.255668 -2.068229 0.044591
Cyclist -1 -1 -10 13.000000 193.000000 370.000000 383.000000 1.450964 1.561465 4.025193 -5.046386 1.859937 9.985910 1.518256 0.020807
Cyclist -1 -1 -10 61.000000 194.000000 283.000000 294.000000 1.503882 1.595484 3.545471 -6.587335 1.779714 9.340293 1.042504 0.012064
