Car -1 -1 -10 577.000000 173.000000 646.000000 237.000000 1.512127 1.658370 3.857772 0.179593 1.263961 20.365324 -1.543769 0.999419
Car -1 -1 -10 366.000000 176.000000 486.000000 262.000000 1.576343 1.622445 3.746015 -3.954460 1.453054 15.756549 -1.364842 0.997953
Car -1 -1 -10 243.000000 182.000000 353.000000 245.000000 1.547250 1.596687 3.749612 -8.376783 1.500739 18.995431 -1.469531 0.997706
Car -1 -1 -10 456.000000 177.000000 515.000000 223.000000 1.547908 1.616099 3.759593 -4.765110 1.254501 27.658985 -1.608642 0.995829
Car -1 -1 -10 344.000000 183.000000 401.000000 224.000000 1.473156 1.604631 3.726744 -8.836409 1.375256 27.326342 -1.852143 0.566586
Car -1 -1 -10 512.000000 178.000000 544.000000 204.000000 1.478162 1.555287 3.549951 -4.904943 1.292073 39.177731 -1.668223 0.562867
Car -1 -1 -10 491.000000 179.000000 527.000000 209.000000 1.502036 1.608145 3.790158 -5.341042 1.222201 38.735504 -1.680448 0.201815
Car -1 -1 -10 -5.000000 95.000000 293.000000 374.000000 1.569103 1.618958 3.877400 -4.115609 1.311139 4.756818 1.642024 0.160524
Car -1 -1 -10 594.000000 172.000000 633.000000 209.000000 1.495560 1.639917 3.582678 1.578337 0.927469 44.033397 1.579102 0.024824
Car -1 -1 -10 579.000000 176.000000 621.000000 212.000000 1.517636 1.649073 3.636577 -0.811129 1.040273 29.304618 -1.571394 0.019015
