Pedestrian -1 -1 -10 824.000000 152.000000 851.000000 197.000000 1.878489 0.672759 0.884623 1.142815 1.653429 5.532702 1.918783 0.028155
Car -1 -1 -10 350.000000 187.000000 452.000000 248.000000 1.503546 1.585458 3.835903 -5.803212 2.059693 19.691571 1.703365 0.999168
Car -1 -1 -10 412.000000 185.000000 484.000000 230.000000 1.505674 1.550116 3.697495 -5.574123 2.045045 25.318762 1.726600 0.995620
Car -1 -1 -10 -2.000000 190.000000 282.000000 371.000000 1.612566 1.649266 3.851638 -6.023240 1.894595 8.545825 -1.571086 0.987860
Car -1 -1 -10 891.000000 170.000000 1239.000000 374.000000 1.437637 1.585652 3.906165 3.285879 1.624801 3.703024 1.529176 0.986525
Car -1 -1 -10 762.000000 156.000000 877.000000 194.000000 1.503247 1.568905 4.080188 9.968078 1.019545 33.363371 -0.188938 0.972974
Car -1 -1 -10 445.000000 183.000000 502.000000 222.000000 1.464038 1.535245 3.768618 -5.513981 1.973616 29.888821 1.587819 0.897897
Car -1 -1 -10 662.000000 174.000000 703.000000 200.000000 1.478317 1.545408 3.948089 4.151519 1.510842 36.571640 1.243483 0.607405
Car -1 -1 -10 473.000000 183.000000 520.000000 212.000000 1.462861 1.505484 3.617294 -5.525540 1.983366 33.738675 1.920350 0.391280
Car -1 -1 -10 1069.000000 139.000000 1222.000000 178.000000 1.527559 1.608681 4.083559 24.142962 0.171137 32.300709 2.816465 0.351928
Car -1 -1 -10 734.000000 161.000000 836.000000 192.000000 1.495632 1.565236 3.961274 9.249668 1.060411 36.594890 1.324556 0.145843
Car -1 -1 -10 1024.000000 144.000000 1132.000000 176.000000 1.499570 1.649456 4.043434 23.036075 0.263079 35.344103 1.642738 0.091115
Car -1 -1 -10 503.000000 180.000000 543.000000 206.000000 1.453242 1.527641 3.696195 -5.652280 2.109849 41.998750 2.001209 0.066600
Cyclist -1 -1 -10 776.000000 153.000000 876.000000 192.000000 1.532048 1.602574 3.912089 9.379556 0.968965 32.252197 2.930168 0.040253
