Car -1 -1 -10 703.000000 179.000000 819.000000 265.000000 1.447580 1.536507 3.808389 3.316739 1.746485 13.974401 1.236211 0.995514
Car -1 -1 -10 651.000000 172.000000 694.000000 207.000000 1.463915 1.590526 3.827612 2.982677 1.390614 31.615962 -1.533669 0.992775
Car -1 -1 -10 213.000000 164.000000 431.000000 257.000000 1.555732 1.612439 4.022517 -6.041676 1.536235 15.231402 -3.118880 0.992523
Car -1 -1 -10 -14.000000 182.000000 302.000000 326.000000 1.478063 1.590861 3.849778 -5.669922 1.576470 8.058326 0.471712 0.990229
Car -1 -1 -10 732.000000 160.000000 1012.000000 347.000000 1.512850 1.598443 4.181277 2.966334 1.400537 8.429917 -1.677980 0.989260
Car -1 -1 -10 674.000000 173.000000 761.000000 235.000000 1.449687 1.543650 3.824217 3.232385 1.600917 19.429859 -1.554051 0.979756
Car -1 -1 -10 84.000000 170.000000 376.000000 279.000000 1.535582 1.566536 3.834635 -6.180563 1.619313 12.627378 -3.214084 0.931248
Car -1 -1 -10 306.000000 166.000000 466.000000 226.000000 1.489830 1.568275 3.691098 -5.433234 1.481216 21.848357 1.740788 0.903420
Car -1 -1 -10 391.000000 169.000000 510.000000 210.000000 1.484020 1.543507 3.766380 -5.892167 1.556299 31.667754 1.352316 0.831204
Car -1 -1 -10 0.000000 200.000000 189.000000 372.000000 1.444092 1.616251 3.758672 -5.305235 1.797397 6.625735 0.990556 0.588811
