Pedestrian -1 -1 -10 263.000000 170.000000 333.000000 329.000000 1.714680 0.601634 0.780328 -3.439525 1.804523 8.103385 -1.922865 0.997892
Pedestrian -1 -1 -10 769.000000 156.000000 819.000000 264.000000 1.599947 0.638941 0.645400 2.703296 1.516294 9.514234 -1.280394 0.982814
Pedestrian -1 -1 -10 847.000000 154.000000 878.000000 238.000000 1.683252 0.603965 0.733421 5.241903 1.268380 14.319089 -1.185139 0.981582
Pedestrian -1 -1 -10 547.000000 176.000000 563.000000 211.000000 1.620805 0.592266 0.644142 -1.952139 1.546694 30.389615 -1.597588 0.090028
Pedestrian -1 -1 -10 486.000000 167.000000 503.000000 211.000000 1.598439 0.615269 0.665631 -4.307911 1.217419 30.348389 -1.693774 0.066842
Pedestrian -1 -1 -10 106.000000 145.000000 150.000000 314.000000 1.684251 0.595383 0.709805 -5.386903 1.714981 8.126236 -0.048585 0.027251
Pedestrian -1 -1 -10 485.000000 165.000000 494.000000 211.000000 1.622109 0.586224 0.667817 -4.602009 1.196663 30.701558 -1.680224 0.015732
Pedestrian -1 -1 -10 793.000000 160.000000 814.000000 199.000000 1.628940 0.673626 0.634754 7.891107 0.705297 27.147145 1.336950 0.014202
Pedestrian -1 -1 -10 82.000000 150.000000 117.000000 273.000000 1.817908 0.615454 0.675351 -4.390085 1.952549 4.947992 1.038709 0.011283
Pedestrian -1 -1 -10 781.000000 160.000000 816.000000 227.000000 1.894785 0.651335 0.747652 0.736449 1.568445 4.924015 1.907464 0.010825
Car -1 -1 -10 664.000000 162.000000 725.000000 214.000000 1.506380 1.559390 3.672505 3.492259 0.858546 26.708217 -1.520853 0.913575
Cyclist -1 -1 -10 689.000000 181.000000 721.000000 221.000000 1.686088 0.500477 1.652155 3.551682 1.366483 25.540484 -1.409532 0.031311
Cyclist -1 -1 -10 669.000000 163.000000 720.000000 215.000000 1.660734 0.619212 0.543822 3.072009 1.231671 23.267635 -1.409336 0.027841
Cyclist -1 -1 -10 768.000000 156.000000 820.000000 265.000000 1.608705 0.632313 0.647412 2.754337 1.452999 9.527782 -1.291859 0.012006
