Car -1 -1 -10 681.000000 183.000000 751.000000 233.000000 1.451029 1.588543 3.866106 3.562688 1.793819 22.717220 -1.529275 0.997461
Car -1 -1 -10 238.000000 181.000000 433.000000 256.000000 1.507189 1.607923 3.865144 -5.729921 1.725074 16.234038 0.660666 0.996506
Car -1 -1 -10 97.000000 181.000000 388.000000 272.000000 1.546750 1.632990 3.983967 -6.269957 1.663162 13.756233 -3.131233 0.996253
Car -1 -1 -10 760.000000 178.000000 1023.000000 336.000000 1.470524 1.606881 3.989774 3.444945 1.609484 8.352408 1.435600 0.993668
Car -1 -1 -10 326.000000 175.000000 479.000000 238.000000 1.486297 1.625256 3.971540 -5.622387 1.758419 21.165983 0.697138 0.974049
Car -1 -1 -10 2.000000 185.000000 231.000000 346.000000 1.501418 1.637658 3.949394 -5.996601 1.646317 8.304671 -2.195070 0.969961
Car -1 -1 -10 890.000000 190.000000 1236.000000 375.000000 1.422431 1.609364 4.036794 3.502514 1.668653 3.536898 1.530554 0.956274
Car -1 -1 -10 434.000000 177.000000 529.000000 215.000000 1.379145 1.515022 3.686284 -4.661378 1.865077 32.468373 1.373738 0.672978
Car -1 -1 -10 386.000000 175.000000 501.000000 223.000000 1.534165 1.602079 3.622837 -5.195675 1.618459 28.062855 -1.642600 0.500390
Car -1 -1 -10 726.000000 181.000000 816.000000 218.000000 1.508022 1.691689 3.965281 6.993371 1.737821 30.689419 1.290045 0.155886
