Pedestrian -1 -1 -10 970.000000 152.000000 1016.000000 278.000000 1.685649 0.607216 0.742115 5.398511 1.477789 9.823658 -1.035101 0.972482
Pedestrian -1 -1 -10 1054.000000 139.000000 1236.000000 375.000000 1.611269 0.603827 0.653585 2.535691 1.448794 3.096974 -0.901688 0.938047
Pedestrian -1 -1 -10 469.000000 173.000000 490.000000 227.000000 1.641733 0.623450 0.644356 -4.191337 1.761854 25.276791 0.358566 0.781984
Pedestrian -1 -1 -10 -1.000000 154.000000 80.000000 369.000000 1.761777 0.601299 0.650528 -1.864603 1.146248 2.075863 -2.258912 0.529411
Pedestrian -1 -1 -10 541.000000 184.000000 561.000000 227.000000 1.606693 0.614553 0.612040 -1.799888 1.901813 24.872843 -1.606137 0.279269
Pedestrian -1 -1 -10 452.000000 161.000000 465.000000 215.000000 1.619781 0.581657 0.639611 -4.743616 1.491297 23.769558 -1.733195 0.106840
Pedestrian -1 -1 -10 526.000000 185.000000 544.000000 227.000000 1.649729 0.594296 0.645996 -2.346806 1.905258 24.795358 -1.620470 0.104014
Pedestrian -1 -1 -10 1147.000000 27.000000 1229.000000 283.000000 1.672254 0.629260 0.705516 7.361614 0.969681 8.487427 1.689006 0.050459
Pedestrian -1 -1 -10 3.000000 156.000000 167.000000 372.000000 1.592113 0.611864 0.589206 -2.717531 1.715326 3.854652 -2.193084 0.048955
Pedestrian -1 -1 -10 538.000000 184.000000 550.000000 226.000000 1.600197 0.603766 0.570422 -1.901388 1.899630 25.021987 -1.601997 0.017507
Pedestrian -1 -1 -10 1173.000000 36.000000 1235.000000 191.000000 1.820365 0.688010 0.889015 3.086334 1.444969 4.351980 2.301521 0.012095
Pedestrian -1 -1 -10 0.000000 171.000000 106.000000 264.000000 1.810466 0.610208 0.662365 -3.851310 1.647537 3.991786 0.999143 0.011966
Car -1 -1 -10 686.000000 168.000000 766.000000 236.000000 1.560597 1.549910 3.838506 3.624525 1.288609 20.838541 -1.531334 0.984168
Car -1 -1 -10 1054.000000 132.000000 1236.000000 374.000000 1.525535 1.604614 3.637588 3.103454 1.250194 3.979644 -0.889667 0.011274
Car -1 -1 -10 2.000000 148.000000 95.000000 369.000000 1.525504 1.621068 3.703079 -3.451405 1.468336 4.557183 -2.200965 0.010937
Cyclist -1 -1 -10 1052.000000 136.000000 1237.000000 372.000000 1.614672 0.600220 0.662825 2.519585 1.434639 3.107503 -0.910134 0.370428
Cyclist -1 -1 -10 467.000000 176.000000 492.000000 226.000000 1.624789 0.641855 0.621537 -4.153785 1.721118 25.395491 -1.712282 0.167361
Cyclist -1 -1 -10 687.000000 166.000000 768.000000 235.000000 1.763314 0.593210 1.749044 3.538700 1.496069 19.349045 1.248927 0.056420
Cyclist -1 -1 -10 2.000000 148.000000 95.000000 369.000000 1.656461 0.578759 0.618944 -2.723561 1.820741 3.943239 -2.227939 0.013425
