Pedestrian -1 -1 -10 529.000000 160.000000 548.000000 210.000000 1.649695 0.599036 0.694702 -2.489123 1.005761 26.680293 -1.632440 0.980993
Pedestrian -1 -1 -10 370.000000 166.000000 391.000000 214.000000 1.707158 0.587644 0.662273 -8.348481 1.395790 26.080650 0.241967 0.968040
Pedestrian -1 -1 -10 423.000000 160.000000 440.000000 214.000000 1.709080 0.581691 0.634996 -6.053654 1.078305 24.680492 0.319196 0.428243
Pedestrian -1 -1 -10 344.000000 168.000000 354.000000 196.000000 1.682676 0.628636 0.682860 -18.096531 1.483990 50.848697 -1.867507 0.016124
Pedestrian -1 -1 -10 1201.000000 146.000000 1222.000000 209.000000 1.609526 0.703045 0.650582 7.651793 1.776177 10.271202 2.288857 0.014176
Pedestrian -1 -1 -10 449.000000 160.000000 462.000000 189.000000 1.769333 0.583993 0.613010 -6.539928 1.252449 30.855109 -1.789791 0.011028
Car -1 -1 -10 439.000000 173.000000 522.000000 229.000000 1.517058 1.588582 3.692624 -3.457598 1.189719 19.497853 -1.597153 0.999334
Car -1 -1 -10 1028.000000 146.000000 1138.000000 183.000000 1.536245 1.623162 3.894396 24.370907 0.072723 35.526493 -0.003292 0.595730
Car -1 -1 -10 941.000000 158.000000 1034.000000 185.000000 1.495892 1.621459 3.887493 19.574171 0.264124 35.832515 -0.084852 0.592015
Cyclist -1 -1 -10 782.000000 149.000000 835.000000 199.000000 1.647377 0.581376 0.713789 7.949759 0.691897 27.718972 -1.256722 0.999400
Cyclist -1 -1 -10 657.000000 159.000000 696.000000 195.000000 1.749019 0.616686 0.829177 3.655231 0.978582 36.352350 -1.439744 0.998353
Cyclist -1 -1 -10 846.000000 146.000000 907.000000 199.000000 1.715504 0.638841 0.631252 9.583723 0.034504 24.819174 2.440513 0.997192
Cyclist -1 -1 -10 302.000000 168.000000 355.000000 225.000000 1.716378 0.578379 0.771750 -8.815304 1.532980 22.263710 -1.902571 0.993466
Cyclist -1 -1 -10 1193.000000 149.000000 1223.000000 207.000000 1.620778 0.588253 0.699570 24.120279 0.473202 28.581840 -0.836439 0.045912
Cyclist -1 -1 -10 370.000000 165.000000 392.000000 212.000000 1.671173 0.582713 0.672869 -8.303272 1.308371 26.048205 -1.820069 0.029877
Cyclist -1 -1 -10 344.000000 168.000000 354.000000 196.000000 1.717289 0.617483 0.749351 -18.012984 1.378476 50.469089 -1.883369 0.023561
