Car -1 -1 -10 40.000000 192.000000 405.000000 374.000000 1.596509 1.671812 3.848047 -3.751003 1.661468 7.088290 -1.506440 0.999688
Car -1 -1 -10 582.000000 181.000000 621.000000 216.000000 1.539937 1.617785 3.923831 -0.263162 1.307101 34.732439 -1.588313 0.999523
Car -1 -1 -10 444.000000 189.000000 528.000000 246.000000 1.524422 1.580102 3.715779 -3.349612 1.503259 19.308633 -1.592242 0.999430
Car -1 -1 -10 326.000000 187.000000 414.000000 235.000000 1.555946 1.578762 3.715630 -7.500421 1.563952 22.790384 -1.413093 0.995248
Car -1 -1 -10 39.000000 187.000000 245.000000 287.000000 1.416616 1.624871 3.873996 -8.417336 1.444807 12.897572 0.575887 0.984204
Car -1 -1 -10 3.000000 189.000000 159.000000 272.000000 1.476041 1.606487 3.717239 -11.455931 1.688229 13.952806 -2.183641 0.902085
Car -1 -1 -10 496.000000 186.000000 533.000000 216.000000 1.435870 1.546024 3.656985 -4.495411 1.560070 34.466384 -1.611882 0.799606
Car -1 -1 -10 410.000000 182.000000 455.000000 218.000000 1.505089 1.636216 3.868502 -7.969977 1.254014 32.353672 -1.795844 0.778419
Car -1 -1 -10 294.000000 186.000000 357.000000 218.000000 1.519962 1.634086 3.898472 -12.741793 1.393845 31.640600 -1.937867 0.350544
Cyclist -1 -1 -10 42.000000 188.000000 264.000000 286.000000 1.430794 1.675216 3.833913 -7.582344 1.365954 11.966772 0.972254 0.010010
