Pedestrian -1 -1 -10 809.000000 158.000000 873.000000 324.000000 1.693502 0.604658 0.746706 2.663209 1.680152 7.843016 -1.207134 0.999065
Pedestrian -1 -1 -10 287.000000 164.000000 327.000000 276.000000 1.706522 0.603785 0.759845 -4.723688 1.699983 11.559811 -1.918678 0.997831
Pedestrian -1 -1 -10 724.000000 168.000000 781.000000 326.000000 1.676074 0.602863 0.734765 1.587035 1.691433 7.605424 -1.325495 0.997313
Pedestrian -1 -1 -10 1078.000000 145.000000 1151.000000 307.000000 1.693784 0.603044 0.747732 5.567357 1.529966 7.910126 -0.911371 0.994732
Pedestrian -1 -1 -10 1026.000000 150.000000 1080.000000 279.000000 1.682978 0.586836 0.729465 5.825804 1.519193 9.376722 -0.957527 0.976600
Pedestrian -1 -1 -10 802.000000 162.000000 838.000000 270.000000 1.639819 0.603149 0.704140 3.454235 1.411576 11.132247 -1.242427 0.948022
Pedestrian -1 -1 -10 1109.000000 144.000000 1186.000000 284.000000 1.756177 0.573143 0.683574 6.103224 1.616539 8.448171 2.698422 0.919946
Pedestrian -1 -1 -10 627.000000 168.000000 652.000000 240.000000 1.688649 0.598976 0.743766 0.923151 1.582120 16.809091 -1.476524 0.911281
Pedestrian -1 -1 -10 367.000000 167.000000 396.000000 252.000000 1.621580 0.608166 0.672015 -4.150195 1.667751 14.049858 -1.820748 0.553928
Pedestrian -1 -1 -10 393.000000 168.000000 430.000000 258.000000 1.716253 0.580780 0.762065 -3.729057 1.778666 13.883816 -1.768045 0.378581
Pedestrian -1 -1 -10 234.000000 167.000000 255.000000 231.000000 1.676698 0.601406 0.746030 -10.135959 1.538485 20.539188 0.074224 0.332393
Pedestrian -1 -1 -10 780.000000 156.000000 794.000000 220.000000 1.638144 0.627796 0.544835 5.119487 1.213419 20.433438 2.291784 0.115131
Pedestrian -1 -1 -10 277.000000 165.000000 291.000000 216.000000 1.649252 0.697876 0.688903 -5.866893 1.862129 11.053471 1.159981 0.089416
Pedestrian -1 -1 -10 1147.000000 144.000000 1169.000000 196.000000 1.706067 0.593626 0.609580 15.309642 0.294392 19.617235 -0.923224 0.081412
Pedestrian -1 -1 -10 733.000000 173.000000 767.000000 231.000000 1.639845 0.631324 0.605658 4.426273 1.229592 19.571554 1.195683 0.058601
Pedestrian -1 -1 -10 786.000000 156.000000 854.000000 289.000000 1.648141 0.601275 0.701075 2.657400 1.571000 7.829372 -1.240436 0.035627
Pedestrian -1 -1 -10 266.000000 161.000000 285.000000 213.000000 1.769333 0.583993 0.613010 -13.061289 0.457342 28.425175 -2.006882 0.024346
Pedestrian -1 -1 -10 677.000000 177.000000 700.000000 226.000000 1.637939 0.601812 0.551739 2.524710 1.515553 20.047029 -1.454739 0.019949
Car -1 -1 -10 408.000000 159.000000 482.000000 226.000000 1.581949 1.630176 3.815287 -5.023490 1.118397 22.990974 -1.693398 0.569679
Car -1 -1 -10 445.000000 162.000000 501.000000 215.000000 1.477262 1.548360 3.749458 -5.052402 1.096816 28.473444 1.862070 0.410811
Car -1 -1 -10 521.000000 165.000000 561.000000 203.000000 1.481164 1.557653 3.760878 -3.230448 1.316945 37.609449 -1.644982 0.013570
Cyclist -1 -1 -10 392.000000 168.000000 429.000000 259.000000 1.732680 0.536410 1.753661 -3.727163 1.694341 13.945851 -1.772882 0.791102
Cyclist -1 -1 -10 372.000000 170.000000 412.000000 259.000000 1.738352 0.561849 1.794846 -3.800287 1.677451 14.074476 -1.820655 0.301763
Cyclist -1 -1 -10 730.000000 172.000000 765.000000 227.000000 1.667237 0.624994 1.741250 4.580083 1.181109 19.408807 1.210490 0.064354
Cyclist -1 -1 -10 628.000000 170.000000 652.000000 238.000000 1.655744 0.585029 0.714479 0.891359 1.578227 16.951573 -1.484362 0.017842
Cyclist -1 -1 -10 726.000000 167.000000 774.000000 327.000000 1.674503 0.594037 0.744128 1.568857 1.639861 7.626914 -1.336520 0.010118
