Car -1 -1 -10 342.000000 196.000000 465.000000 263.000000 1.445763 1.608838 3.949202 -4.784681 1.966418 17.054020 0.831573 0.999493
Car -1 -1 -10 225.000000 191.000000 286.000000 228.000000 1.443146 1.600182 3.899027 -14.429272 2.135440 29.023174 -2.095826 0.998671
Car -1 -1 -10 819.000000 175.000000 932.000000 235.000000 1.436413 1.577552 3.823940 6.516822 1.491273 17.648652 1.480302 0.998031
Car -1 -1 -10 734.000000 174.000000 807.000000 229.000000 1.439337 1.598891 3.739616 4.237971 1.532503 19.072247 1.777900 0.965627
Car -1 -1 -10 207.000000 189.000000 264.000000 222.000000 1.430517 1.547228 3.791740 -16.318623 2.264871 31.710199 0.961981 0.963554
Car -1 -1 -10 409.000000 176.000000 501.000000 214.000000 1.521741 1.685190 3.952746 -7.233234 1.797360 33.418479 -2.899627 0.916206
Car -1 -1 -10 0.000000 190.000000 47.000000 225.000000 1.530050 1.574490 3.737906 -30.335521 2.541863 36.656895 0.999516 0.825787
Car -1 -1 -10 477.000000 163.000000 741.000000 318.000000 1.659818 1.701328 4.260021 -0.036018 1.536814 10.638509 -2.163022 0.651434
Car -1 -1 -10 887.000000 165.000000 1072.000000 224.000000 1.453074 1.641378 3.893975 10.339134 1.203603 20.307063 1.473413 0.289908
Car -1 -1 -10 354.000000 183.000000 444.000000 212.000000 1.420128 1.600335 4.044500 -10.979309 1.869637 37.244050 0.700158 0.196402
Car -1 -1 -10 781.000000 175.000000 853.000000 221.000000 1.508352 1.651991 3.606329 8.345256 2.156587 28.129363 -1.277590 0.074478
Car -1 -1 -10 580.000000 171.000000 744.000000 269.000000 1.469278 1.651199 3.451885 -0.341564 1.470971 6.033335 1.704502 0.018360
