Pedestrian -1 -1 -10 875.000000 143.000000 917.000000 258.000000 1.615962 0.600542 0.642287 5.286508 1.119674 13.145703 -1.174748 0.862502
Pedestrian -1 -1 -10 839.000000 146.000000 876.000000 255.000000 1.617236 0.603200 0.632551 4.685304 1.124170 13.520717 -1.226606 0.565235
Pedestrian -1 -1 -10 814.000000 149.000000 896.000000 257.000000 1.687144 0.638074 0.667709 4.824643 1.228104 13.195267 2.395417 0.038296
Car -1 -1 -10 769.000000 182.000000 1018.000000 336.000000 1.475460 1.603076 4.005195 3.184388 1.539788 8.302790 1.484422 0.998874
Car -1 -1 -10 0.000000 202.000000 247.000000 362.000000 1.502533 1.632363 3.687915 -6.136004 1.972672 8.903616 1.526133 0.997901
Car -1 -1 -10 911.000000 183.000000 1261.000000 378.000000 1.460067 1.581785 3.666621 3.272433 1.682534 2.955345 1.520720 0.971639
Car -1 -1 -10 275.000000 175.000000 393.000000 223.000000 1.610796 1.691587 3.903216 -12.270137 1.969673 33.457662 -0.899919 0.726116
Car -1 -1 -10 131.000000 196.000000 221.000000 229.000000 1.531383 1.630541 3.968579 -19.788368 2.229598 33.556837 0.529784 0.640586
Car -1 -1 -10 800.000000 157.000000 883.000000 226.000000 1.357406 1.647550 3.965458 10.198054 1.683669 32.858116 1.870782 0.371635
Car -1 -1 -10 795.000000 154.000000 929.000000 253.000000 1.537144 1.614815 3.712151 5.568937 0.799569 14.512583 -1.209763 0.031394
Car -1 -1 -10 1084.000000 158.000000 1205.000000 195.000000 1.531884 1.667039 3.778771 7.903242 1.769597 11.987346 -1.014578 0.026751
Cyclist -1 -1 -10 815.000000 152.000000 885.000000 246.000000 1.708644 0.598542 0.603527 5.208418 1.090502 14.370848 -1.236508 0.597680
Cyclist -1 -1 -10 787.000000 160.000000 951.000000 251.000000 1.627794 0.603137 0.636424 4.879417 1.170203 13.595363 -1.218661 0.478738
Cyclist -1 -1 -10 851.000000 151.000000 929.000000 255.000000 1.631680 0.582496 0.608186 5.287370 1.022305 13.163147 -1.196841 0.075384
Cyclist -1 -1 -10 761.000000 174.000000 1017.000000 336.000000 1.502973 1.606123 3.927134 2.805235 1.702259 7.058262 1.446797 0.041544
Cyclist -1 -1 -10 131.000000 196.000000 222.000000 233.000000 1.358246 1.566424 3.727081 -18.897250 2.660541 31.804752 1.524924 0.021419
