Car -1 -1 -10 430.000000 188.000000 485.000000 226.000000 1.486032 1.564588 3.643594 -6.210486 2.178359 29.586900 1.714062 0.995770
Car -1 -1 -10 1.000000 215.000000 199.000000 373.000000 1.486705 1.632261 3.714671 -6.049576 2.014030 7.345597 1.543232 0.967247
Car -1 -1 -10 986.000000 192.000000 1238.000000 373.000000 1.491646 1.605467 3.702089 3.137692 1.741906 3.046704 1.621971 0.950951
Car -1 -1 -10 460.000000 186.000000 507.000000 218.000000 1.453978 1.546238 3.704637 -6.084168 2.248043 34.937215 1.781921 0.948704
Car -1 -1 -10 650.000000 174.000000 697.000000 210.000000 1.468559 1.556572 3.999746 3.109264 1.547012 32.597789 1.248669 0.940330
Car -1 -1 -10 215.000000 197.000000 284.000000 227.000000 1.479246 1.593288 3.853232 -18.597817 2.729354 36.205367 1.012544 0.857947
Car -1 -1 -10 160.000000 197.000000 232.000000 229.000000 1.525190 1.640358 3.901968 -20.792836 2.674943 36.245082 -1.447518 0.813833
Car -1 -1 -10 64.000000 204.000000 139.000000 233.000000 1.456603 1.585275 3.838450 -25.436229 2.957238 37.199142 0.350961 0.397445
Car -1 -1 -10 115.000000 202.000000 184.000000 231.000000 1.447544 1.555660 3.932022 -23.067334 2.877014 36.992914 0.423316 0.197791
Car -1 -1 -10 488.000000 179.000000 525.000000 207.000000 1.539409 1.574425 3.763646 -6.639108 1.940851 40.426088 -1.106356 0.171297
Car -1 -1 -10 2.000000 206.000000 63.000000 240.000000 1.564542 1.618924 3.904951 -30.519864 3.569570 37.740228 1.368892 0.075767
