Car -1 -1 -10 565.000000 180.000000 611.000000 221.000000 1.534858 1.619646 3.920920 -0.811819 1.280159 29.928278 -1.603696 0.999629
Car -1 -1 -10 134.000000 178.000000 446.000000 365.000000 1.537462 1.640600 3.754917 -3.361769 1.574830 7.771945 -1.495313 0.999421
Car -1 -1 -10 503.000000 184.000000 545.000000 214.000000 1.496810 1.577670 3.734905 -4.075748 1.347085 33.867022 1.600607 0.999183
Car -1 -1 -10 438.000000 182.000000 512.000000 237.000000 1.556533 1.617181 3.724206 -3.991559 1.483901 21.875109 -1.610205 0.998767
Car -1 -1 -10 71.000000 185.000000 288.000000 281.000000 1.494786 1.630141 3.936138 -8.261589 1.504815 13.636261 -2.071008 0.984431
Car -1 -1 -10 2.000000 178.000000 82.000000 269.000000 1.493132 1.604329 3.768486 -12.574723 1.820809 14.973199 -1.657089 0.418793
Car -1 -1 -10 341.000000 187.000000 420.000000 226.000000 1.538922 1.556646 3.748163 -8.238190 1.378847 26.808745 1.711933 0.147725
Car -1 -1 -10 399.000000 183.000000 449.000000 217.000000 1.522294 1.657748 3.837962 -8.605942 1.396423 32.186540 -1.803645 0.107357
Car -1 -1 -10 459.000000 181.000000 498.000000 210.000000 1.495560 1.639917 3.582678 -7.547629 0.984762 40.376893 1.393280 0.041277
Car -1 -1 -10 567.000000 180.000000 599.000000 206.000000 1.529302 1.637516 3.757138 -1.556280 2.059182 17.096578 -1.716633 0.026088
