Car -1 -1 -10 666.000000 182.000000 728.000000 228.000000 1.446315 1.568934 3.817959 3.026947 1.706258 23.465907 -1.530207 0.999322
Car -1 -1 -10 -4.000000 182.000000 288.000000 329.000000 1.545874 1.593147 3.896987 -6.021762 1.661449 8.675303 0.411880 0.997792
Car -1 -1 -10 312.000000 176.000000 487.000000 233.000000 1.536467 1.551304 3.965712 -5.967219 1.604861 21.931213 0.658074 0.997117
Car -1 -1 -10 727.000000 170.000000 935.000000 330.000000 1.492929 1.586095 3.946546 3.111592 1.631579 9.640836 -1.407299 0.996735
Car -1 -1 -10 68.000000 171.000000 355.000000 291.000000 1.493684 1.547021 3.875124 -6.533905 1.572741 12.274796 -3.249360 0.921427
Car -1 -1 -10 378.000000 176.000000 502.000000 217.000000 1.457157 1.581370 3.723667 -6.283265 1.555767 29.486431 1.920356 0.921375
Car -1 -1 -10 720.000000 172.000000 799.000000 217.000000 1.609607 1.677630 4.060105 5.942107 1.502853 29.260279 -1.388100 0.799667
Car -1 -1 -10 271.000000 183.000000 433.000000 245.000000 1.457792 1.565593 3.833772 -6.347576 1.730449 19.312676 0.668254 0.201967
Car -1 -1 -10 676.000000 173.000000 726.000000 201.000000 1.428429 1.604981 4.014044 5.600529 1.265324 42.419051 1.258164 0.197844
Car -1 -1 -10 172.000000 171.000000 390.000000 254.000000 1.526853 1.560902 3.764092 -6.217617 1.721258 15.208084 1.717754 0.116900
Car -1 -1 -10 422.000000 175.000000 537.000000 205.000000 1.660642 1.716025 4.207867 -6.722777 1.592513 39.358498 -2.977584 0.086641
