Pedestrian -1 -1 -10 688.000000 171.000000 758.000000 232.000000 1.484683 1.568808 3.876443 3.397347 1.735754 20.260334 1.192812 0.011060
Car -1 -1 -10 485.000000 169.000000 543.000000 212.000000 1.492220 1.574896 3.718661 -3.611423 1.406034 26.935898 1.552506 0.998290
Car -1 -1 -10 685.000000 172.000000 759.000000 230.000000 1.464563 1.562690 3.781277 3.579408 1.589059 21.481349 -1.521245 0.994443
Car -1 -1 -10 765.000000 185.000000 1003.000000 335.000000 1.484785 1.563096 3.918652 3.631563 1.742403 9.269029 1.462527 0.993031
Car -1 -1 -10 947.000000 202.000000 1235.000000 372.000000 1.437637 1.600482 3.886643 4.044373 1.690882 3.948643 1.545652 0.990978
Car -1 -1 -10 662.000000 171.000000 722.000000 218.000000 1.421661 1.594912 3.944506 3.323956 1.537220 25.177790 -1.598766 0.990395
Car -1 -1 -10 312.000000 167.000000 476.000000 303.000000 1.486334 1.513290 3.670483 -3.060060 1.604181 8.830433 1.777331 0.986177
Car -1 -1 -10 723.000000 175.000000 850.000000 266.000000 1.462898 1.551731 3.890131 3.751483 1.687668 14.431859 -1.478897 0.976514
Car -1 -1 -10 647.000000 170.000000 691.000000 205.000000 1.425052 1.529848 3.706032 3.003786 1.338267 32.533399 -1.537911 0.845638
Car -1 -1 -10 -10.000000 134.000000 416.000000 377.000000 1.586016 1.661578 3.828487 -3.024927 1.409017 5.263942 -1.575534 0.315582
Car -1 -1 -10 508.000000 169.000000 549.000000 203.000000 1.461147 1.559999 3.667153 -3.316513 1.502152 33.272279 1.974049 0.283046
