Pedestrian -1 -1 -10 242.000000 179.000000 256.000000 217.000000 1.657960 0.600991 0.643284 -16.188196 2.256890 32.221937 1.588413 0.078562
Pedestrian -1 -1 -10 643.000000 173.000000 659.000000 208.000000 1.675293 0.603640 0.621450 2.027034 1.824728 31.410033 0.622683 0.031763
Pedestrian -1 -1 -10 342.000000 181.000000 350.000000 212.000000 1.609675 0.583972 0.638943 -16.245452 2.431428 44.076790 -1.894820 0.017663
Car -1 -1 -10 482.000000 177.000000 544.000000 230.000000 1.569023 1.633111 3.754793 -3.303038 1.717458 24.003629 -1.597648 0.999125
Car -1 -1 -10 249.000000 187.000000 351.000000 239.000000 1.479800 1.567850 3.757660 -9.953742 2.140544 23.782616 1.640591 0.997769
Car -1 -1 -10 580.000000 175.000000 607.000000 202.000000 1.521128 1.578711 3.799665 -1.058366 1.970897 46.293461 -1.623610 0.993625
Car -1 -1 -10 365.000000 183.000000 410.000000 210.000000 1.555097 1.618022 3.908176 -13.525986 2.393474 43.274062 -1.844394 0.628891
Cyclist -1 -1 -10 637.000000 170.000000 676.000000 211.000000 1.652571 0.649492 1.740390 2.387381 1.690212 30.813958 1.058426 0.987575
Cyclist -1 -1 -10 636.000000 174.000000 659.000000 206.000000 1.695972 0.628368 1.669746 2.012759 1.703356 31.841390 1.066496 0.134030
Cyclist -1 -1 -10 648.000000 173.000000 661.000000 210.000000 1.656147 0.609654 0.613160 2.107361 1.770862 31.157296 -1.004132 0.010529
