Car -1 -1 -10 568.000000 190.000000 714.000000 276.000000 1.455762 1.602118 3.968247 0.701426 1.798095 13.521598 -2.008700 0.999829
Car -1 -1 -10 467.000000 182.000000 522.000000 222.000000 1.447058 1.568446 3.818306 -4.427989 1.729476 27.926544 -1.798055 0.999293
Car -1 -1 -10 284.000000 184.000000 329.000000 214.000000 1.510774 1.580430 3.892696 -17.164373 2.356628 40.430228 -1.903421 0.998011
Car -1 -1 -10 25.000000 204.000000 201.000000 310.000000 1.452895 1.526879 3.721336 -7.765794 2.049034 10.709690 1.443271 0.984311
Car -1 -1 -10 453.000000 181.000000 500.000000 214.000000 1.428941 1.505809 3.609793 -6.118086 1.961981 32.904908 -1.767099 0.982202
Car -1 -1 -10 641.000000 165.000000 747.000000 208.000000 1.494466 1.658587 4.034861 3.504771 1.252198 29.901971 -0.416322 0.926774
Car -1 -1 -10 -4.000000 211.000000 157.000000 360.000000 1.490685 1.592795 3.672957 -6.123642 2.137607 7.007188 1.405037 0.806611
Car -1 -1 -10 64.000000 190.000000 153.000000 219.000000 1.478796 1.596027 3.737990 -22.585184 2.032248 33.046010 1.535665 0.587189
Car -1 -1 -10 301.000000 183.000000 337.000000 210.000000 1.494824 1.520013 3.732764 -17.040748 2.431291 40.460303 -1.919055 0.277424
Car -1 -1 -10 593.000000 174.000000 683.000000 205.000000 1.603993 1.677424 3.922734 1.001211 1.443444 36.251364 -1.506793 0.222777
Car -1 -1 -10 724.000000 135.000000 1234.000000 374.000000 1.618430 1.673713 4.162034 2.997896 1.302404 6.146288 -1.729848 0.099577
