Car -1 -1 -10 609.000000 180.000000 718.000000 263.000000 1.474318 1.576367 3.859304 1.361649 1.474987 16.068943 -1.628755 0.999670
Car -1 -1 -10 153.000000 192.000000 335.000000 292.000000 1.546467 1.616918 3.770412 -6.151102 1.611959 12.196152 -1.514238 0.999277
Car -1 -1 -10 501.000000 181.000000 549.000000 226.000000 1.492867 1.638143 3.849292 -3.215042 1.390511 27.823665 -1.689041 0.999030
Car -1 -1 -10 304.000000 188.000000 408.000000 250.000000 1.547823 1.587455 3.739791 -6.350480 1.608971 18.291396 -1.513584 0.996272
Car -1 -1 -10 418.000000 184.000000 456.000000 211.000000 1.523428 1.594936 3.748391 -9.170016 1.413211 38.661841 -1.723142 0.995706
Car -1 -1 -10 368.000000 184.000000 431.000000 227.000000 1.473689 1.579553 3.688025 -7.653098 1.567843 26.231857 -1.730147 0.988735
Car -1 -1 -10 54.000000 164.000000 244.000000 263.000000 1.692432 1.697205 3.967002 -10.942225 1.455921 16.568610 -1.534702 0.751396
Car -1 -1 -10 2.000000 207.000000 83.000000 375.000000 1.499829 1.568317 3.645663 -4.990290 1.979798 5.428971 1.466113 0.709194
Car -1 -1 -10 494.000000 184.000000 524.000000 216.000000 1.517570 1.626134 3.710414 -5.155386 1.498555 36.174347 -1.676305 0.539757
Car -1 -1 -10 264.000000 185.000000 336.000000 229.000000 1.480482 1.655367 3.582584 -10.587741 1.203478 27.404521 1.161179 0.401445
Car -1 -1 -10 2.000000 174.000000 73.000000 216.000000 1.555930 1.640078 3.749305 -9.742344 1.754090 10.722572 -2.333167 0.014379
