Pedestrian -1 -1 -10 285.000000 168.000000 342.000000 311.000000 1.703208 0.606658 0.757125 -3.534112 1.711399 8.941767 -1.911028 0.998639
Pedestrian -1 -1 -10 747.000000 163.000000 789.000000 255.000000 1.673786 0.607252 0.533990 2.990764 1.787408 13.253867 1.240820 0.992368
Pedestrian -1 -1 -10 826.000000 158.000000 856.000000 231.000000 1.658619 0.609193 0.660167 5.314446 1.240909 15.994991 -1.195441 0.697806
Pedestrian -1 -1 -10 483.000000 168.000000 502.000000 210.000000 1.651525 0.608870 0.683632 -4.728262 1.276721 31.673420 -1.669083 0.116548
Pedestrian -1 -1 -10 137.000000 160.000000 161.000000 255.000000 1.588272 0.600910 0.561778 -9.125917 1.639958 14.429610 -2.112992 0.077599
Pedestrian -1 -1 -10 531.000000 178.000000 548.000000 212.000000 1.603936 0.599464 0.605272 -2.668148 1.603031 31.419481 -1.634417 0.032987
Pedestrian -1 -1 -10 544.000000 178.000000 558.000000 211.000000 1.588897 0.604517 0.643141 -2.164982 1.684977 31.393933 -1.615375 0.019273
Pedestrian -1 -1 -10 752.000000 165.000000 777.000000 230.000000 1.843748 0.619146 0.685232 0.690463 1.860432 6.547709 1.869429 0.013742
Car -1 -1 -10 657.000000 166.000000 711.000000 214.000000 1.520862 1.576608 3.673470 3.281633 0.931596 27.961820 -1.524090 0.914230
Cyclist -1 -1 -10 745.000000 163.000000 791.000000 258.000000 1.685292 0.609886 0.543983 3.006899 1.746247 13.183759 1.250317 0.013166
Cyclist -1 -1 -10 657.000000 166.000000 710.000000 215.000000 1.786627 0.616392 1.723451 3.007906 1.300104 26.050566 1.147240 0.012435
