Pedestrian -1 -1 -10 826.000000 158.000000 898.000000 337.000000 1.706574 0.604298 0.775839 2.655897 1.673276 7.281704 -1.177788 0.998253
Pedestrian -1 -1 -10 1023.000000 142.000000 1163.000000 370.000000 1.710725 0.603510 0.778073 3.550591 1.614268 5.334663 -0.931073 0.995500
Pedestrian -1 -1 -10 91.000000 163.000000 191.000000 372.000000 1.678169 0.603939 0.758630 -3.866775 1.858386 6.093747 -2.090136 0.991297
Pedestrian -1 -1 -10 536.000000 172.000000 561.000000 244.000000 1.677966 0.597169 0.736303 -1.344021 1.682902 18.113987 0.463705 0.990040
Pedestrian -1 -1 -10 615.000000 173.000000 643.000000 240.000000 1.649779 0.618830 0.665607 0.632485 1.711210 19.668809 -1.497915 0.860985
Pedestrian -1 -1 -10 604.000000 176.000000 629.000000 238.000000 1.654738 0.606406 0.619647 0.710089 1.662981 20.110604 1.010287 0.571756
Pedestrian -1 -1 -10 802.000000 187.000000 836.000000 277.000000 1.570235 0.600831 0.560895 3.742522 1.914405 11.449224 -1.237370 0.203504
Pedestrian -1 -1 -10 127.000000 162.000000 195.000000 274.000000 1.732916 0.600113 0.774301 -7.170994 1.572368 12.189935 -2.059731 0.157961
Pedestrian -1 -1 -10 771.000000 186.000000 794.000000 241.000000 1.648959 0.592433 0.590444 5.330009 1.541523 19.366393 -1.314039 0.104870
Pedestrian -1 -1 -10 0.000000 177.000000 30.000000 313.000000 1.685204 0.600634 0.723278 -7.401550 1.944773 8.930260 -2.221086 0.032876
Pedestrian -1 -1 -10 817.000000 183.000000 867.000000 277.000000 1.600428 0.592151 0.622438 3.593016 1.885574 11.499963 -1.194440 0.015270
Car -1 -1 -10 373.000000 166.000000 515.000000 263.000000 1.676025 1.633436 3.858167 -3.353828 1.493311 15.851326 1.769024 0.992566
Car -1 -1 -10 452.000000 169.000000 541.000000 238.000000 1.486008 1.545192 3.675966 -2.613327 1.555015 22.033463 -1.235730 0.154606
