Car -1 -1 -10 857.000000 193.000000 1106.000000 274.000000 1.453494 1.667462 4.184737 6.605988 1.686247 13.564439 -2.226072 0.999612
Car -1 -1 -10 716.000000 183.000000 841.000000 230.000000 1.531606 1.721647 4.007230 5.452622 1.837757 25.522910 -0.242446 0.998381
Car -1 -1 -10 201.000000 179.000000 449.000000 264.000000 1.492026 1.529309 4.012511 -5.854414 1.696874 15.494795 -3.118180 0.997444
Car -1 -1 -10 -2.000000 185.000000 234.000000 341.000000 1.517493 1.641014 3.975310 -5.994141 1.599064 8.390807 -2.188186 0.995185
Car -1 -1 -10 50.000000 186.000000 367.000000 300.000000 1.482706 1.594034 3.883438 -5.672031 1.612307 10.619681 0.467493 0.995129
Car -1 -1 -10 638.000000 182.000000 672.000000 209.000000 1.463864 1.606834 3.847958 2.617158 2.118653 39.202106 -1.539722 0.984824
Car -1 -1 -10 813.000000 185.000000 999.000000 265.000000 1.505554 1.644870 4.063058 6.073928 1.707174 14.287046 1.493122 0.983860
Car -1 -1 -10 300.000000 177.000000 462.000000 237.000000 1.619562 1.595682 3.911802 -5.863589 1.541408 20.299605 -1.397734 0.979435
Car -1 -1 -10 409.000000 177.000000 522.000000 214.000000 1.482996 1.539892 3.888617 -6.285561 1.747087 34.469032 -2.946999 0.947176
Car -1 -1 -10 1067.000000 183.000000 1234.000000 371.000000 1.436750 1.566736 3.784142 5.257413 1.979292 5.708991 -0.918972 0.520580
Car -1 -1 -10 366.000000 179.000000 493.000000 225.000000 1.492520 1.628586 3.692795 -5.479968 1.836843 24.212605 1.846180 0.495661
