Car -1 -1 -10 709.000000 200.000000 947.000000 334.000000 1.441445 1.611543 3.933931 2.921137 1.742607 9.047933 1.360437 0.999660
Car -1 -1 -10 403.000000 190.000000 447.000000 223.000000 1.523839 1.590903 3.796113 -9.967768 2.633686 38.890841 1.464355 0.999262
Car -1 -1 -10 587.000000 189.000000 648.000000 235.000000 1.460412 1.558971 3.791646 0.327409 2.069622 24.598932 -1.639998 0.998812
Car -1 -1 -10 9.000000 215.000000 261.000000 362.000000 1.447199 1.577592 3.642235 -5.906332 2.153753 8.427741 1.475512 0.996562
Car -1 -1 -10 572.000000 188.000000 624.000000 224.000000 1.433983 1.539695 3.826248 -0.181931 2.054053 30.061561 -1.711834 0.994733
Car -1 -1 -10 1124.000000 171.000000 1243.000000 253.000000 1.466372 1.596310 3.794811 10.662787 1.529412 13.028515 2.220101 0.991669
Car -1 -1 -10 788.000000 171.000000 924.000000 222.000000 1.476383 1.674163 4.003528 8.553118 1.448377 25.002191 -1.807651 0.959945
Car -1 -1 -10 419.000000 189.000000 455.000000 218.000000 1.515032 1.555652 3.753646 -9.869508 2.642141 38.864794 1.440524 0.884080
Car -1 -1 -10 724.000000 179.000000 834.000000 212.000000 1.559143 1.696030 4.004302 7.260009 1.563288 31.265065 0.143223 0.771770
Car -1 -1 -10 1044.000000 209.000000 1250.000000 375.000000 1.512281 1.678823 3.635176 3.480415 1.700576 3.531689 -0.915371 0.697891
Car -1 -1 -10 2.000000 228.000000 118.000000 371.000000 1.510252 1.624682 3.745159 -5.377999 2.180615 5.814447 -2.158138 0.450351
Car -1 -1 -10 203.000000 195.000000 273.000000 221.000000 1.488883 1.597864 3.776404 -16.681548 2.192198 32.545393 1.667124 0.313009
