Pedestrian -1 -1 -10 775.000000 170.000000 790.000000 215.000000 1.875118 0.670149 0.891603 1.227914 2.404176 9.299482 1.849205 0.014033
Car -1 -1 -10 410.000000 183.000000 500.000000 241.000000 1.523708 1.590532 3.697979 -4.429983 1.972606 20.640857 1.785268 0.999630
Car -1 -1 -10 791.000000 180.000000 1004.000000 307.000000 1.510711 1.596179 3.919622 4.300142 1.690747 10.165477 -1.699716 0.998809
Car -1 -1 -10 747.000000 182.000000 864.000000 260.000000 1.452331 1.556582 3.916065 4.451894 1.705599 15.299951 -1.444883 0.997245
Car -1 -1 -10 718.000000 179.000000 796.000000 234.000000 1.420510 1.543338 3.806739 4.484780 1.665307 21.061582 -1.483388 0.997063
Car -1 -1 -10 462.000000 182.000000 530.000000 226.000000 1.513802 1.539936 3.664838 -4.036704 1.941120 26.632268 1.853801 0.994911
Car -1 -1 -10 695.000000 178.000000 754.000000 221.000000 1.426648 1.521860 3.773495 4.501705 1.672399 26.340565 -1.541057 0.981882
Car -1 -1 -10 937.000000 201.000000 1237.000000 376.000000 1.428801 1.608982 4.009415 4.124768 1.711949 4.316893 1.544737 0.961289
Car -1 -1 -10 498.000000 182.000000 545.000000 216.000000 1.469467 1.537719 3.755449 -3.962960 1.866105 31.040577 1.633321 0.943376
Car -1 -1 -10 689.000000 176.000000 731.000000 212.000000 1.417753 1.614507 3.778539 4.935409 1.830316 34.612693 1.631872 0.261213
Car -1 -1 -10 868.000000 172.000000 921.000000 200.000000 1.502958 1.609624 4.026110 12.698092 1.140331 31.094690 1.491927 0.180646
