Pedestrian -1 -1 -10 418.000000 177.000000 438.000000 231.000000 1.721759 0.586101 0.600048 -4.172023 1.780928 17.242447 -1.830369 0.957858
Pedestrian -1 -1 -10 401.000000 185.000000 417.000000 226.000000 1.645766 0.629499 0.519580 -7.284700 1.872890 25.901856 -1.819971 0.778508
Pedestrian -1 -1 -10 403.000000 182.000000 428.000000 234.000000 1.769333 0.583993 0.613010 -4.607784 1.810021 17.361476 -1.845196 0.051385
Pedestrian -1 -1 -10 388.000000 198.000000 474.000000 259.000000 1.487246 1.581510 3.713061 -4.247916 2.140168 17.583458 -1.704927 0.021455
Pedestrian -1 -1 -10 417.000000 182.000000 428.000000 227.000000 1.660663 0.594941 0.600412 -6.057098 1.752801 24.353896 -1.824496 0.017960
Car -1 -1 -10 708.000000 183.000000 860.000000 290.000000 1.475042 1.566917 3.861469 3.072384 1.691326 12.028607 -1.455028 0.999546
Car -1 -1 -10 387.000000 197.000000 477.000000 259.000000 1.561530 1.598019 3.724460 -4.531720 2.069368 18.312138 -1.338893 0.998944
Car -1 -1 -10 660.000000 183.000000 722.000000 234.000000 1.462650 1.560482 3.776397 2.706117 1.816301 22.476206 -1.516824 0.993533
Car -1 -1 -10 444.000000 182.000000 511.000000 233.000000 1.576623 1.635084 3.782679 -4.840750 1.995176 26.986079 -1.594857 0.991958
Car -1 -1 -10 636.000000 180.000000 670.000000 211.000000 1.476626 1.597001 3.777189 2.365235 1.802737 38.022079 -1.549830 0.939628
Car -1 -1 -10 496.000000 185.000000 532.000000 214.000000 1.534456 1.643860 3.878600 -5.548696 2.446746 40.939374 -1.679999 0.665705
Car -1 -1 -10 479.000000 184.000000 523.000000 219.000000 1.497968 1.654967 3.607699 -5.139100 2.730463 40.346998 1.420539 0.013587
Cyclist -1 -1 -10 397.000000 184.000000 420.000000 228.000000 1.607944 0.620828 0.533283 -7.008273 2.022490 25.300085 -1.812401 0.040842
Cyclist -1 -1 -10 413.000000 182.000000 439.000000 230.000000 1.650428 0.591717 0.626103 -6.045526 1.746492 24.419211 -1.819912 0.025774
Cyclist -1 -1 -10 733.000000 186.000000 769.000000 220.000000 1.694714 0.584074 0.609377 6.325584 1.986359 33.054690 -1.387868 0.022939
Cyclist -1 -1 -10 395.000000 190.000000 457.000000 242.000000 1.482207 1.608567 3.794058 -4.136154 1.934804 17.228313 -1.790002 0.011448
