Pedestrian -1 -1 -10 657.000000 162.000000 666.000000 190.000000 1.727302 0.608348 0.752676 3.819289 0.815035 46.455774 0.630413 0.775884
Pedestrian -1 -1 -10 590.000000 163.000000 600.000000 200.000000 1.668597 0.609076 0.753401 -0.092579 1.118801 36.168493 -1.525009 0.610693
Pedestrian -1 -1 -10 580.000000 162.000000 593.000000 199.000000 1.712012 0.604286 0.695966 -0.368890 1.169695 36.780099 0.544599 0.449895
Pedestrian -1 -1 -10 643.000000 163.000000 651.000000 189.000000 1.664753 0.607708 0.714641 3.702090 0.403667 56.411009 -1.477823 0.307318
Pedestrian -1 -1 -10 670.000000 163.000000 679.000000 191.000000 1.679929 0.620519 0.637878 4.860031 0.872429 47.391154 -1.404457 0.260393
Pedestrian -1 -1 -10 662.000000 161.000000 671.000000 189.000000 1.709863 0.620865 0.686929 4.618122 0.734555 51.337745 2.147238 0.152566
Pedestrian -1 -1 -10 939.000000 148.000000 968.000000 224.000000 1.613048 0.590664 0.651207 7.391804 0.909447 14.439879 -1.075139 0.120378
Pedestrian -1 -1 -10 1001.000000 150.000000 1048.000000 252.000000 1.624588 0.602798 0.644071 8.342033 0.878740 14.051269 -1.019889 0.080242
Pedestrian -1 -1 -10 1068.000000 146.000000 1108.000000 228.000000 1.674838 0.633859 0.675087 9.234819 1.105273 13.403269 1.618282 0.042535
Pedestrian -1 -1 -10 592.000000 163.000000 607.000000 196.000000 1.625068 0.613244 0.695296 -0.138804 0.935810 36.120183 -1.537348 0.030525
Pedestrian -1 -1 -10 636.000000 162.000000 646.000000 187.000000 1.594753 1.076996 3.119435 0.012474 2.778283 20.486701 1.502265 0.025893
Pedestrian -1 -1 -10 601.000000 163.000000 609.000000 193.000000 1.703570 0.594388 0.609216 0.476997 0.899479 45.789802 -1.572842 0.017307
Pedestrian -1 -1 -10 625.000000 165.000000 645.000000 192.000000 1.705118 0.587478 0.593422 1.463243 0.663902 29.483998 -1.534255 0.012300
Pedestrian -1 -1 -10 604.000000 171.000000 650.000000 209.000000 1.709581 0.626794 0.643509 0.772726 1.584879 27.733782 -1.518972 0.011308
Pedestrian -1 -1 -10 1202.000000 178.000000 1236.000000 341.000000 1.635707 0.596401 0.601960 1.232033 1.132608 1.404480 -0.880207 0.011017
Car -1 -1 -10 602.000000 170.000000 649.000000 209.000000 1.488825 1.584743 3.877533 0.987324 1.038242 29.018232 1.645981 0.999028
Cyclist -1 -1 -10 934.000000 151.000000 981.000000 228.000000 1.562343 0.595556 0.628448 7.523704 0.872548 14.386530 -1.088090 0.114322
Cyclist -1 -1 -10 999.000000 151.000000 1049.000000 253.000000 1.625439 0.595956 0.658046 8.379118 0.845615 14.108481 -1.019129 0.014255
