Car -1 -1 -10 354.000000 186.000000 454.000000 253.000000 1.544875 1.602552 3.723707 -5.087663 1.624000 17.992085 -1.687811 0.999357
Car -1 -1 -10 42.000000 184.000000 336.000000 357.000000 1.574949 1.664137 3.816112 -4.775766 1.610388 8.301922 -1.546023 0.999335
Car -1 -1 -10 709.000000 179.000000 903.000000 318.000000 1.505824 1.599830 4.037861 2.966088 1.484777 10.770117 -1.762688 0.999292
Car -1 -1 -10 559.000000 182.000000 601.000000 222.000000 1.513942 1.649092 3.852665 -1.159440 1.395068 30.825202 -1.601106 0.998314
Car -1 -1 -10 429.000000 188.000000 487.000000 233.000000 1.544425 1.594154 3.702447 -5.171389 1.600500 24.232392 -1.641862 0.994665
Car -1 -1 -10 0.000000 169.000000 201.000000 294.000000 1.558717 1.647185 3.874218 -9.021110 1.391517 12.444013 -2.158645 0.888522
Car -1 -1 -10 219.000000 170.000000 350.000000 240.000000 1.649254 1.622239 3.806916 -9.372657 1.279900 20.969410 -1.499768 0.881538
Car -1 -1 -10 450.000000 186.000000 496.000000 222.000000 1.507425 1.582790 3.675918 -5.723035 1.638675 31.312753 -1.710473 0.819464
Car -1 -1 -10 484.000000 184.000000 516.000000 209.000000 1.545879 1.634906 3.860182 -6.805182 1.618459 44.399239 -1.674720 0.781143
Car -1 -1 -10 549.000000 186.000000 574.000000 213.000000 1.509664 1.614117 3.684971 -2.571636 1.599449 39.402168 -1.593804 0.742987
Car -1 -1 -10 360.000000 186.000000 409.000000 223.000000 1.559844 1.621438 3.861213 -9.548928 1.361673 30.458134 -1.848735 0.729475
