Car -1 -1 -10 0.000000 189.000000 365.000000 309.000000 1.514176 1.564970 4.007888 -5.922822 1.654838 10.290987 -3.204250 0.999295
Car -1 -1 -10 699.000000 187.000000 804.000000 253.000000 1.436278 1.561380 3.890957 3.440161 1.885771 16.488349 1.384028 0.998812
Car -1 -1 -10 657.000000 174.000000 701.000000 211.000000 1.489271 1.602063 3.939460 3.523122 1.661299 35.667026 -1.549381 0.994280
Car -1 -1 -10 781.000000 194.000000 1236.000000 374.000000 1.470417 1.617898 4.021349 3.127066 1.542025 5.190973 1.556172 0.994069
Car -1 -1 -10 145.000000 177.000000 376.000000 263.000000 1.507907 1.633741 3.922280 -5.992706 1.492705 13.855561 0.583555 0.966116
Car -1 -1 -10 394.000000 179.000000 518.000000 223.000000 1.520119 1.582222 3.942154 -4.925823 1.781278 28.075552 0.899677 0.869072
Car -1 -1 -10 439.000000 176.000000 532.000000 213.000000 1.512251 1.555280 3.981946 -5.641744 1.600469 32.574485 1.933891 0.739268
Car -1 -1 -10 324.000000 181.000000 475.000000 239.000000 1.552930 1.628241 3.880288 -5.250585 1.564290 20.860308 -1.318237 0.612390
Car -1 -1 -10 474.000000 174.000000 550.000000 206.000000 1.525575 1.603560 3.949075 -5.122246 1.570716 41.476334 1.899414 0.304311
Cyclist -1 -1 -10 118.000000 185.000000 349.000000 266.000000 1.633240 0.577946 0.586002 -6.429944 1.483049 12.233757 -2.047793 0.020727
