Pedestrian -1 -1 -10 600.000000 155.000000 645.000000 241.000000 1.742815 0.605364 0.795358 0.449963 1.531352 15.721625 0.569850 0.995407
Pedestrian -1 -1 -10 75.000000 171.000000 122.000000 263.000000 1.697079 0.610700 0.761383 -10.437725 1.853308 14.665792 -2.160440 0.991106
Pedestrian -1 -1 -10 130.000000 178.000000 164.000000 255.000000 1.747610 0.586566 0.736109 -10.552476 1.973055 16.458136 -0.028440 0.936915
Pedestrian -1 -1 -10 157.000000 177.000000 185.000000 246.000000 1.753839 0.576225 0.712727 -10.747691 2.032459 17.233754 1.514882 0.645900
Pedestrian -1 -1 -10 400.000000 161.000000 426.000000 234.000000 1.730283 0.685818 0.770557 -2.490283 1.411516 7.112864 -1.883459 0.607728
Pedestrian -1 -1 -10 142.000000 178.000000 176.000000 249.000000 1.775162 0.569405 0.734503 -10.727713 1.982785 16.860282 0.007753 0.531254
Pedestrian -1 -1 -10 305.000000 163.000000 349.000000 246.000000 1.547965 1.241877 3.458037 -9.408482 3.637746 19.947721 1.079633 0.362972
Pedestrian -1 -1 -10 235.000000 168.000000 260.000000 238.000000 1.643288 0.607054 0.700976 -8.035763 1.497616 16.204458 -2.004480 0.273865
Pedestrian -1 -1 -10 901.000000 144.000000 936.000000 202.000000 1.696163 0.600813 0.573947 11.139633 0.635044 25.691244 -1.119038 0.173040
Pedestrian -1 -1 -10 329.000000 162.000000 351.000000 251.000000 1.726292 0.688083 0.767402 -3.726398 1.667414 7.935210 -1.979674 0.128577
Car -1 -1 -10 215.000000 181.000000 454.000000 329.000000 1.515371 1.625130 3.725699 -3.359846 1.534406 8.712657 -1.419460 0.998738
Car -1 -1 -10 1096.000000 153.000000 1216.000000 191.000000 1.498890 1.585796 3.715486 19.457489 0.458420 24.819168 -0.885084 0.081812
Car -1 -1 -10 292.000000 166.000000 360.000000 241.000000 1.485623 1.644593 3.577003 -17.925547 2.138380 43.883124 1.195846 0.057699
Car -1 -1 -10 236.000000 180.000000 390.000000 260.000000 1.496546 1.598758 4.110119 -6.649399 1.138959 16.233865 0.687366 0.055912
Cyclist -1 -1 -10 900.000000 146.000000 937.000000 203.000000 1.699611 0.622181 0.563982 11.132240 0.574211 25.655899 -1.132203 0.965369
Cyclist -1 -1 -10 1184.000000 134.000000 1223.000000 212.000000 1.607441 0.579227 0.599648 19.494445 0.869254 23.435530 -0.849601 0.797822
Cyclist -1 -1 -10 234.000000 166.000000 263.000000 239.000000 1.622351 0.599359 0.706148 -8.013206 1.468351 16.201331 -2.010388 0.727771
Cyclist -1 -1 -10 302.000000 163.000000 352.000000 245.000000 1.807019 0.592732 0.663375 -2.161089 1.382148 4.014840 1.267751 0.356069
Cyclist -1 -1 -10 398.000000 160.000000 427.000000 231.000000 1.715466 0.693738 0.804134 -2.757270 1.560209 7.574240 1.307982 0.293588
Cyclist -1 -1 -10 256.000000 171.000000 380.000000 250.000000 1.600218 0.579846 0.611480 -6.114292 1.098531 14.817469 -1.938168 0.071234
Cyclist -1 -1 -10 262.000000 185.000000 329.000000 239.000000 1.831454 0.595021 0.675104 -2.167431 1.334218 3.668295 1.232011 0.046430
