Car -1 -1 -10 648.000000 174.000000 798.000000 282.000000 1.511431 1.584475 3.964877 2.175486 1.549722 13.174945 -1.938543 0.999438
Car -1 -1 -10 548.000000 178.000000 610.000000 220.000000 1.476789 1.573813 3.872226 -0.894031 1.680505 27.849974 -1.694130 0.998117
Car -1 -1 -10 496.000000 174.000000 562.000000 201.000000 1.534942 1.710419 3.946910 -5.030916 1.692427 43.060725 -0.677975 0.975868
Car -1 -1 -10 604.000000 173.000000 677.000000 201.000000 1.505011 1.666289 3.907206 2.669094 1.733482 41.619894 1.039471 0.921195
Car -1 -1 -10 1143.000000 211.000000 1239.000000 375.000000 1.466108 1.661499 3.511929 2.724971 1.272723 4.353858 2.341651 0.648787
Car -1 -1 -10 658.000000 171.000000 730.000000 199.000000 1.535100 1.691826 3.858602 4.406750 1.420103 42.465197 2.320117 0.560901
Car -1 -1 -10 680.000000 171.000000 780.000000 206.000000 1.406080 1.661341 3.997954 6.700015 1.352626 44.978949 2.382988 0.366855
Car -1 -1 -10 590.000000 174.000000 628.000000 199.000000 1.484317 1.640313 3.687278 0.928423 1.586724 38.971745 -1.547003 0.018300
Car -1 -1 -10 627.000000 172.000000 701.000000 197.000000 1.526878 1.678639 3.817478 3.607895 1.472855 41.863529 2.222099 0.015426
Cyclist -1 -1 -10 356.000000 171.000000 409.000000 280.000000 1.648368 0.569320 0.701555 -3.979216 1.875833 12.606959 -1.828565 0.999296
