Pedestrian -1 -1 -10 449.000000 176.000000 471.000000 248.000000 1.714099 0.602214 0.742846 -3.486401 1.878739 17.570396 1.870204 0.993169
Pedestrian -1 -1 -10 819.000000 169.000000 870.000000 287.000000 1.697736 0.602772 0.758059 3.461567 1.716264 10.072988 -1.204087 0.973993
Pedestrian -1 -1 -10 488.000000 182.000000 502.000000 233.000000 1.685852 0.603597 0.727069 -3.449869 1.932378 22.938884 -1.682232 0.596027
Pedestrian -1 -1 -10 244.000000 187.000000 279.000000 278.000000 1.647144 0.598442 0.616427 -5.764783 1.868306 12.311209 0.590881 0.458547
Pedestrian -1 -1 -10 587.000000 179.000000 601.000000 220.000000 1.689510 0.601454 0.735145 -0.314108 1.854955 31.537037 -1.540543 0.327925
Pedestrian -1 -1 -10 425.000000 176.000000 440.000000 220.000000 1.641020 0.594895 0.628486 -5.506102 1.524308 22.851159 -1.746577 0.090813
Pedestrian -1 -1 -10 552.000000 180.000000 567.000000 220.000000 1.704553 0.601828 0.744239 -1.902191 1.874471 31.968192 -1.592011 0.040886
Pedestrian -1 -1 -10 627.000000 179.000000 637.000000 210.000000 1.681182 0.596642 0.759549 1.770981 1.779926 41.955293 -1.479650 0.036847
Pedestrian -1 -1 -10 640.000000 180.000000 649.000000 210.000000 1.631090 0.607573 0.668266 2.552628 1.750568 41.982742 -1.489031 0.031826
Pedestrian -1 -1 -10 397.000000 169.000000 412.000000 223.000000 1.696730 0.597038 0.714635 -5.762004 1.177684 21.054553 -1.797918 0.031734
Pedestrian -1 -1 -10 403.000000 173.000000 416.000000 220.000000 1.665967 0.600280 0.676641 -5.669889 1.295221 21.077447 -1.801644 0.023006
Cyclist -1 -1 -10 231.000000 190.000000 288.000000 279.000000 1.675040 0.555633 1.769952 -6.169575 1.835405 12.410122 -1.980538 0.094807
Cyclist -1 -1 -10 265.000000 197.000000 335.000000 264.000000 1.676166 0.541402 1.701414 -5.940800 2.084642 14.182344 -1.938011 0.018655
Cyclist -1 -1 -10 200.000000 198.000000 332.000000 276.000000 1.500417 1.571759 3.613109 -6.517384 1.771480 13.132365 -3.087912 0.014428
