Pedestrian -1 -1 -10 759.000000 183.000000 836.000000 375.000000 1.680562 0.598498 0.729839 1.472225 1.847931 5.418987 -1.260586 0.998049
Pedestrian -1 -1 -10 751.000000 156.000000 775.000000 220.000000 1.661996 0.613226 0.726782 5.963038 1.060635 26.954380 -1.314880 0.211435
Pedestrian -1 -1 -10 740.000000 162.000000 757.000000 211.000000 1.681176 0.623478 0.589329 6.095548 0.995320 29.708007 -1.342519 0.133668
Pedestrian -1 -1 -10 1019.000000 176.000000 1038.000000 217.000000 1.672807 0.697302 0.705010 4.927640 1.666031 9.869064 2.112349 0.065595
Pedestrian -1 -1 -10 748.000000 158.000000 764.000000 217.000000 1.625646 0.611520 0.713937 6.098216 1.060815 27.004247 -1.319017 0.023195
Car -1 -1 -10 988.000000 179.000000 1206.000000 274.000000 1.552882 1.627203 3.798456 8.594381 1.422837 12.821336 -0.948208 0.994192
Cyclist -1 -1 -10 1014.000000 178.000000 1044.000000 217.000000 1.541361 1.582595 3.645671 4.831723 1.502413 9.699631 2.112239 0.061651
Cyclist -1 -1 -10 1007.000000 177.000000 1078.000000 215.000000 1.671519 0.586474 0.631573 12.909358 1.079092 22.619659 -1.029326 0.048460
Cyclist -1 -1 -10 1024.000000 175.000000 1037.000000 217.000000 1.667068 0.697479 0.763385 5.077225 1.936145 10.386563 -1.078350 0.030527
Cyclist -1 -1 -10 1025.000000 178.000000 1060.000000 211.000000 1.528458 1.578741 3.718655 5.749534 1.566967 10.991627 2.131472 0.014988
Cyclist -1 -1 -10 1036.000000 180.000000 1086.000000 208.000000 1.535113 1.571593 3.714562 5.715199 1.634864 10.663335 2.137230 0.010278
