Car -1 -1 -10 579.000000 173.000000 653.000000 242.000000 1.504682 1.653758 3.871485 0.144618 1.327115 18.469852 -1.572216 0.999422
Car -1 -1 -10 352.000000 182.000000 470.000000 259.000000 1.577306 1.622960 3.722388 -4.386036 1.534324 16.019045 -1.372841 0.999263
Car -1 -1 -10 455.000000 183.000000 511.000000 221.000000 1.498242 1.578466 3.713279 -4.926221 1.335632 27.794131 -1.600319 0.996360
Car -1 -1 -10 166.000000 185.000000 324.000000 256.000000 1.582078 1.630117 3.747485 -8.708184 1.599490 17.563347 1.617062 0.992138
Car -1 -1 -10 492.000000 180.000000 537.000000 212.000000 1.477857 1.589786 3.766403 -4.702414 1.131925 35.668946 -1.656373 0.991881
Car -1 -1 -10 8.000000 174.000000 318.000000 378.000000 1.504994 1.608171 3.810994 -3.701229 1.537493 4.527180 1.635634 0.989494
Car -1 -1 -10 276.000000 182.000000 351.000000 218.000000 1.532080 1.620184 3.854853 -13.022612 1.449371 31.251733 -1.421380 0.618631
Car -1 -1 -10 254.000000 188.000000 303.000000 218.000000 1.578466 1.620429 3.559057 -6.162711 2.021214 10.797046 1.140647 0.014591
Car -1 -1 -10 64.000000 185.000000 317.000000 294.000000 1.429476 1.644650 3.530649 -2.281333 0.903198 3.253713 1.091950 0.012453
Car -1 -1 -10 587.000000 171.000000 641.000000 216.000000 1.495560 1.639918 3.582678 -0.692662 0.850976 30.137343 1.579797 0.010693
