Car -1 -1 -10 334.000000 182.000000 467.000000 263.000000 1.594401 1.615529 3.773095 -4.519701 1.559574 15.457695 -1.364064 0.999576
Car -1 -1 -10 582.000000 176.000000 663.000000 252.000000 1.475424 1.643169 3.793486 0.422179 1.370826 16.905860 -1.553574 0.999360
Car -1 -1 -10 0.000000 200.000000 311.000000 371.000000 1.531889 1.639354 3.747827 -4.753824 1.651964 7.110618 -1.564140 0.998926
Car -1 -1 -10 189.000000 182.000000 286.000000 229.000000 1.542796 1.643737 3.793078 -12.555160 1.247818 24.155483 1.573275 0.970798
Car -1 -1 -10 319.000000 183.000000 398.000000 224.000000 1.452655 1.475475 3.565893 -9.289340 1.172531 26.259330 1.152007 0.714089
Car -1 -1 -10 7.000000 177.000000 174.000000 237.000000 1.415070 1.598039 3.586527 -24.922183 1.644158 33.103083 0.999357 0.471246
Car -1 -1 -10 96.000000 188.000000 211.000000 245.000000 1.482842 1.575501 3.750912 -18.396083 1.346525 30.320928 1.491666 0.238028
Car -1 -1 -10 172.000000 175.000000 227.000000 201.000000 1.474064 1.632871 3.609008 -18.434307 1.327804 32.597705 1.057930 0.192926
Car -1 -1 -10 614.000000 169.000000 652.000000 216.000000 1.485034 1.642141 3.576475 2.274226 0.874946 37.560129 1.606866 0.114057
Car -1 -1 -10 385.000000 179.000000 428.000000 206.000000 1.599193 1.629647 3.506788 -3.418004 1.693514 9.088482 1.305702 0.060660
Car -1 -1 -10 42.000000 185.000000 235.000000 265.000000 1.497778 1.657308 3.610763 -12.992130 1.416322 23.242999 -2.140533 0.047793
Cyclist -1 -1 -10 70.000000 187.000000 217.000000 251.000000 1.640545 0.584660 0.642481 -17.813897 1.425947 29.273372 -2.135029 0.021639
Cyclist -1 -1 -10 190.000000 183.000000 287.000000 230.000000 1.519830 1.575740 3.720996 -12.279484 1.440655 23.543744 1.653234 0.016492
