Pedestrian -1 -1 -10 1200.000000 209.000000 1241.000000 323.000000 1.719118 0.662729 0.790079 7.137706 2.322084 10.153082 -0.910279 0.042953
Pedestrian -1 -1 -10 1222.000000 193.000000 1240.000000 334.000000 1.686784 0.688773 0.734541 7.018550 1.965186 9.631466 -0.921108 0.012655
Car -1 -1 -10 600.000000 180.000000 696.000000 255.000000 1.523668 1.588997 3.796466 1.015242 1.658986 16.920572 -1.595288 0.999646
Car -1 -1 -10 375.000000 180.000000 436.000000 229.000000 1.539365 1.623277 3.727377 -7.327201 1.817566 25.475576 -1.772041 0.999553
Car -1 -1 -10 551.000000 179.000000 611.000000 221.000000 1.443939 1.546451 3.757775 -0.789755 1.807100 27.464886 -1.675367 0.992081
Car -1 -1 -10 577.000000 178.000000 643.000000 230.000000 1.451360 1.552626 3.780001 0.188432 1.717114 23.141669 -1.672417 0.991442
Car -1 -1 -10 533.000000 179.000000 565.000000 205.000000 1.533890 1.617184 3.787320 -3.535110 1.726707 40.538454 -1.658577 0.989684
Car -1 -1 -10 -2.000000 141.000000 342.000000 374.000000 1.593290 1.613351 3.802582 -4.031280 1.571494 6.899946 1.100432 0.146683
Cyclist -1 -1 -10 1200.000000 213.000000 1241.000000 324.000000 1.849873 0.595818 0.699631 2.617050 1.586594 4.036765 2.339974 0.073247
Cyclist -1 -1 -10 1222.000000 204.000000 1242.000000 321.000000 1.811160 0.593314 0.671118 2.773520 1.465677 4.143192 2.349532 0.012339
