Car -1 -1 -10 663.000000 182.000000 726.000000 229.000000 1.452198 1.560733 3.725422 2.892271 1.743310 23.762699 -1.529347 0.998956
Car -1 -1 -10 851.000000 164.000000 1082.000000 234.000000 1.481491 1.627279 4.314136 8.458517 1.160758 17.643301 1.426005 0.998386
Car -1 -1 -10 102.000000 200.000000 384.000000 371.000000 1.499605 1.633240 3.701315 -3.958890 1.975965 8.122322 1.579475 0.996809
Car -1 -1 -10 392.000000 184.000000 478.000000 236.000000 1.510452 1.580285 3.779753 -6.319798 2.211741 26.113321 1.784290 0.992997
Car -1 -1 -10 473.000000 185.000000 512.000000 214.000000 1.568467 1.602338 3.730728 -6.904502 2.394269 37.488089 2.018703 0.984738
Car -1 -1 -10 280.000000 196.000000 400.000000 267.000000 1.531812 1.605552 3.818394 -6.515056 1.987530 17.782755 1.613572 0.879293
Car -1 -1 -10 824.000000 164.000000 981.000000 224.000000 1.488229 1.658297 3.849913 7.954522 1.262679 20.020781 -0.058999 0.351924
Car -1 -1 -10 769.000000 165.000000 911.000000 211.000000 1.493920 1.698615 3.987764 8.412609 0.971381 26.852549 2.958682 0.309852
Car -1 -1 -10 975.000000 155.000000 1083.000000 199.000000 1.499207 1.603388 4.054179 21.046406 0.898942 35.643501 -2.115232 0.186815
Car -1 -1 -10 1015.000000 152.000000 1133.000000 189.000000 1.605088 1.570008 3.778860 22.139507 0.816880 34.759084 0.092721 0.042752
Car -1 -1 -10 1127.000000 138.000000 1236.000000 188.000000 1.605795 1.639280 4.061500 21.360626 0.319386 26.659522 -0.981112 0.030207
Car -1 -1 -10 1103.000000 145.000000 1195.000000 190.000000 1.533315 1.514462 3.763712 21.510176 0.612668 27.542567 1.666148 0.027372
Car -1 -1 -10 266.000000 220.000000 376.000000 276.000000 1.529413 1.611657 3.810898 -8.269464 3.168799 16.506829 1.166485 0.025568
