Pedestrian -1 -1 -10 301.000000 182.000000 333.000000 272.000000 1.621893 0.597105 0.603009 -5.566129 1.681580 14.206115 -1.951298 0.981857
Pedestrian -1 -1 -10 260.000000 191.000000 294.000000 272.000000 1.592204 0.594134 0.563734 -6.658148 1.804794 14.632966 -1.971395 0.955675
Pedestrian -1 -1 -10 579.000000 178.000000 589.000000 203.000000 1.689049 0.604662 0.729071 -1.988523 2.500486 57.163730 -1.568270 0.026458
Pedestrian -1 -1 -10 267.000000 196.000000 327.000000 272.000000 1.734501 0.669575 0.790851 -5.205675 2.066781 9.558989 -2.018772 0.023574
Pedestrian -1 -1 -10 144.000000 205.000000 391.000000 356.000000 1.786594 0.623002 0.712190 -4.148771 2.190944 8.668719 1.608677 0.016148
Car -1 -1 -10 705.000000 183.000000 823.000000 273.000000 1.471764 1.555854 3.766225 2.903882 1.681063 13.715823 -1.424197 0.999606
Car -1 -1 -10 149.000000 211.000000 389.000000 352.000000 1.494408 1.607240 3.810034 -4.482907 1.959628 9.467941 -1.954180 0.998578
Car -1 -1 -10 477.000000 186.000000 525.000000 225.000000 1.516810 1.591933 3.706253 -4.889301 2.217841 32.490830 1.570044 0.998503
Car -1 -1 -10 378.000000 184.000000 486.000000 259.000000 1.628296 1.635888 3.815720 -4.499064 2.004844 18.368130 -1.352452 0.998436
Car -1 -1 -10 655.000000 178.000000 702.000000 220.000000 1.464688 1.578667 3.808974 2.832651 1.702105 29.193376 -1.543733 0.998033
Car -1 -1 -10 898.000000 193.000000 1255.000000 374.000000 1.457029 1.539731 3.755309 3.315991 1.554191 3.889209 1.594499 0.981605
Car -1 -1 -10 1047.000000 197.000000 1233.000000 332.000000 1.419001 1.612239 3.572950 1.560261 0.916423 2.721291 -0.934629 0.012918
Cyclist -1 -1 -10 256.000000 198.000000 300.000000 267.000000 1.766588 0.682675 0.906911 -5.140635 2.269813 8.799184 1.162862 0.120889
Cyclist -1 -1 -10 298.000000 189.000000 337.000000 269.000000 1.648123 0.577322 0.611475 -5.691078 1.594314 14.322929 -1.961654 0.026523
