Car -1 -1 -10 361.000000 184.000000 477.000000 255.000000 1.551233 1.587882 3.728333 -4.634104 1.989049 17.535489 1.750921 0.999543
Car -1 -1 -10 856.000000 182.000000 1206.000000 373.000000 1.480673 1.620175 4.058123 4.160650 1.617916 7.298905 -1.615508 0.999454
Car -1 -1 -10 434.000000 183.000000 511.000000 233.000000 1.461742 1.562481 3.738939 -4.198879 2.001009 23.001921 1.769637 0.998208
Car -1 -1 -10 538.000000 178.000000 571.000000 203.000000 1.535398 1.597632 3.811990 -3.267803 1.938865 44.587858 -1.592303 0.998167
Car -1 -1 -10 766.000000 186.000000 934.000000 285.000000 1.461111 1.583819 3.993907 4.296892 1.672410 12.021095 1.475589 0.997986
Car -1 -1 -10 728.000000 181.000000 823.000000 246.000000 1.430434 1.539405 3.845855 4.344021 1.700069 18.090409 -1.490841 0.993529
Car -1 -1 -10 701.000000 179.000000 771.000000 230.000000 1.448152 1.527141 3.823909 4.383288 1.761921 22.691873 -1.505509 0.992920
Car -1 -1 -10 479.000000 182.000000 534.000000 221.000000 1.468871 1.567774 3.665927 -4.054870 1.997462 28.251562 1.871569 0.983218
Car -1 -1 -10 691.000000 177.000000 736.000000 217.000000 1.431389 1.545488 3.641945 4.551160 1.868640 30.629449 -1.454472 0.957280
Car -1 -1 -10 1152.000000 176.000000 1241.000000 228.000000 1.540654 1.617503 3.662299 16.732632 1.446875 20.707964 -0.847552 0.205894
Car -1 -1 -10 687.000000 177.000000 718.000000 208.000000 1.419302 1.545141 3.563397 4.885753 1.766750 35.435877 -1.478461 0.134473
Car -1 -1 -10 985.000000 175.000000 1168.000000 230.000000 1.481991 1.599484 3.785514 16.525157 1.355855 26.302090 2.683924 0.055965
Cyclist -1 -1 -10 976.000000 176.000000 1086.000000 219.000000 1.635272 0.589416 0.583450 15.472054 1.683769 25.821500 -1.052046 0.048623
Cyclist -1 -1 -10 1020.000000 174.000000 1164.000000 243.000000 1.531822 1.566900 3.835520 12.499437 1.198243 19.049827 2.180186 0.024143
