Pedestrian -1 -1 -10 236.000000 168.000000 305.000000 345.000000 1.692084 0.607959 0.764858 -3.271933 1.764415 7.281148 -1.957669 0.998693
Pedestrian -1 -1 -10 799.000000 154.000000 859.000000 291.000000 1.613082 0.627216 0.677103 2.624386 1.501446 7.994561 -1.233949 0.992899
Pedestrian -1 -1 -10 870.000000 154.000000 900.000000 243.000000 1.639087 0.601659 0.702630 5.308582 1.295824 13.498465 -1.159013 0.989716
Pedestrian -1 -1 -10 487.000000 167.000000 508.000000 211.000000 1.635213 0.623986 0.657208 -4.241330 1.333119 29.465690 -1.677835 0.210763
Pedestrian -1 -1 -10 548.000000 176.000000 567.000000 212.000000 1.607062 0.609839 0.620280 -1.847559 1.533982 29.455930 -1.603621 0.112767
Pedestrian -1 -1 -10 4.000000 154.000000 48.000000 279.000000 1.812897 0.609133 0.667411 -3.838491 1.665243 3.778642 0.972670 0.099063
Pedestrian -1 -1 -10 538.000000 175.000000 557.000000 212.000000 1.607952 0.595980 0.626460 -2.001204 1.494028 29.107049 -1.610399 0.079234
Pedestrian -1 -1 -10 483.000000 163.000000 494.000000 207.000000 1.611391 0.585357 0.633308 -4.551719 1.217818 29.301191 -1.683106 0.012179
Car -1 -1 -10 671.000000 162.000000 733.000000 216.000000 1.500671 1.563642 3.709512 3.631844 0.851623 25.498868 -1.515123 0.985007
Cyclist -1 -1 -10 485.000000 168.000000 509.000000 211.000000 1.625596 0.612000 0.653777 -4.226594 1.280468 29.405705 -1.679635 0.034137
