Car -1 -1 -10 343.000000 194.000000 490.000000 283.000000 1.555738 1.592543 3.746633 -3.447873 1.680425 12.811191 1.738722 0.999690
Car -1 -1 -10 574.000000 180.000000 611.000000 213.000000 1.504079 1.607604 3.836033 -0.719322 1.328033 37.327514 -1.601307 0.999592
Car -1 -1 -10 192.000000 190.000000 335.000000 265.000000 1.579927 1.614864 3.763232 -7.709674 1.706297 15.969443 1.629111 0.999066
Car -1 -1 -10 454.000000 186.000000 511.000000 223.000000 1.492024 1.586470 3.767346 -4.996893 1.408644 28.389651 1.569589 0.997186
Car -1 -1 -10 162.000000 188.000000 264.000000 237.000000 1.432985 1.577137 3.685806 -12.830031 1.590251 23.450293 -2.014886 0.993663
Car -1 -1 -10 345.000000 186.000000 399.000000 232.000000 1.502187 1.620613 3.821783 -8.106942 1.471050 25.048475 -1.881592 0.935353
Car -1 -1 -10 265.000000 181.000000 341.000000 221.000000 1.593716 1.621996 3.866882 -13.058934 1.495194 30.165267 1.692192 0.611056
Car -1 -1 -10 391.000000 189.000000 443.000000 222.000000 1.495560 1.639917 3.582678 -13.270865 1.473417 50.397413 1.311886 0.410891
Car -1 -1 -10 0.000000 207.000000 48.000000 271.000000 1.519973 1.596615 3.700215 -12.317911 2.034554 14.197793 -2.204563 0.229129
Cyclist -1 -1 -10 388.000000 191.000000 445.000000 223.000000 1.714310 0.579925 0.632214 -8.244197 1.453377 32.171691 -1.843038 0.014151
