Pedestrian -1 -1 -10 1215.000000 161.000000 1242.000000 293.000000 1.617671 0.578346 0.575681 8.970418 2.007921 10.185111 -0.816878 0.015821
Pedestrian -1 -1 -10 37.000000 225.000000 125.000000 270.000000 1.631733 0.591602 0.576793 -11.955100 2.904763 17.401624 0.388617 0.012897
Car -1 -1 -10 376.000000 213.000000 677.000000 375.000000 1.478867 1.630797 3.894293 -0.572587 1.807438 7.924266 -1.687552 0.999726
Car -1 -1 -10 108.000000 216.000000 230.000000 291.000000 1.499583 1.589216 4.077840 -9.738895 2.623131 17.069812 0.507004 0.996986
Car -1 -1 -10 252.000000 221.000000 470.000000 338.000000 1.491346 1.532728 3.861032 -1.769930 2.106801 9.149202 0.658887 0.993116
Car -1 -1 -10 182.000000 221.000000 330.000000 306.000000 1.454890 1.509142 3.763224 -3.711300 2.392528 11.304564 0.533590 0.989955
Car -1 -1 -10 39.000000 224.000000 125.000000 271.000000 1.468794 1.564641 3.721579 -12.400414 2.634094 18.330264 -2.171230 0.971628
Car -1 -1 -10 72.000000 223.000000 170.000000 278.000000 1.457754 1.539148 3.809296 -11.318499 2.571628 17.933324 0.367802 0.908377
Car -1 -1 -10 26.000000 227.000000 93.000000 263.000000 1.547579 1.603264 3.416401 -9.937365 2.917789 10.965040 0.954742 0.279176
Car -1 -1 -10 7.000000 228.000000 69.000000 258.000000 1.492698 1.527237 3.816407 -15.676300 4.971846 17.237169 0.810198 0.066228
Cyclist -1 -1 -10 1219.000000 170.000000 1242.000000 278.000000 1.679033 0.594107 0.581727 8.941663 1.763647 10.277529 -0.864840 0.146361
