Car -1 -1 -10 542.000000 190.000000 752.000000 367.000000 1.479400 1.637858 3.833060 0.296783 1.621095 7.265168 -1.539127 0.999709
Car -1 -1 -10 397.000000 178.000000 493.000000 261.000000 1.578764 1.605814 3.715945 -3.649958 1.823499 14.669244 -1.629922 0.991550
Car -1 -1 -10 443.000000 163.000000 516.000000 230.000000 1.628989 1.605604 3.779729 -3.854553 1.533453 21.354958 -1.588431 0.985830
Car -1 -1 -10 576.000000 181.000000 651.000000 227.000000 1.489162 1.637421 3.571473 -0.680102 1.546087 19.050605 1.577096 0.825935
Car -1 -1 -10 569.000000 174.000000 659.000000 265.000000 1.446792 1.585726 3.757590 0.070090 1.313654 17.121700 1.538975 0.202240
Car -1 -1 -10 700.000000 179.000000 767.000000 222.000000 1.428603 1.533296 3.727166 4.381722 1.677946 24.107526 -1.443095 0.090073
Car -1 -1 -10 789.000000 0.000000 1232.000000 374.000000 1.594734 1.578793 3.983094 3.724135 1.368879 4.666419 1.491711 0.079414
Car -1 -1 -10 560.000000 181.000000 706.000000 308.000000 1.487674 1.626131 3.710447 0.293746 1.457920 6.608769 -1.521210 0.052531
Car -1 -1 -10 725.000000 187.000000 790.000000 231.000000 1.494214 1.565612 3.510281 3.961549 2.026050 23.335492 -1.328964 0.027010
Car -1 -1 -10 308.000000 168.000000 451.000000 273.000000 1.486989 1.581812 3.633083 -3.553529 1.680758 13.682681 -1.840309 0.024960
Car -1 -1 -10 399.000000 170.000000 454.000000 205.000000 1.472839 1.617038 3.683770 -13.651602 1.939071 54.769966 -1.811471 0.022400
Cyclist -1 -1 -10 572.000000 179.000000 664.000000 257.000000 1.460768 1.580670 3.862525 0.139007 1.425201 16.501948 -1.587528 0.052304
