Car -1 -1 -10 809.000000 193.000000 982.000000 274.000000 1.467619 1.632501 4.067005 5.775451 1.875592 15.114841 1.530414 0.993182
Car -1 -1 -10 635.000000 188.000000 672.000000 219.000000 1.473523 1.586998 3.915348 2.278081 2.277993 37.453556 1.500493 0.991184
Car -1 -1 -10 878.000000 186.000000 1243.000000 363.000000 1.431810 1.628703 4.023743 3.149460 1.615382 3.214231 1.552646 0.986261
Car -1 -1 -10 747.000000 191.000000 913.000000 253.000000 1.467531 1.526462 3.896337 5.865933 2.068202 19.826282 1.361755 0.986112
Car -1 -1 -10 240.000000 181.000000 445.000000 252.000000 1.556376 1.546875 3.973309 -6.618930 1.776954 19.315660 -3.072375 0.976441
Car -1 -1 -10 16.000000 189.000000 368.000000 301.000000 1.473601 1.575699 3.915681 -6.436471 1.806204 10.959408 -3.284138 0.968696
Car -1 -1 -10 873.000000 193.000000 1083.000000 298.000000 1.429002 1.623072 3.868340 5.230557 1.765013 8.709506 1.492069 0.957017
Car -1 -1 -10 0.000000 185.000000 216.000000 340.000000 1.500106 1.551536 3.765439 -5.840797 1.713305 7.715472 1.435390 0.931054
Car -1 -1 -10 727.000000 184.000000 851.000000 243.000000 1.499911 1.666282 4.102796 5.222852 1.929094 22.426989 1.400650 0.908045
Car -1 -1 -10 169.000000 189.000000 383.000000 276.000000 1.488697 1.591255 3.821887 -5.950026 1.744880 12.956083 0.580052 0.844854
Car -1 -1 -10 393.000000 188.000000 509.000000 224.000000 1.495589 1.565591 3.926819 -6.611876 1.979568 32.748674 1.905493 0.262266
Car -1 -1 -10 309.000000 182.000000 496.000000 239.000000 1.547756 1.584828 4.011733 -6.189608 1.918032 23.228658 -2.989569 0.087410
Cyclist -1 -1 -10 530.000000 185.000000 549.000000 224.000000 1.601556 0.592703 0.702766 -2.909890 2.385807 32.122682 -1.637214 0.766025
