Car -1 -1 -10 715.000000 177.000000 849.000000 271.000000 1.481721 1.571261 3.847381 3.146660 1.523258 13.094745 -1.468557 0.999656
Car -1 -1 -10 893.000000 148.000000 1160.000000 229.000000 1.581625 1.679197 3.996624 8.889110 1.155400 15.744625 3.660754 0.993123
Car -1 -1 -10 431.000000 181.000000 495.000000 222.000000 1.469696 1.589633 3.872291 -6.146735 2.042247 28.865706 1.486260 0.992791
Car -1 -1 -10 293.000000 182.000000 424.000000 260.000000 1.621486 1.576421 3.737978 -6.123129 1.930722 17.205995 -1.403710 0.935360
Car -1 -1 -10 0.000000 215.000000 177.000000 372.000000 1.505865 1.631445 3.761582 -6.253065 1.945946 7.297860 1.563194 0.869770
Car -1 -1 -10 463.000000 181.000000 510.000000 214.000000 1.459769 1.548597 3.757514 -5.963411 1.919047 33.969818 1.801550 0.661673
Car -1 -1 -10 729.000000 161.000000 820.000000 201.000000 1.563033 1.649437 4.022650 9.175723 1.220196 41.535086 1.218999 0.472191
Car -1 -1 -10 924.000000 150.000000 1001.000000 179.000000 1.465889 1.579422 3.955331 22.287694 0.537720 44.900941 1.527806 0.112188
Car -1 -1 -10 1055.000000 142.000000 1242.000000 273.000000 1.462441 1.596480 3.845324 7.890304 1.208896 9.846389 -0.868763 0.105678
Car -1 -1 -10 483.000000 181.000000 521.000000 208.000000 1.426708 1.544583 3.721516 -5.982284 1.951128 37.726188 1.850350 0.076930
Car -1 -1 -10 230.000000 192.000000 377.000000 274.000000 1.492697 1.616768 3.786516 -6.332518 2.042977 15.079555 1.711580 0.040638
Car -1 -1 -10 712.000000 162.000000 790.000000 193.000000 1.452422 1.618626 3.957273 9.083688 1.131720 42.463439 1.663504 0.030831
Car -1 -1 -10 1097.000000 134.000000 1240.000000 216.000000 1.518752 1.655083 3.729581 21.084351 0.540328 26.790562 1.679251 0.028981
