Car -1 -1 -10 744.000000 183.000000 1098.000000 374.000000 1.430282 1.625252 4.047142 2.880598 1.622595 6.917565 1.526116 0.999837
Car -1 -1 -10 746.000000 176.000000 848.000000 221.000000 1.483926 1.629244 3.957127 6.152946 1.301195 25.402335 1.385493 0.996956
Car -1 -1 -10 290.000000 167.000000 473.000000 225.000000 1.466997 1.636738 3.868694 -5.543179 1.209593 21.932547 0.812594 0.992589
Car -1 -1 -10 690.000000 173.000000 756.000000 204.000000 1.505155 1.594461 3.912272 5.291632 1.517616 36.904745 -1.450306 0.988727
Car -1 -1 -10 363.000000 166.000000 511.000000 215.000000 1.456536 1.559729 3.989862 -5.576219 1.311654 26.590477 0.763173 0.980594
Car -1 -1 -10 -20.000000 170.000000 347.000000 309.000000 1.507315 1.620909 4.030359 -5.552270 1.458987 9.479790 0.419556 0.933753
Car -1 -1 -10 819.000000 177.000000 1105.000000 290.000000 1.499632 1.672638 3.950505 6.239947 1.530028 12.363153 1.461378 0.796273
Car -1 -1 -10 447.000000 165.000000 535.000000 200.000000 1.494358 1.621580 3.713282 -5.126307 1.401364 35.556970 -1.687781 0.281270
Car -1 -1 -10 160.000000 166.000000 414.000000 259.000000 1.526366 1.609271 3.311764 -4.392991 1.829667 7.322790 1.241876 0.154845
Car -1 -1 -10 2.000000 166.000000 67.000000 341.000000 1.512007 1.588929 3.602990 -6.049309 1.518133 6.952864 -2.187548 0.061560
Cyclist -1 -1 -10 760.000000 179.000000 865.000000 225.000000 1.456706 1.560978 3.805319 5.988304 1.506898 24.133391 1.354728 0.019424
