Pedestrian -1 -1 -10 790.000000 168.000000 823.000000 248.000000 1.696824 0.607105 0.742215 4.298432 1.783160 15.362925 -1.258551 0.989730
Pedestrian -1 -1 -10 787.000000 172.000000 811.000000 228.000000 1.612111 0.600494 0.659553 4.274787 1.661441 15.371948 -1.284408 0.030401
Car -1 -1 -10 345.000000 190.000000 433.000000 248.000000 1.429267 1.566840 3.833607 -5.815155 1.972721 19.445988 0.850244 0.999631
Car -1 -1 -10 52.000000 194.000000 350.000000 374.000000 1.481865 1.615788 3.736082 -4.019212 1.876297 7.563227 1.520255 0.998319
Car -1 -1 -10 486.000000 178.000000 577.000000 211.000000 1.440024 1.694882 4.064750 -3.885242 2.023425 36.542161 2.533506 0.988110
Car -1 -1 -10 152.000000 184.000000 267.000000 229.000000 1.491275 1.641642 4.033205 -16.093391 1.966893 28.773469 -3.121116 0.985566
Car -1 -1 -10 618.000000 177.000000 708.000000 205.000000 1.531929 1.706995 4.044368 3.145832 1.754006 39.837045 -0.465606 0.961477
Car -1 -1 -10 229.000000 177.000000 329.000000 220.000000 1.471486 1.520064 3.626747 -15.724493 1.913146 32.536684 1.586560 0.113364
Car -1 -1 -10 218.000000 194.000000 341.000000 292.000000 1.423248 1.562651 3.662760 -3.875552 1.646520 7.791167 1.626436 0.014614
Cyclist -1 -1 -10 787.000000 168.000000 823.000000 250.000000 1.669799 0.593846 0.749899 4.289443 1.740374 15.355600 -1.266117 0.022461
Cyclist -1 -1 -10 221.000000 183.000000 330.000000 226.000000 1.522789 1.590186 3.857542 -14.626941 2.097058 28.999907 1.191880 0.017505
Cyclist -1 -1 -10 218.000000 197.000000 334.000000 251.000000 1.663204 0.582268 0.623512 -8.905645 1.962876 19.368985 -2.009387 0.014688
Cyclist -1 -1 -10 153.000000 182.000000 269.000000 223.000000 1.475797 1.647075 3.918260 -15.651192 1.975204 28.273378 0.473545 0.013346
Cyclist -1 -1 -10 61.000000 199.000000 109.000000 254.000000 1.704616 0.604044 0.646872 -11.490066 2.264534 15.191737 1.465616 0.011986
