Car -1 -1 -10 484.000000 188.000000 614.000000 263.000000 1.446183 1.585792 3.976724 -1.173863 1.713994 15.333078 -2.121416 0.999539
Car -1 -1 -10 381.000000 181.000000 439.000000 221.000000 1.452164 1.586526 3.846842 -8.037311 1.706004 28.967684 -1.921950 0.998766
Car -1 -1 -10 188.000000 184.000000 234.000000 215.000000 1.547512 1.564730 3.872785 -22.201949 2.417109 39.729167 -2.037174 0.997025
Car -1 -1 -10 1056.000000 156.000000 1241.000000 239.000000 1.442359 1.580872 3.831041 10.280055 0.925112 14.040166 1.771192 0.995525
Car -1 -1 -10 367.000000 180.000000 414.000000 212.000000 1.444535 1.567161 3.731259 -10.233137 1.691653 33.866826 -1.913791 0.982038
Car -1 -1 -10 -1.000000 203.000000 125.000000 305.000000 1.444076 1.551442 3.738634 -9.262632 2.091071 11.803074 1.034542 0.923627
Car -1 -1 -10 546.000000 165.000000 652.000000 204.000000 1.446445 1.657847 4.035367 -0.408068 1.205278 31.926185 -0.525613 0.825236
Car -1 -1 -10 626.000000 142.000000 1024.000000 361.000000 1.655030 1.705523 4.224545 2.129904 1.362551 7.913088 -1.906662 0.609805
Car -1 -1 -10 875.000000 157.000000 1039.000000 233.000000 1.473193 1.607317 3.708025 8.249810 0.749281 16.376599 -1.099962 0.454116
Car -1 -1 -10 507.000000 173.000000 590.000000 204.000000 1.470136 1.633078 4.098366 -3.031204 1.249767 36.692810 0.876369 0.124171
Car -1 -1 -10 996.000000 157.000000 1134.000000 214.000000 1.450946 1.595511 3.839852 15.143147 1.062848 23.144897 -0.982089 0.100973
Car -1 -1 -10 205.000000 184.000000 243.000000 210.000000 1.518715 1.470320 3.652268 -22.340251 2.433376 40.374595 1.134175 0.081578
Car -1 -1 -10 774.000000 149.000000 1014.000000 302.000000 1.556641 1.612628 3.849230 2.616072 1.290170 7.219330 -1.167330 0.031387
Car -1 -1 -10 1132.000000 143.000000 1241.000000 215.000000 1.462137 1.619297 3.988372 16.534334 0.199325 20.255347 1.729374 0.028673
