Car -1 -1 -10 380.000000 181.000000 486.000000 248.000000 1.537244 1.608680 3.751274 -4.483783 1.428512 18.392706 -1.400180 0.999426
Car -1 -1 -10 574.000000 174.000000 659.000000 254.000000 1.491540 1.661096 3.822208 0.245190 1.395870 16.455479 -1.548216 0.999340
Car -1 -1 -10 158.000000 191.000000 378.000000 316.000000 1.563013 1.654869 3.749402 -4.754838 1.636289 10.136029 -1.477640 0.998971
Car -1 -1 -10 114.000000 184.000000 278.000000 267.000000 1.538297 1.708341 3.861806 -8.452724 1.458098 14.885472 -1.472241 0.992204
Car -1 -1 -10 240.000000 183.000000 305.000000 222.000000 1.495560 1.639917 3.582678 -18.456395 1.386568 37.179394 1.135150 0.439288
Car -1 -1 -10 2.000000 178.000000 102.000000 259.000000 1.492720 1.597517 3.770305 -12.995659 1.642093 15.897553 -2.220455 0.315226
Car -1 -1 -10 354.000000 182.000000 416.000000 218.000000 1.436333 1.635478 3.873919 -10.920787 1.298224 33.229431 -1.905622 0.303708
Car -1 -1 -10 611.000000 170.000000 647.000000 212.000000 1.513328 1.631203 3.756264 1.104201 1.105233 36.080288 -1.467883 0.129531
Car -1 -1 -10 195.000000 186.000000 300.000000 231.000000 1.493463 1.556003 3.625580 -18.794953 1.299807 34.996001 1.624447 0.039020
Car -1 -1 -10 597.000000 173.000000 654.000000 227.000000 1.509296 1.626181 3.765915 1.112060 1.117128 36.037632 -1.472209 0.037454
Car -1 -1 -10 217.000000 185.000000 276.000000 220.000000 1.460619 1.603635 3.740898 -18.432478 1.426691 35.994513 -2.017257 0.022789
