Car -1 -1 -10 717.000000 180.000000 833.000000 257.000000 1.439183 1.569409 3.889171 3.693139 1.717818 15.677435 1.352710 0.999098
Car -1 -1 -10 831.000000 178.000000 1256.000000 375.000000 1.463279 1.616101 4.083049 3.491064 1.503200 5.000253 1.543738 0.998050
Car -1 -1 -10 369.000000 184.000000 465.000000 241.000000 1.548721 1.580007 3.714998 -5.660937 2.038580 20.651415 1.745223 0.997891
Car -1 -1 -10 115.000000 195.000000 354.000000 306.000000 1.523335 1.633837 3.744933 -5.877378 1.973710 11.892057 1.603354 0.994876
Car -1 -1 -10 684.000000 178.000000 765.000000 233.000000 1.438433 1.530610 3.723379 3.570332 1.815143 20.870458 -1.477801 0.990307
Car -1 -1 -10 664.000000 177.000000 714.000000 215.000000 1.427968 1.569955 3.830717 3.592701 1.586666 29.623056 -1.548499 0.944530
Car -1 -1 -10 1.000000 208.000000 191.000000 370.000000 1.520376 1.634669 3.730634 -5.693822 1.935723 6.824416 1.582027 0.925042
Car -1 -1 -10 471.000000 176.000000 517.000000 209.000000 1.465401 1.539338 3.819728 -6.087557 1.988010 35.235327 1.921207 0.806285
Car -1 -1 -10 104.000000 186.000000 254.000000 227.000000 1.423424 1.578988 3.846547 -14.855429 1.714263 25.617173 0.984017 0.061815
Cyclist -1 -1 -10 222.000000 182.000000 281.000000 221.000000 1.420583 1.572785 3.739659 -15.056717 1.659147 31.398489 -2.021222 0.031660
