Pedestrian -1 -1 -10 905.000000 186.000000 980.000000 368.000000 1.690864 0.599520 0.697871 2.731513 1.902672 5.826651 -1.092210 0.985491
Pedestrian -1 -1 -10 863.000000 187.000000 1069.000000 363.000000 1.710971 0.600803 0.723746 3.252874 1.833209 5.429395 1.025891 0.106726
Pedestrian -1 -1 -10 783.000000 190.000000 956.000000 291.000000 1.447589 1.687397 3.860404 3.955896 1.841273 11.618046 1.439375 0.021897
Car -1 -1 -10 554.000000 177.000000 596.000000 209.000000 1.499101 1.588213 3.857697 -1.828136 1.770035 36.337844 1.571714 0.996259
Car -1 -1 -10 776.000000 188.000000 948.000000 293.000000 1.452974 1.574648 3.906328 4.387681 1.790865 12.113063 1.468022 0.995731
Car -1 -1 -10 729.000000 187.000000 819.000000 251.000000 1.445235 1.526980 3.793740 4.404784 1.983914 18.981017 -1.469914 0.992587
Car -1 -1 -10 717.000000 183.000000 779.000000 237.000000 1.400416 1.548453 3.715604 4.376601 1.878580 20.669416 -1.461698 0.957678
Car -1 -1 -10 3.000000 205.000000 333.000000 375.000000 1.453588 1.603652 3.713829 -2.929909 1.697420 4.024938 1.607120 0.945178
Car -1 -1 -10 424.000000 161.000000 547.000000 274.000000 1.581721 1.609592 3.858841 -2.517785 1.599296 14.806016 -1.675072 0.921917
Car -1 -1 -10 700.000000 180.000000 747.000000 222.000000 1.460631 1.556105 3.739069 4.985823 1.995402 31.265053 -1.499008 0.798317
Car -1 -1 -10 919.000000 187.000000 1246.000000 374.000000 1.497679 1.623362 4.014045 4.148871 1.457476 5.807562 -0.970606 0.695843
Car -1 -1 -10 690.000000 180.000000 729.000000 215.000000 1.445618 1.515666 3.748532 4.913893 1.957673 31.886856 1.155503 0.618456
Car -1 -1 -10 875.000000 191.000000 1054.000000 359.000000 1.477316 1.544930 3.780588 3.831997 1.621678 6.408225 -1.067530 0.384270
Car -1 -1 -10 497.000000 179.000000 560.000000 242.000000 1.471981 1.560046 3.696538 -2.397573 1.877177 19.717106 -1.581063 0.329878
Car -1 -1 -10 679.000000 179.000000 714.000000 208.000000 1.444135 1.525504 3.607304 4.815959 1.878325 34.960745 -1.492870 0.088554
Car -1 -1 -10 574.000000 177.000000 603.000000 202.000000 1.495692 1.553021 3.721466 -1.641919 1.678257 36.525620 1.590675 0.078845
Cyclist -1 -1 -10 881.000000 189.000000 1009.000000 365.000000 1.724268 0.532502 1.745350 2.869196 1.830507 5.725514 -1.118017 0.029680
