Car -1 -1 -10 635.000000 184.000000 671.000000 213.000000 1.509884 1.623254 3.924527 2.369155 2.129723 38.317831 1.552066 0.997328
Car -1 -1 -10 847.000000 179.000000 1242.000000 363.000000 1.458264 1.624205 4.079160 3.100987 1.549213 4.369617 1.608622 0.994173
Car -1 -1 -10 736.000000 186.000000 882.000000 242.000000 1.488336 1.619998 3.962341 5.408213 1.914627 22.234242 1.387898 0.991858
Car -1 -1 -10 797.000000 188.000000 957.000000 263.000000 1.448594 1.668270 4.108382 5.764192 1.737165 15.600112 1.537383 0.986086
Car -1 -1 -10 -7.000000 188.000000 268.000000 310.000000 1.502275 1.565836 3.820308 -6.186663 1.635311 9.023861 1.474372 0.978837
Car -1 -1 -10 237.000000 179.000000 446.000000 249.000000 1.619757 1.611807 3.881570 -6.728400 1.731734 19.763111 -3.051392 0.938759
Car -1 -1 -10 133.000000 188.000000 390.000000 273.000000 1.510840 1.564472 3.764645 -5.716831 1.734762 13.261992 1.608852 0.900427
Car -1 -1 -10 847.000000 188.000000 1011.000000 279.000000 1.436760 1.588986 4.070252 5.801409 1.707034 11.626298 1.503671 0.640197
Car -1 -1 -10 402.000000 184.000000 515.000000 220.000000 1.503039 1.583775 3.938281 -6.513343 1.793595 33.485200 1.902955 0.532560
Car -1 -1 -10 722.000000 178.000000 826.000000 232.000000 1.489507 1.634516 3.985904 5.099379 1.719729 23.951510 1.351883 0.295667
Car -1 -1 -10 855.000000 183.000000 1119.000000 302.000000 1.468493 1.627729 4.014119 5.673874 1.455429 10.568320 1.579336 0.281050
Cyclist -1 -1 -10 533.000000 180.000000 553.000000 217.000000 1.620275 0.587206 0.716195 -2.932205 2.214106 33.487971 -1.627118 0.226556
