Car -1 -1 -10 452.000000 189.000000 583.000000 264.000000 1.495459 1.609338 3.919729 -2.003836 1.780584 15.755539 -2.200037 0.999540
Car -1 -1 -10 351.000000 183.000000 407.000000 222.000000 1.436692 1.573625 3.864115 -9.307537 1.838222 29.032915 -1.961212 0.999123
Car -1 -1 -10 150.000000 185.000000 198.000000 217.000000 1.514727 1.587530 3.901106 -23.945404 2.426153 39.307682 1.089615 0.998331
Car -1 -1 -10 999.000000 162.000000 1166.000000 238.000000 1.430926 1.622269 3.857780 9.588011 1.043263 14.945622 1.675515 0.997171
Car -1 -1 -10 335.000000 182.000000 385.000000 215.000000 1.454520 1.574505 3.910560 -10.972311 2.026006 32.712790 0.764569 0.966639
Car -1 -1 -10 520.000000 168.000000 620.000000 208.000000 1.478526 1.655639 3.991745 -1.706403 1.326824 32.374381 -2.709213 0.878012
Car -1 -1 -10 -1.000000 202.000000 100.000000 302.000000 1.477907 1.545024 3.699054 -9.770351 2.119929 12.023872 1.045581 0.850307
Car -1 -1 -10 816.000000 160.000000 983.000000 236.000000 1.440326 1.617081 3.966879 7.334000 0.718539 17.801489 1.484501 0.763382
Car -1 -1 -10 590.000000 149.000000 945.000000 349.000000 1.654133 1.697205 4.228000 1.699834 1.385465 8.545255 -1.969153 0.372592
Car -1 -1 -10 171.000000 185.000000 208.000000 212.000000 1.492225 1.511468 3.716555 -23.904519 2.501792 39.503905 1.090816 0.327061
Car -1 -1 -10 475.000000 176.000000 559.000000 205.000000 1.581319 1.663947 3.989701 -5.505590 1.516789 37.974811 -1.676768 0.224438
Car -1 -1 -10 1094.000000 149.000000 1241.000000 219.000000 1.555112 1.691553 4.078116 16.105663 0.188897 20.806279 1.733964 0.164267
Car -1 -1 -10 0.000000 209.000000 60.000000 342.000000 1.462751 1.624471 3.672540 -7.596725 2.178824 8.408990 -2.182379 0.087683
Car -1 -1 -10 949.000000 164.000000 1058.000000 215.000000 1.484443 1.618747 3.905923 13.933878 1.023501 24.721338 1.527552 0.061312
