Pedestrian -1 -1 -10 32.000000 168.000000 170.000000 372.000000 1.660902 0.605544 0.715973 -3.179215 1.667320 4.707455 -2.144211 0.997069
Pedestrian -1 -1 -10 940.000000 155.000000 986.000000 271.000000 1.687560 0.607962 0.731186 5.389378 1.507501 10.731589 -1.069716 0.871708
Pedestrian -1 -1 -10 952.000000 149.000000 1077.000000 366.000000 1.661323 0.608648 0.720897 2.562629 1.617920 4.315395 -1.018395 0.870696
Pedestrian -1 -1 -10 476.000000 174.000000 496.000000 225.000000 1.621662 0.626004 0.629583 -4.114411 1.752438 26.457130 -1.682039 0.654577
Pedestrian -1 -1 -10 458.000000 166.000000 477.000000 228.000000 1.730637 0.572929 0.724205 -4.753729 1.960504 24.798522 1.866147 0.112453
Pedestrian -1 -1 -10 7.000000 165.000000 99.000000 359.000000 1.622814 0.605725 0.676084 -3.218501 1.626857 4.733121 -2.191925 0.078302
Pedestrian -1 -1 -10 22.000000 166.000000 61.000000 306.000000 1.801393 0.602692 0.650488 -2.860791 1.351715 2.959301 -2.257810 0.068300
Pedestrian -1 -1 -10 952.000000 158.000000 1025.000000 299.000000 1.612439 0.595492 0.636118 2.643983 1.376955 4.320433 -1.055787 0.034441
Pedestrian -1 -1 -10 544.000000 184.000000 564.000000 225.000000 1.614985 0.602190 0.628323 -1.886402 1.867124 26.097257 -1.596842 0.025126
Pedestrian -1 -1 -10 529.000000 186.000000 545.000000 225.000000 1.628197 0.582982 0.668482 -2.258523 1.868933 25.749704 -1.616101 0.010091
Car -1 -1 -10 681.000000 168.000000 760.000000 232.000000 1.566960 1.545950 3.844167 3.687653 1.321067 22.078193 -1.536264 0.909296
Cyclist -1 -1 -10 947.000000 145.000000 1087.000000 377.000000 1.657876 0.600679 0.739671 2.563462 1.604809 4.315850 -1.019809 0.964361
Cyclist -1 -1 -10 474.000000 175.000000 498.000000 224.000000 1.609234 0.646945 0.612190 -4.072281 1.709996 26.413686 -1.697861 0.113219
Cyclist -1 -1 -10 956.000000 155.000000 1024.000000 313.000000 1.612595 0.591171 0.650048 2.596445 1.411759 4.289988 -1.057671 0.051880
Cyclist -1 -1 -10 680.000000 168.000000 762.000000 231.000000 1.732893 0.566625 1.782841 3.556000 1.429399 20.954370 -1.869555 0.041257
Cyclist -1 -1 -10 718.000000 188.000000 773.000000 244.000000 1.705676 0.544000 1.695458 3.082892 1.861860 16.433243 -1.365824 0.017417
Cyclist -1 -1 -10 942.000000 157.000000 997.000000 275.000000 1.659724 0.593912 0.740605 5.388774 1.454729 10.733101 -1.069640 0.015519
