Car -1 -1 -10 262.000000 183.000000 450.000000 299.000000 1.582011 1.630861 3.734026 -3.876005 1.552670 11.035021 -1.408817 0.999662
Car -1 -1 -10 706.000000 186.000000 823.000000 271.000000 1.435679 1.563590 3.852594 3.221411 1.463030 14.010572 -1.475950 0.999604
Car -1 -1 -10 30.000000 176.000000 250.000000 279.000000 1.616946 1.669700 3.799031 -8.326354 1.578916 12.880804 -1.577533 0.999509
Car -1 -1 -10 653.000000 180.000000 712.000000 222.000000 1.451067 1.585931 3.829383 2.902177 1.133162 26.647274 -1.558943 0.999444
Car -1 -1 -10 441.000000 179.000000 514.000000 234.000000 1.551984 1.613599 3.750525 -4.068141 1.340565 21.905691 -1.634966 0.998668
Car -1 -1 -10 481.000000 180.000000 534.000000 219.000000 1.515955 1.605560 3.696434 -4.202209 1.238145 29.524658 -1.592558 0.956237
Car -1 -1 -10 382.000000 180.000000 442.000000 222.000000 1.524440 1.570266 3.857318 -8.579605 1.223049 30.979419 1.705357 0.533806
Car -1 -1 -10 436.000000 178.000000 485.000000 217.000000 1.463292 1.648908 3.588752 -7.687448 1.654255 33.259040 -1.772467 0.123762
Car -1 -1 -10 280.000000 182.000000 368.000000 234.000000 1.465378 1.479567 3.835726 -8.983686 1.084129 23.136778 1.073852 0.083892
Car -1 -1 -10 502.000000 179.000000 539.000000 206.000000 1.493846 1.604137 3.745606 -4.947090 1.088155 40.161562 -1.653633 0.051192
