Pedestrian -1 -1 -10 813.000000 172.000000 836.000000 220.000000 1.572698 0.609766 0.637953 11.089945 1.609196 34.936972 1.274381 0.115028
Pedestrian -1 -1 -10 822.000000 171.000000 842.000000 221.000000 1.574471 0.616854 0.636608 11.167630 1.589104 34.531492 1.286243 0.029464
Pedestrian -1 -1 -10 807.000000 177.000000 827.000000 221.000000 1.511054 1.468513 3.663881 4.328852 2.719575 19.429464 1.854213 0.012757
Car -1 -1 -10 490.000000 180.000000 536.000000 215.000000 1.515956 1.592581 3.741340 -4.329810 1.846955 32.872875 1.603217 0.999315
Car -1 -1 -10 857.000000 188.000000 1249.000000 373.000000 1.467101 1.616693 3.995791 3.939222 1.589967 6.288092 1.583254 0.999256
Car -1 -1 -10 198.000000 193.000000 401.000000 304.000000 1.521458 1.603075 3.727021 -4.814567 1.923648 11.452510 1.631017 0.999167
Car -1 -1 -10 345.000000 187.000000 464.000000 258.000000 1.522236 1.549177 3.682107 -4.736623 1.946163 16.962914 1.787313 0.999111
Car -1 -1 -10 752.000000 185.000000 945.000000 289.000000 1.449163 1.617924 3.992708 3.860633 1.671202 11.174705 1.461610 0.997410
Car -1 -1 -10 721.000000 180.000000 827.000000 252.000000 1.447399 1.539936 3.854133 4.047864 1.700725 16.362633 -1.484332 0.993857
Car -1 -1 -10 704.000000 179.000000 776.000000 231.000000 1.384720 1.534140 3.723440 4.240283 1.706517 22.984652 -1.527088 0.981456
Car -1 -1 -10 4.000000 196.000000 247.000000 375.000000 1.488885 1.600429 3.718601 -4.787055 1.873470 6.232104 1.552193 0.977868
Car -1 -1 -10 513.000000 178.000000 555.000000 208.000000 1.454134 1.538900 3.750565 -4.062469 1.884002 36.460409 1.869211 0.943363
Car -1 -1 -10 687.000000 178.000000 741.000000 219.000000 1.440666 1.512411 3.651537 4.529635 1.793883 27.687969 -1.537727 0.886208
Car -1 -1 -10 1120.000000 176.000000 1233.000000 233.000000 1.468662 1.536337 3.723059 15.398299 1.673523 20.720303 2.782912 0.201572
Car -1 -1 -10 942.000000 175.000000 1016.000000 216.000000 1.445087 1.577460 3.828842 13.094908 1.321350 25.554818 1.518403 0.094390
Cyclist -1 -1 -10 936.000000 179.000000 1023.000000 225.000000 1.493779 1.517105 3.683137 12.115693 1.421388 24.514388 2.565161 0.224705
Cyclist -1 -1 -10 809.000000 175.000000 836.000000 216.000000 1.569383 0.606307 0.582264 10.968547 1.768152 34.947747 1.315388 0.079996
