Car -1 -1 -10 743.000000 179.000000 901.000000 282.000000 1.470212 1.588475 3.865414 3.588024 1.659361 12.295259 1.394935 0.999663
Car -1 -1 -10 310.000000 187.000000 441.000000 257.000000 1.542787 1.598735 3.716602 -5.724644 2.003427 17.649634 1.740296 0.999068
Car -1 -1 -10 0.000000 205.000000 272.000000 367.000000 1.514643 1.660296 3.731981 -5.921346 2.009265 8.633294 1.507803 0.995156
Car -1 -1 -10 695.000000 179.000000 790.000000 245.000000 1.430550 1.555472 3.900188 3.755645 1.744899 17.799814 -1.507280 0.993703
Car -1 -1 -10 670.000000 177.000000 726.000000 220.000000 1.437748 1.578346 3.864684 3.427389 1.525741 26.473862 -1.554701 0.975533
Car -1 -1 -10 458.000000 178.000000 508.000000 214.000000 1.464669 1.548262 3.699494 -5.700970 1.861787 32.610522 1.559628 0.873266
Car -1 -1 -10 1009.000000 127.000000 1239.000000 375.000000 1.490012 1.600285 3.708230 3.386603 1.791191 3.118089 1.624312 0.810598
Car -1 -1 -10 30.000000 188.000000 184.000000 248.000000 1.416761 1.512349 3.753804 -15.430260 1.881598 21.563236 1.506275 0.728214
Car -1 -1 -10 0.000000 194.000000 81.000000 243.000000 1.494137 1.551066 3.720219 -14.388014 1.637453 18.145492 -2.218955 0.138356
Cyclist -1 -1 -10 33.000000 187.000000 191.000000 252.000000 1.452508 1.511773 3.622547 -14.641140 1.892822 19.590615 1.513309 0.011207
