Pedestrian -1 -1 -10 620.000000 167.000000 649.000000 233.000000 1.660034 0.600353 0.709975 0.775583 1.664805 18.409064 -1.490387 0.990590
Pedestrian -1 -1 -10 56.000000 157.000000 151.000000 336.000000 1.858529 0.607232 0.718538 -2.043303 1.365820 2.347720 -2.192167 0.986406
Pedestrian -1 -1 -10 331.000000 157.000000 368.000000 263.000000 1.721599 0.596813 0.745632 -4.692162 1.490644 12.868484 0.197338 0.956426
Pedestrian -1 -1 -10 558.000000 167.000000 580.000000 226.000000 1.684259 0.597523 0.743638 -1.063916 1.551841 21.755078 -1.564284 0.954574
Pedestrian -1 -1 -10 495.000000 172.000000 532.000000 238.000000 1.696361 0.599308 0.755758 -2.110205 1.605531 17.272314 -1.650640 0.603841
Pedestrian -1 -1 -10 19.000000 164.000000 209.000000 362.000000 1.637646 0.621868 0.618805 -3.151830 1.660614 4.942768 0.461653 0.082165
Pedestrian -1 -1 -10 647.000000 163.000000 662.000000 203.000000 1.727420 0.579301 0.723630 2.617046 1.369964 36.175267 0.619053 0.035001
Pedestrian -1 -1 -10 47.000000 174.000000 96.000000 283.000000 1.854856 0.621401 0.697264 -3.618423 1.618657 3.846418 1.004173 0.019930
Pedestrian -1 -1 -10 613.000000 165.000000 630.000000 214.000000 1.755092 0.583898 0.607819 1.172902 0.991821 25.424302 -1.553493 0.015067
Car -1 -1 -10 832.000000 210.000000 958.000000 276.000000 1.427954 1.640028 3.544091 1.204854 0.920243 4.022519 2.024589 0.011754
Cyclist -1 -1 -10 492.000000 173.000000 536.000000 236.000000 1.645031 0.595311 0.690519 -2.194003 1.605052 17.650203 -1.652364 0.881540
