Pedestrian -1 -1 -10 918.000000 148.000000 929.000000 181.000000 1.660910 0.597796 0.567538 15.441347 0.267766 35.119895 -1.165396 0.088182
Car -1 -1 -10 827.000000 160.000000 1147.000000 361.000000 1.508196 1.551564 4.041984 3.273455 1.397316 4.798623 1.525443 0.975327
Car -1 -1 -10 845.000000 156.000000 963.000000 220.000000 1.574453 1.619723 3.814180 11.023218 0.647286 27.778269 -1.170961 0.810426
Car -1 -1 -10 905.000000 150.000000 1000.000000 201.000000 1.557337 1.561733 3.744341 14.672259 0.677715 31.393194 -0.630929 0.182564
Car -1 -1 -10 838.000000 156.000000 1016.000000 271.000000 1.530616 1.583659 3.854700 5.574327 1.042253 13.729330 2.031259 0.032750
Car -1 -1 -10 982.000000 156.000000 1108.000000 205.000000 1.591723 1.619668 3.388390 2.944249 1.324957 6.005646 2.159105 0.030205
Car -1 -1 -10 915.000000 152.000000 944.000000 206.000000 1.479899 1.551534 3.758449 14.219754 0.504633 31.635761 1.991006 0.024979
Car -1 -1 -10 949.000000 136.000000 1230.000000 365.000000 1.464051 1.527549 3.849106 3.091743 1.194965 3.488622 1.566218 0.021164
Car -1 -1 -10 967.000000 149.000000 1161.000000 222.000000 1.430189 1.625883 3.580575 1.203525 0.911459 2.653469 -0.995351 0.011439
Cyclist -1 -1 -10 844.000000 155.000000 964.000000 231.000000 1.520369 1.548686 3.799172 4.680418 2.056555 14.637318 1.947571 0.068676
