Pedestrian -1 -1 -10 920.000000 169.000000 968.000000 284.000000 1.653595 0.591051 0.718403 4.789074 1.744875 10.157518 -1.079611 0.993310
Pedestrian -1 -1 -10 289.000000 193.000000 383.000000 371.000000 1.673201 0.597506 0.739197 -2.317540 1.955961 6.248824 -1.884156 0.990902
Pedestrian -1 -1 -10 583.000000 177.000000 605.000000 246.000000 1.694275 0.612342 0.754021 -0.155847 1.796536 18.334662 -1.544582 0.984420
Pedestrian -1 -1 -10 455.000000 181.000000 499.000000 285.000000 1.667902 0.601568 0.752185 -1.813773 1.930137 11.721478 -1.688821 0.878662
Pedestrian -1 -1 -10 535.000000 176.000000 556.000000 239.000000 1.681762 0.605162 0.738969 -1.605463 1.808316 21.146198 0.461850 0.705025
Pedestrian -1 -1 -10 556.000000 175.000000 577.000000 230.000000 1.709156 0.611775 0.776958 -1.092066 1.777747 24.029554 -1.577185 0.386346
Pedestrian -1 -1 -10 280.000000 186.000000 330.000000 293.000000 1.627083 0.598196 0.636022 -3.370323 1.582914 8.494808 -1.943448 0.297163
Pedestrian -1 -1 -10 599.000000 176.000000 615.000000 222.000000 1.646207 0.606538 0.700935 0.319294 1.737194 29.412953 -1.529705 0.249151
Pedestrian -1 -1 -10 593.000000 177.000000 610.000000 230.000000 1.660293 0.610986 0.698698 -0.108084 1.654036 18.357805 -1.544322 0.247725
Pedestrian -1 -1 -10 607.000000 177.000000 621.000000 220.000000 1.736498 0.578207 0.718358 0.395005 1.814465 29.906918 0.574220 0.167696
Pedestrian -1 -1 -10 622.000000 177.000000 637.000000 221.000000 1.620454 0.627832 0.626139 1.290890 1.725792 30.218506 -1.487606 0.154678
Pedestrian -1 -1 -10 687.000000 169.000000 729.000000 250.000000 1.662337 0.630363 0.757864 2.552979 1.732367 16.485735 0.660953 0.035113
Pedestrian -1 -1 -10 246.000000 191.000000 361.000000 288.000000 1.682392 0.594397 0.601483 -4.403107 2.187861 10.633682 -1.965899 0.015064
Cyclist -1 -1 -10 683.000000 170.000000 737.000000 252.000000 1.677387 0.637414 0.718407 2.506925 1.672941 16.409104 1.241397 0.820159
Cyclist -1 -1 -10 450.000000 182.000000 497.000000 288.000000 1.663750 0.606809 0.747216 -1.749288 1.884847 11.820180 -1.706095 0.691048
Cyclist -1 -1 -10 236.000000 197.000000 393.000000 289.000000 1.676601 0.580815 0.587377 -3.967514 2.005534 12.043621 -1.953786 0.650708
Cyclist -1 -1 -10 265.000000 193.000000 335.000000 285.000000 1.658029 0.582086 0.581377 -4.499879 2.150313 10.829167 -1.964536 0.549817
Cyclist -1 -1 -10 289.000000 197.000000 383.000000 365.000000 1.660406 0.583237 0.740541 -2.332538 1.884855 6.229075 -1.890804 0.298326
Cyclist -1 -1 -10 822.000000 189.000000 909.000000 348.000000 1.689771 0.609150 0.684825 2.516028 1.944578 7.602962 -1.203083 0.044309
