Car -1 -1 -10 283.000000 191.000000 419.000000 268.000000 1.555636 1.599300 3.723887 -5.814319 2.092802 16.198335 1.685274 0.999575
Car -1 -1 -10 369.000000 187.000000 459.000000 242.000000 1.477171 1.558487 3.724498 -5.623930 2.010054 21.515195 1.657994 0.997654
Car -1 -1 -10 792.000000 153.000000 908.000000 195.000000 1.507308 1.643322 3.881815 9.877521 0.701146 30.626114 -0.202228 0.994310
Car -1 -1 -10 419.000000 185.000000 487.000000 229.000000 1.465389 1.555249 3.767388 -5.831872 1.956920 26.098124 1.742392 0.982976
Car -1 -1 -10 458.000000 183.000000 509.000000 217.000000 1.477331 1.571531 3.701703 -5.490384 2.122912 31.964136 1.824083 0.911367
Car -1 -1 -10 664.000000 173.000000 706.000000 203.000000 1.457757 1.474932 3.517450 3.482601 1.894306 34.549387 -1.479965 0.844523
Car -1 -1 -10 491.000000 181.000000 533.000000 209.000000 1.499465 1.577735 3.757311 -5.299885 2.162948 39.389987 1.583581 0.562673
Car -1 -1 -10 1.000000 231.000000 116.000000 373.000000 1.509297 1.590625 3.700956 -5.611679 2.179986 6.292263 -2.170000 0.487720
Car -1 -1 -10 1117.000000 132.000000 1243.000000 176.000000 1.496457 1.674676 4.109321 22.490830 0.345371 28.533376 1.603748 0.459634
Car -1 -1 -10 1061.000000 142.000000 1165.000000 174.000000 1.570535 1.636505 4.300707 22.808489 -0.020182 32.694999 1.688149 0.388075
Car -1 -1 -10 742.000000 160.000000 846.000000 192.000000 1.452733 1.609376 3.918802 9.072645 1.067454 33.469698 1.291855 0.149962
Cyclist -1 -1 -10 0.000000 227.000000 120.000000 372.000000 1.635309 0.568644 0.698139 -5.056492 2.293098 5.930069 -2.189145 0.010458
