Pedestrian -1 -1 -10 346.000000 181.000000 358.000000 211.000000 1.664257 0.580485 0.720888 -15.737225 2.088998 43.853108 -1.873241 0.266448
Pedestrian -1 -1 -10 359.000000 179.000000 368.000000 206.000000 1.607060 0.616369 0.648398 -15.314987 2.060163 44.966617 -1.865616 0.093040
Pedestrian -1 -1 -10 487.000000 171.000000 496.000000 202.000000 1.705749 0.641316 0.501272 -6.008294 2.043499 37.256829 -1.717033 0.048286
Pedestrian -1 -1 -10 549.000000 168.000000 560.000000 202.000000 1.748138 0.611517 0.801255 -2.960960 1.370700 40.294123 0.461035 0.044629
Pedestrian -1 -1 -10 349.000000 179.000000 363.000000 210.000000 1.666989 0.588824 0.707131 -15.704094 2.058106 43.961558 -1.870819 0.018783
Car -1 -1 -10 507.000000 175.000000 547.000000 208.000000 1.449584 1.617116 3.769272 -3.806844 1.292072 34.522693 -1.661017 0.998149
Car -1 -1 -10 998.000000 139.000000 1160.000000 194.000000 1.486566 1.618174 3.669150 17.699694 -0.100660 29.551852 -0.968884 0.992407
Car -1 -1 -10 899.000000 151.000000 971.000000 177.000000 1.547877 1.592035 3.644027 14.738747 0.402293 32.417868 -1.114306 0.293612
Cyclist -1 -1 -10 609.000000 165.000000 645.000000 198.000000 1.691595 0.592199 1.699526 1.331009 1.123641 42.785064 -1.534098 0.995959
Cyclist -1 -1 -10 368.000000 176.000000 394.000000 218.000000 1.696447 0.561496 0.737964 -10.459178 1.855946 32.267673 -1.835030 0.983716
Cyclist -1 -1 -10 669.000000 163.000000 706.000000 195.000000 1.722012 0.584569 1.627690 4.789417 0.983928 40.041594 -1.462456 0.284673
Cyclist -1 -1 -10 675.000000 163.000000 692.000000 193.000000 1.651002 0.598744 0.662362 4.625032 0.968026 39.334803 -1.419812 0.012386
