Car -1 -1 -10 707.000000 187.000000 817.000000 271.000000 1.457940 1.577703 3.852776 3.202349 1.732907 14.631993 -1.478911 0.999388
Car -1 -1 -10 46.000000 193.000000 348.000000 298.000000 1.448385 1.619764 3.984074 -6.004838 1.716895 10.757571 0.413118 0.999096
Car -1 -1 -10 747.000000 175.000000 934.000000 241.000000 1.538692 1.694617 4.170191 6.440634 1.695329 20.051569 -2.407637 0.996917
Car -1 -1 -10 136.000000 183.000000 424.000000 269.000000 1.437982 1.500044 3.869929 -5.955321 1.622452 13.862120 1.681729 0.991045
Car -1 -1 -10 388.000000 179.000000 484.000000 225.000000 1.511412 1.584438 3.775546 -5.487160 1.634403 24.142927 1.459817 0.959259
Car -1 -1 -10 636.000000 178.000000 665.000000 203.000000 1.591833 1.577262 3.812684 2.821801 2.167411 47.744457 -1.501274 0.956271
Car -1 -1 -10 269.000000 181.000000 449.000000 252.000000 1.517824 1.600580 3.980039 -5.996514 1.677691 17.810679 0.635075 0.943077
Car -1 -1 -10 699.000000 179.000000 773.000000 217.000000 1.485669 1.656723 4.086477 5.482433 1.805772 33.097275 1.698526 0.733951
Car -1 -1 -10 -1.000000 201.000000 149.000000 355.000000 1.484641 1.603963 3.774946 -6.320055 1.769510 7.384010 -2.213983 0.703236
Car -1 -1 -10 419.000000 177.000000 517.000000 218.000000 1.514843 1.548118 3.794352 -5.857064 1.840819 30.749159 -1.306628 0.481702
Car -1 -1 -10 707.000000 181.000000 814.000000 229.000000 1.496442 1.533228 3.880531 5.742098 1.667388 25.252786 1.327715 0.386290
Car -1 -1 -10 453.000000 179.000000 539.000000 212.000000 1.433687 1.606256 3.809186 -5.591629 2.078601 41.200475 0.925424 0.288300
