Pedestrian -1 -1 -10 746.000000 156.000000 761.000000 210.000000 1.603427 0.599489 0.585682 5.853154 0.921945 29.383308 -1.354396 0.401024
Pedestrian -1 -1 -10 726.000000 152.000000 744.000000 209.000000 1.630970 0.601781 0.585564 5.285970 0.882897 29.457749 -1.401093 0.281804
Pedestrian -1 -1 -10 714.000000 166.000000 744.000000 216.000000 1.661936 0.596211 0.572430 5.362811 1.076523 29.359387 -1.416816 0.022442
Pedestrian -1 -1 -10 738.000000 162.000000 769.000000 209.000000 1.614713 0.581457 0.621546 5.801108 0.965063 29.413097 -1.321149 0.010201
Car -1 -1 -10 795.000000 178.000000 1160.000000 363.000000 1.486564 1.634352 4.058550 3.441451 1.480393 7.167697 1.478356 0.998936
Car -1 -1 -10 380.000000 177.000000 460.000000 231.000000 1.536601 1.584037 3.710652 -5.782255 1.809953 22.040559 1.733629 0.998485
Car -1 -1 -10 703.000000 171.000000 810.000000 246.000000 1.511746 1.589485 3.757280 3.288828 1.425956 15.988960 -1.471879 0.997221
Car -1 -1 -10 0.000000 199.000000 257.000000 375.000000 1.500049 1.623911 3.693749 -5.712723 1.876159 7.756611 -1.596287 0.981695
Car -1 -1 -10 680.000000 171.000000 753.000000 220.000000 1.414228 1.522489 3.765555 3.585542 1.418459 21.652389 -1.570099 0.953595
Car -1 -1 -10 425.000000 176.000000 489.000000 219.000000 1.504108 1.555347 3.670430 -5.712022 1.776796 27.791730 -1.662344 0.936541
Car -1 -1 -10 1116.000000 195.000000 1241.000000 375.000000 1.421407 1.564605 3.588105 3.561022 1.651463 3.858616 -0.875965 0.607956
Car -1 -1 -10 678.000000 172.000000 723.000000 209.000000 1.460753 1.518276 3.661532 3.202674 1.453733 29.735175 1.621595 0.336616
Car -1 -1 -10 82.000000 178.000000 217.000000 226.000000 1.453853 1.595756 3.797655 -14.414685 1.505086 23.722018 0.490331 0.049938
Cyclist -1 -1 -10 741.000000 159.000000 762.000000 207.000000 1.718625 0.493813 1.677375 5.786554 0.924586 29.512955 -1.340637 0.038262
Cyclist -1 -1 -10 722.000000 161.000000 751.000000 205.000000 1.649992 0.608033 0.618354 5.445152 0.891943 29.323219 -1.406182 0.018461
