Car -1 -1 -10 679.000000 175.000000 857.000000 298.000000 1.458280 1.601097 3.973086 2.574553 1.599246 11.121020 1.375399 0.999182
Car -1 -1 -10 181.000000 197.000000 457.000000 370.000000 1.484352 1.605482 3.718240 -2.969593 1.781032 7.796873 1.683265 0.999128
Car -1 -1 -10 123.000000 185.000000 364.000000 260.000000 1.482336 1.605788 3.953958 -7.509883 1.561311 15.152046 -0.974359 0.931162
Car -1 -1 -10 295.000000 182.000000 438.000000 245.000000 1.450913 1.606691 3.936451 -6.605681 1.395006 20.264225 0.712441 0.925682
Car -1 -1 -10 396.000000 179.000000 501.000000 216.000000 1.467279 1.561489 3.940299 -6.649420 1.554193 30.242787 1.862049 0.843075
Car -1 -1 -10 350.000000 181.000000 480.000000 225.000000 1.475001 1.605930 3.965183 -7.039003 1.578082 26.888094 0.790978 0.378135
Car -1 -1 -10 245.000000 187.000000 346.000000 246.000000 1.474572 1.459810 3.541816 -7.989761 1.693717 18.034901 1.088446 0.314345
Car -1 -1 -10 434.000000 177.000000 514.000000 208.000000 1.487599 1.555211 3.893553 -6.740072 1.783887 36.962532 1.922809 0.060686
Car -1 -1 -10 226.000000 184.000000 450.000000 276.000000 1.440885 1.567179 3.778657 -6.191974 1.579491 15.010811 -1.912905 0.057291
Cyclist -1 -1 -10 302.000000 184.000000 442.000000 257.000000 1.478989 1.580430 3.940046 -6.508339 1.553100 19.113321 0.722444 0.022903
