Car -1 -1 -10 270.000000 183.000000 454.000000 296.000000 1.587271 1.622826 3.726222 -3.829314 1.575653 11.276379 -1.411572 0.999660
Car -1 -1 -10 712.000000 186.000000 839.000000 279.000000 1.449639 1.573639 3.843153 3.139347 1.435603 12.820596 -1.453059 0.999528
Car -1 -1 -10 114.000000 175.000000 293.000000 266.000000 1.602817 1.663036 3.815983 -8.367885 1.506940 14.838949 -1.522002 0.999405
Car -1 -1 -10 448.000000 179.000000 516.000000 233.000000 1.568327 1.628006 3.769407 -4.026736 1.370069 22.500474 -1.647443 0.999194
Car -1 -1 -10 658.000000 179.000000 722.000000 225.000000 1.448864 1.581985 3.801442 3.022226 1.198598 24.739643 -1.538887 0.998673
Car -1 -1 -10 487.000000 179.000000 532.000000 218.000000 1.487315 1.622185 3.736420 -4.242550 1.237586 30.035530 -1.617761 0.935874
Car -1 -1 -10 387.000000 179.000000 445.000000 221.000000 1.513895 1.578685 3.862419 -8.539297 1.278551 31.255577 1.691192 0.647905
Car -1 -1 -10 298.000000 182.000000 382.000000 232.000000 1.468891 1.596793 3.796344 -12.023567 1.077459 29.739299 1.744208 0.171864
Car -1 -1 -10 504.000000 180.000000 540.000000 207.000000 1.518669 1.592056 3.708892 -4.775778 1.055837 40.578398 -1.676086 0.088795
Car -1 -1 -10 438.000000 180.000000 487.000000 216.000000 1.474017 1.639286 3.593331 -7.701542 1.662778 33.554338 -1.765857 0.073813
Car -1 -1 -10 321.000000 183.000000 378.000000 209.000000 1.436019 1.565216 3.918398 -12.684600 0.884414 36.750938 0.701067 0.011387
