Pedestrian -1 -1 -10 512.000000 169.000000 534.000000 232.000000 1.680220 0.596968 0.725581 -2.150531 1.563032 19.107206 -1.642815 0.996836
Pedestrian -1 -1 -10 282.000000 163.000000 333.000000 296.000000 1.696675 0.616663 0.735995 -5.048179 1.508355 11.561388 0.131303 0.992127
Pedestrian -1 -1 -10 649.000000 169.000000 672.000000 224.000000 1.638182 0.600740 0.708511 1.803963 1.512280 21.457134 -1.454727 0.981125
Pedestrian -1 -1 -10 1105.000000 148.000000 1208.000000 366.000000 1.719114 0.590408 0.601459 1.226625 1.170846 1.772258 -0.940977 0.961816
Pedestrian -1 -1 -10 383.000000 161.000000 412.000000 247.000000 1.618171 0.600033 0.647724 -4.477141 1.398301 15.407744 -1.823019 0.905895
Pedestrian -1 -1 -10 569.000000 167.000000 588.000000 219.000000 1.667487 0.612988 0.675989 -0.924149 1.449861 24.945263 -1.569930 0.859776
Pedestrian -1 -1 -10 627.000000 166.000000 645.000000 212.000000 1.677087 0.604373 0.732058 1.374367 1.295105 27.050402 -1.487851 0.690965
Pedestrian -1 -1 -10 1142.000000 155.000000 1235.000000 328.000000 1.841595 0.613692 0.690533 2.484912 1.633344 3.903124 2.329667 0.025621
Pedestrian -1 -1 -10 168.000000 151.000000 211.000000 329.000000 1.634993 0.597478 0.573345 -4.689981 1.952838 8.738739 -2.086380 0.018800
Pedestrian -1 -1 -10 621.000000 165.000000 637.000000 208.000000 1.619615 0.597719 0.626357 1.429805 1.021678 27.074876 -1.516873 0.011211
Pedestrian -1 -1 -10 258.000000 167.000000 366.000000 310.000000 1.623795 0.652762 0.578520 -3.077812 1.688606 7.214093 1.638245 0.010175
Cyclist -1 -1 -10 1101.000000 158.000000 1232.000000 350.000000 1.887967 0.584030 0.744805 1.812251 1.391882 3.014069 2.292971 0.240798
Cyclist -1 -1 -10 512.000000 170.000000 534.000000 230.000000 1.670911 0.578639 0.741863 -2.161197 1.537385 19.138599 -1.646936 0.040976
Cyclist -1 -1 -10 699.000000 157.000000 736.000000 212.000000 1.635179 0.604713 0.696330 4.563364 0.881249 28.361860 -1.384492 0.012895
