Car -1 -1 -10 130.000000 185.000000 292.000000 268.000000 1.587540 1.650033 3.756953 -8.323884 1.651909 15.128624 -1.540746 0.999572
Car -1 -1 -10 579.000000 173.000000 650.000000 238.000000 1.532619 1.638005 3.877490 0.245538 1.300600 19.812952 -1.558042 0.999572
Car -1 -1 -10 434.000000 179.000000 507.000000 231.000000 1.575479 1.623061 3.764772 -4.540139 1.379206 23.603094 -1.612882 0.996992
Car -1 -1 -10 283.000000 179.000000 459.000000 292.000000 1.597754 1.620756 3.726619 -3.867539 1.512558 11.889457 -1.416479 0.996943
Car -1 -1 -10 478.000000 181.000000 525.000000 213.000000 1.457507 1.524869 3.748236 -5.012508 1.292341 35.003219 1.515179 0.925209
Car -1 -1 -10 505.000000 180.000000 543.000000 205.000000 1.532271 1.603325 3.747336 -4.735321 1.406758 42.378531 -1.638679 0.814836
Car -1 -1 -10 268.000000 183.000000 336.000000 216.000000 1.525775 1.579530 3.942290 -13.077401 1.143720 30.949555 1.110819 0.167834
Car -1 -1 -10 2.000000 191.000000 109.000000 329.000000 1.493242 1.628067 3.789229 -8.236899 1.843428 9.173294 1.547966 0.110985
Car -1 -1 -10 291.000000 183.000000 378.000000 236.000000 1.476633 1.592779 3.798531 -12.508394 1.452829 30.882730 -1.869390 0.026302
Car -1 -1 -10 411.000000 180.000000 463.000000 215.000000 1.519737 1.603670 3.841163 -8.752194 1.085291 37.597143 -1.728375 0.017106
