Pedestrian -1 -1 -10 27.000000 182.000000 52.000000 238.000000 1.700779 0.593943 0.615873 -19.390740 2.059169 25.122117 -2.237822 0.801934
Pedestrian -1 -1 -10 68.000000 184.000000 84.000000 235.000000 1.712597 0.611936 0.560977 -17.086613 2.175592 23.382528 -2.187284 0.521872
Pedestrian -1 -1 -10 57.000000 188.000000 91.000000 229.000000 1.634607 0.593794 0.580253 -18.507918 1.957049 25.511234 -2.210791 0.178110
Pedestrian -1 -1 -10 14.000000 188.000000 58.000000 247.000000 1.618910 0.592796 0.554549 -15.666189 2.593268 20.321606 -2.235733 0.141103
Pedestrian -1 -1 -10 3.000000 195.000000 123.000000 257.000000 1.512241 1.615729 3.637028 -15.793190 2.559060 20.710672 1.458552 0.027280
Pedestrian -1 -1 -10 53.000000 188.000000 74.000000 232.000000 1.694853 0.591774 0.603803 -19.376853 2.043375 25.476298 -2.228416 0.024954
Pedestrian -1 -1 -10 26.000000 186.000000 96.000000 234.000000 1.633431 0.642730 0.524984 -16.183851 2.102925 21.922945 0.890278 0.010109
Car -1 -1 -10 598.000000 175.000000 632.000000 204.000000 1.544715 1.628037 3.918477 0.243877 1.797390 44.117543 -1.571374 0.998986
Car -1 -1 -10 393.000000 184.000000 431.000000 209.000000 1.514641 1.565458 3.765069 -12.853299 2.313799 46.050040 1.700267 0.997397
Car -1 -1 -10 0.000000 199.000000 130.000000 256.000000 1.534728 1.658250 3.819296 -16.172024 2.399609 21.379355 1.512143 0.995297
Cyclist -1 -1 -10 62.000000 186.000000 88.000000 231.000000 1.647953 0.581406 0.608985 -18.468783 1.920992 25.538775 -2.212576 0.032901
Cyclist -1 -1 -10 -1.000000 195.000000 132.000000 256.000000 1.455953 1.625839 3.711845 -15.949218 2.426111 20.967127 1.520316 0.018867
Cyclist -1 -1 -10 23.000000 182.000000 52.000000 240.000000 1.616080 0.589244 0.569242 -15.790046 2.424170 20.327330 -2.241351 0.012351
