Pedestrian -1 -1 -10 447.000000 175.000000 459.000000 211.000000 1.678310 0.614702 0.511096 -6.424762 1.514903 29.636989 -1.759563 0.439599
Pedestrian -1 -1 -10 0.000000 192.000000 56.000000 325.000000 1.820300 0.617066 0.679305 -4.822966 1.969899 4.718420 0.967504 0.017497
Car -1 -1 -10 400.000000 186.000000 488.000000 243.000000 1.511290 1.571042 3.691408 -4.568448 1.935357 19.824620 1.760957 0.999649
Car -1 -1 -10 709.000000 176.000000 840.000000 275.000000 1.472502 1.565279 3.902612 3.095337 1.572846 12.813595 -1.486243 0.999455
Car -1 -1 -10 59.000000 185.000000 269.000000 264.000000 1.503763 1.572662 4.019724 -9.770864 1.789738 16.248508 -3.242571 0.998841
Car -1 -1 -10 684.000000 176.000000 766.000000 240.000000 1.464309 1.542270 3.818925 3.388657 1.714779 19.218609 -1.539565 0.996873
Car -1 -1 -10 448.000000 175.000000 515.000000 228.000000 1.524238 1.539479 3.729125 -4.278649 1.857335 25.294006 1.546524 0.993709
Car -1 -1 -10 850.000000 182.000000 1238.000000 374.000000 1.466701 1.601373 4.004107 3.528939 1.547064 5.207505 1.581395 0.989764
Car -1 -1 -10 664.000000 176.000000 719.000000 218.000000 1.476665 1.532740 3.805514 3.623177 1.633655 27.601351 -1.554886 0.986791
Car -1 -1 -10 484.000000 175.000000 534.000000 218.000000 1.489186 1.576689 3.749087 -4.389424 1.758490 29.989798 1.875026 0.937503
Car -1 -1 -10 656.000000 174.000000 698.000000 207.000000 1.481003 1.522851 3.425823 3.485600 1.670179 33.446396 -1.487610 0.020178
