Pedestrian -1 -1 -10 999.000000 153.000000 1051.000000 259.000000 1.689538 0.608360 0.650389 6.543832 1.490297 10.789847 2.618844 0.943286
Pedestrian -1 -1 -10 1021.000000 153.000000 1074.000000 258.000000 1.660921 0.598847 0.719556 7.005626 1.389162 11.210664 -0.975171 0.935756
Pedestrian -1 -1 -10 1027.000000 155.000000 1052.000000 246.000000 1.807662 0.666467 0.857394 3.404900 1.760136 6.824933 -1.037234 0.045849
Pedestrian -1 -1 -10 1003.000000 153.000000 1045.000000 210.000000 1.889330 0.673241 0.869605 2.672768 1.816170 5.798161 2.153476 0.036798
Pedestrian -1 -1 -10 1032.000000 156.000000 1059.000000 199.000000 1.670304 0.607046 0.559803 19.536948 1.589322 30.733900 -1.022850 0.020060
Pedestrian -1 -1 -10 881.000000 153.000000 899.000000 195.000000 1.745177 0.603332 0.798668 13.275597 0.861076 33.089854 0.922661 0.019346
Pedestrian -1 -1 -10 1002.000000 150.000000 1024.000000 202.000000 1.642696 0.602723 0.612352 19.153184 0.325269 33.386227 -1.051877 0.015609
Car -1 -1 -10 453.000000 173.000000 520.000000 210.000000 1.457952 1.622372 4.038981 -4.932922 1.159980 29.850194 1.034902 0.999135
Car -1 -1 -10 1.000000 200.000000 293.000000 367.000000 1.494721 1.631761 3.821795 -3.199381 1.614360 3.669733 1.603071 0.971215
Cyclist -1 -1 -10 18.000000 199.000000 276.000000 361.000000 1.661851 0.587362 0.729742 -2.661602 1.838911 3.194340 1.514442 0.019195
