Car -1 -1 -10 835.000000 186.000000 1161.000000 367.000000 1.456758 1.626066 3.970978 3.932510 1.596686 7.368551 1.540253 0.999850
Car -1 -1 -10 363.000000 186.000000 473.000000 252.000000 1.530380 1.573732 3.659013 -4.627826 1.947802 18.171919 -1.371862 0.999486
Car -1 -1 -10 496.000000 179.000000 541.000000 212.000000 1.525685 1.586107 3.682788 -4.282462 1.802681 33.901124 1.825004 0.999373
Car -1 -1 -10 245.000000 190.000000 416.000000 292.000000 1.518423 1.578434 3.729083 -4.738169 1.947500 12.428029 1.658106 0.999176
Car -1 -1 -10 748.000000 181.000000 906.000000 279.000000 1.450611 1.617969 3.980893 3.887806 1.666879 12.172824 1.454010 0.997858
Car -1 -1 -10 -1.000000 196.000000 295.000000 374.000000 1.517008 1.599245 3.672831 -4.762264 1.890861 6.866545 1.540715 0.997056
Car -1 -1 -10 716.000000 179.000000 813.000000 245.000000 1.447844 1.530575 3.842181 4.070713 1.656575 17.776380 -1.517758 0.995385
Car -1 -1 -10 703.000000 178.000000 768.000000 228.000000 1.421955 1.540864 3.764338 4.323338 1.631436 23.392926 -1.512560 0.986768
Car -1 -1 -10 517.000000 178.000000 556.000000 208.000000 1.504847 1.561523 3.672170 -4.271988 1.863087 34.283448 -1.550547 0.945674
Car -1 -1 -10 1097.000000 172.000000 1238.000000 225.000000 1.416217 1.452131 3.747881 17.602223 1.339949 23.394333 2.824785 0.875629
Car -1 -1 -10 685.000000 177.000000 735.000000 217.000000 1.463529 1.496899 3.746368 4.515695 1.851840 30.063313 1.130131 0.871405
Car -1 -1 -10 1104.000000 226.000000 1247.000000 373.000000 1.504730 1.678288 3.615006 3.804445 1.912838 3.828854 -0.895723 0.360907
Car -1 -1 -10 931.000000 172.000000 1006.000000 210.000000 1.551771 1.607564 3.748872 13.048846 1.157730 28.252308 -1.082310 0.077011
Cyclist -1 -1 -10 924.000000 173.000000 1015.000000 217.000000 1.453948 1.602085 3.726985 13.122997 1.255873 25.996523 1.454759 0.241693
