Pedestrian -1 -1 -10 273.000000 182.000000 314.000000 284.000000 1.609304 0.606494 0.627949 -5.606818 1.731506 13.152929 -1.974262 0.993869
Pedestrian -1 -1 -10 236.000000 194.000000 266.000000 282.000000 1.644633 0.594731 0.596494 -7.143195 1.777474 14.133291 -2.021841 0.905631
Pedestrian -1 -1 -10 578.000000 178.000000 588.000000 204.000000 1.661669 0.599976 0.725204 -2.021502 2.472731 55.591320 -1.570776 0.028025
Pedestrian -1 -1 -10 240.000000 208.000000 308.000000 281.000000 1.847100 0.665327 0.915914 -5.743596 2.645317 9.596596 1.179451 0.011000
Car -1 -1 -10 711.000000 183.000000 841.000000 282.000000 1.469234 1.556535 3.782507 2.937311 1.678142 12.705455 1.319045 0.999643
Car -1 -1 -10 657.000000 179.000000 706.000000 221.000000 1.477755 1.574632 3.777921 2.882573 1.739740 28.229588 -1.543879 0.998720
Car -1 -1 -10 472.000000 187.000000 523.000000 225.000000 1.538875 1.593796 3.709161 -4.940829 2.182802 31.645782 1.557362 0.998585
Car -1 -1 -10 366.000000 184.000000 479.000000 265.000000 1.618117 1.613536 3.780545 -4.519314 2.032961 17.525243 -1.376895 0.997364
Car -1 -1 -10 92.000000 215.000000 370.000000 370.000000 1.498695 1.589294 3.807463 -4.337036 2.068312 8.406381 -1.989783 0.995146
Car -1 -1 -10 985.000000 179.000000 1233.000000 375.000000 1.423875 1.559512 3.769572 3.316930 1.565825 3.942017 1.628464 0.951502
Car -1 -1 -10 520.000000 186.000000 549.000000 211.000000 1.600304 1.595749 3.819743 -4.971785 2.653973 46.970103 1.462942 0.895017
Cyclist -1 -1 -10 977.000000 186.000000 1235.000000 371.000000 1.708115 0.567583 1.760838 2.623824 1.708164 3.483017 -0.946262 0.029859
Cyclist -1 -1 -10 266.000000 184.000000 319.000000 283.000000 1.611582 0.595633 0.625429 -5.610695 1.711578 13.155724 -1.978395 0.027576
