Pedestrian -1 -1 -10 684.000000 164.000000 696.000000 207.000000 1.637897 0.601328 0.682363 4.122409 1.776249 38.234488 -1.434788 0.521949
Pedestrian -1 -1 -10 545.000000 173.000000 557.000000 213.000000 1.662272 0.592834 0.719833 -2.846074 2.111951 34.362400 -1.607381 0.332173
Pedestrian -1 -1 -10 549.000000 173.000000 559.000000 202.000000 1.508392 1.496037 3.709770 -2.610125 2.465699 18.397887 1.503786 0.305739
Pedestrian -1 -1 -10 527.000000 177.000000 542.000000 214.000000 1.686832 0.591926 0.723070 -3.494443 2.099134 33.790749 -1.632883 0.156822
Pedestrian -1 -1 -10 537.000000 177.000000 554.000000 208.000000 1.698619 0.582848 0.727890 -3.182844 2.013613 34.225018 -1.619254 0.035827
Pedestrian -1 -1 -10 690.000000 169.000000 699.000000 207.000000 1.545760 1.414338 3.569907 1.115115 2.323060 19.182015 1.680283 0.022594
Car -1 -1 -10 351.000000 183.000000 457.000000 257.000000 1.573222 1.597687 3.737207 -5.178784 2.029867 18.341465 1.712244 0.999216
Car -1 -1 -10 682.000000 174.000000 794.000000 263.000000 1.482997 1.573086 3.831645 2.869015 1.596207 14.863408 -1.497472 0.999108
Car -1 -1 -10 471.000000 184.000000 517.000000 218.000000 1.476173 1.595560 3.870821 -5.446215 2.061481 34.295545 1.551129 0.997523
Car -1 -1 -10 2.000000 193.000000 202.000000 375.000000 1.521353 1.617600 3.783988 -4.377052 1.881131 5.008950 1.572576 0.657150
Car -1 -1 -10 484.000000 175.000000 517.000000 207.000000 1.509940 1.566863 3.726294 -5.462855 1.967010 34.489171 1.571621 0.017234
Cyclist -1 -1 -10 527.000000 176.000000 542.000000 216.000000 1.678320 0.586129 0.730619 -3.483132 2.052023 33.859584 -1.636744 0.990459
Cyclist -1 -1 -10 544.000000 174.000000 557.000000 215.000000 1.634227 0.593423 0.704766 -2.797634 2.036578 34.291133 -1.620405 0.695942
Cyclist -1 -1 -10 549.000000 173.000000 559.000000 202.000000 1.505647 1.544547 3.754912 -2.708701 2.667595 18.772137 1.497431 0.012833
Cyclist -1 -1 -10 537.000000 177.000000 554.000000 208.000000 1.699513 0.578017 0.726279 -3.193277 1.971061 34.258536 -1.625299 0.011881
