Pedestrian -1 -1 -10 732.000000 172.000000 754.000000 207.000000 1.672315 0.590033 0.538885 8.207297 2.125060 42.144200 1.738510 0.014771
Car -1 -1 -10 791.000000 175.000000 1102.000000 365.000000 1.498414 1.591859 3.993023 3.585967 1.548551 7.385921 1.493361 0.999645
Car -1 -1 -10 708.000000 183.000000 798.000000 249.000000 1.442121 1.564596 3.882320 3.705540 1.765607 18.000921 1.321909 0.998785
Car -1 -1 -10 226.000000 194.000000 387.000000 284.000000 1.525803 1.599600 3.720421 -5.804423 2.024857 14.016169 1.654152 0.998112
Car -1 -1 -10 0.000000 206.000000 275.000000 370.000000 1.509523 1.612511 3.721219 -5.718037 1.937782 8.256739 1.553932 0.997303
Car -1 -1 -10 394.000000 185.000000 478.000000 236.000000 1.536258 1.556023 3.702203 -5.649640 2.103884 22.813123 1.754437 0.995834
Car -1 -1 -10 679.000000 180.000000 749.000000 229.000000 1.426261 1.513151 3.632943 3.542860 1.933450 23.518081 -1.455666 0.988120
Car -1 -1 -10 658.000000 179.000000 707.000000 213.000000 1.431194 1.564869 3.811300 3.513056 1.706387 31.792981 -1.557744 0.951067
Car -1 -1 -10 1006.000000 175.000000 1247.000000 375.000000 1.447856 1.553155 3.801133 4.034871 1.691145 5.542656 1.689424 0.861622
Car -1 -1 -10 483.000000 179.000000 522.000000 209.000000 1.508408 1.524093 3.637527 -6.333343 2.157637 36.017669 2.017841 0.815188
Car -1 -1 -10 131.000000 187.000000 257.000000 244.000000 1.489291 1.548616 3.849413 -12.671020 1.782389 23.910693 0.513432 0.128149
Cyclist -1 -1 -10 739.000000 172.000000 753.000000 210.000000 1.673760 0.584200 0.582587 8.126136 2.094651 42.021724 -1.396250 0.011949
Cyclist -1 -1 -10 1019.000000 174.000000 1226.000000 377.000000 1.698114 0.661893 1.742891 3.276081 1.879171 4.835842 1.681558 0.010944
