Pedestrian -1 -1 -10 668.000000 173.000000 687.000000 227.000000 1.666714 0.609504 0.612111 2.026798 1.859960 20.026380 0.645825 0.227451
Pedestrian -1 -1 -10 681.000000 168.000000 711.000000 234.000000 1.668034 0.610917 0.628663 2.335570 1.802501 18.517744 0.683242 0.185895
Pedestrian -1 -1 -10 672.000000 171.000000 700.000000 229.000000 1.637326 0.635410 0.585832 2.161581 1.788528 19.448547 -1.434290 0.047275
Pedestrian -1 -1 -10 690.000000 162.000000 731.000000 231.000000 1.630134 0.627171 0.680496 2.823798 1.666023 17.755570 -1.402166 0.027135
Pedestrian -1 -1 -10 701.000000 165.000000 724.000000 205.000000 1.769333 0.583993 0.613011 4.093603 1.962178 30.505842 -1.440900 0.014229
Car -1 -1 -10 345.000000 180.000000 508.000000 299.000000 1.599849 1.630118 3.784124 -2.935122 1.681749 11.548145 -1.684981 0.999422
Car -1 -1 -10 589.000000 176.000000 615.000000 203.000000 1.533900 1.613910 3.900996 -0.518345 1.770064 46.742087 -1.587687 0.997346
Car -1 -1 -10 62.000000 196.000000 213.000000 263.000000 1.458022 1.627642 3.815076 -12.755374 2.212190 19.694352 1.532363 0.994909
Car -1 -1 -10 371.000000 183.000000 444.000000 238.000000 1.495560 1.639918 3.582678 -9.790051 1.879288 36.294013 1.297559 0.010344
Cyclist -1 -1 -10 678.000000 161.000000 754.000000 237.000000 1.707967 0.618605 1.781561 2.825393 1.563924 18.043092 1.165851 0.999418
Cyclist -1 -1 -10 675.000000 169.000000 715.000000 232.000000 1.700728 0.629016 0.702731 2.497095 1.664605 18.586200 1.106724 0.920857
Cyclist -1 -1 -10 671.000000 171.000000 695.000000 230.000000 1.644742 0.629037 0.598852 2.166540 1.779674 19.632707 -1.444196 0.544613
Cyclist -1 -1 -10 811.000000 177.000000 838.000000 215.000000 1.709983 0.533918 1.736142 7.746463 1.836891 24.632613 -1.251577 0.322366
Cyclist -1 -1 -10 695.000000 162.000000 720.000000 232.000000 1.626205 0.622672 0.682872 2.823459 1.609414 17.798474 -1.410041 0.065627
Cyclist -1 -1 -10 699.000000 166.000000 733.000000 198.000000 1.752812 0.579793 0.644045 4.032721 1.905262 30.564787 -1.441345 0.020893
Cyclist -1 -1 -10 666.000000 173.000000 684.000000 222.000000 1.643740 0.614265 0.600805 2.037472 1.780399 20.217531 1.099728 0.010077
