Pedestrian -1 -1 -10 627.000000 163.000000 669.000000 291.000000 1.678133 0.600642 0.730664 0.649468 1.627233 9.696454 -1.465646 0.998761
Pedestrian -1 -1 -10 289.000000 162.000000 342.000000 298.000000 1.653029 0.617357 0.731393 -3.745513 1.651207 9.424058 -1.908239 0.998063
Pedestrian -1 -1 -10 686.000000 162.000000 734.000000 288.000000 1.709616 0.587503 0.726118 1.486745 1.661363 9.918641 0.688527 0.997837
Pedestrian -1 -1 -10 453.000000 170.000000 475.000000 221.000000 1.619051 0.609894 0.691241 -4.631161 1.422585 24.519421 -1.732195 0.062853
Pedestrian -1 -1 -10 726.000000 161.000000 748.000000 225.000000 1.626298 0.606451 0.607674 4.058918 1.243587 20.659386 -1.324552 0.037270
Pedestrian -1 -1 -10 696.000000 163.000000 767.000000 274.000000 1.711431 0.578544 0.719320 1.532491 1.643072 10.160908 0.723582 0.026334
Pedestrian -1 -1 -10 108.000000 172.000000 149.000000 286.000000 1.686156 0.608860 0.609467 -7.356464 1.828293 11.161929 -0.031764 0.023688
Pedestrian -1 -1 -10 506.000000 167.000000 535.000000 199.000000 1.803679 0.657043 0.708928 -4.986269 1.429781 43.076170 -1.669453 0.017905
Pedestrian -1 -1 -10 419.000000 168.000000 443.000000 215.000000 1.693222 0.663794 0.648469 -8.587491 1.007660 38.429223 0.855340 0.016631
Pedestrian -1 -1 -10 539.000000 170.000000 546.000000 197.000000 1.719044 0.603342 0.767190 -4.211468 1.325399 53.325185 -1.603488 0.012969
Car -1 -1 -10 500.000000 168.000000 537.000000 198.000000 1.577093 1.614583 3.804519 -5.032784 1.157406 43.889341 -1.661826 0.073615
Cyclist -1 -1 -10 404.000000 167.000000 467.000000 291.000000 1.717162 0.571077 0.779060 -2.435687 1.708299 10.465964 -1.746926 0.999712
Cyclist -1 -1 -10 501.000000 165.000000 541.000000 243.000000 1.683480 0.570877 0.757169 -1.807250 1.568135 16.210968 -1.623824 0.999529
Cyclist -1 -1 -10 484.000000 167.000000 517.000000 236.000000 1.696106 0.646375 0.649451 -2.529182 1.586540 18.910385 0.892497 0.989282
Cyclist -1 -1 -10 683.000000 159.000000 742.000000 283.000000 1.670290 0.569568 0.732969 1.481770 1.580202 9.977578 -1.375190 0.754136
Cyclist -1 -1 -10 699.000000 159.000000 785.000000 268.000000 1.712364 0.556952 0.735480 1.582517 1.616046 10.382170 2.268219 0.571277
Cyclist -1 -1 -10 452.000000 169.000000 476.000000 222.000000 1.622554 0.597281 0.707246 -4.644145 1.377536 24.544737 -1.737306 0.376312
Cyclist -1 -1 -10 500.000000 167.000000 533.000000 199.000000 1.535909 1.623351 3.926678 -4.915721 1.073943 43.096801 1.472576 0.088295
Cyclist -1 -1 -10 715.000000 161.000000 755.000000 239.000000 1.694562 0.583256 0.630104 3.895614 0.789582 17.889602 -1.397092 0.069134
Cyclist -1 -1 -10 431.000000 170.000000 471.000000 262.000000 1.676454 0.568151 0.745784 -2.441061 1.637761 10.585011 -1.733283 0.036216
Cyclist -1 -1 -10 414.000000 169.000000 437.000000 215.000000 1.641291 0.587959 0.642634 -6.440996 1.021755 26.357396 -1.802018 0.022520
Cyclist -1 -1 -10 493.000000 171.000000 524.000000 217.000000 1.638947 0.578812 0.714876 -2.894837 1.388580 19.941617 -1.668161 0.021961
