Car -1 -1 -10 651.000000 170.000000 722.000000 220.000000 1.461358 1.586590 3.966216 3.060188 1.465655 25.569656 -1.599857 0.998534
Car -1 -1 -10 588.000000 174.000000 629.000000 202.000000 1.485726 1.619071 3.932065 -0.094447 1.507745 40.384367 -1.689025 0.996247
Car -1 -1 -10 886.000000 186.000000 1244.000000 374.000000 1.413782 1.613864 4.053621 3.485124 1.550379 3.489599 1.536894 0.984509
Car -1 -1 -10 816.000000 170.000000 981.000000 238.000000 1.519656 1.595533 3.808859 7.618942 1.580461 18.905127 3.047045 0.953490
Car -1 -1 -10 0.000000 217.000000 250.000000 372.000000 1.497056 1.618524 3.720286 -3.766558 1.656807 4.388004 -2.125015 0.946467
Car -1 -1 -10 1011.000000 168.000000 1224.000000 236.000000 1.496016 1.648074 3.829262 11.935343 1.421805 17.564028 1.696452 0.178224
Car -1 -1 -10 991.000000 171.000000 1234.000000 306.000000 1.475877 1.515685 3.666085 3.704297 1.084627 5.048854 2.172796 0.044376
Car -1 -1 -10 660.000000 167.000000 712.000000 195.000000 1.582413 1.245110 3.228246 1.045477 3.487851 23.368020 1.583433 0.033377
Cyclist -1 -1 -10 470.000000 171.000000 487.000000 207.000000 1.618464 0.597096 0.707665 -6.428882 1.735764 36.536504 -1.725362 0.546046
Cyclist -1 -1 -10 -3.000000 213.000000 252.000000 376.000000 1.657463 0.573125 0.681422 -3.103974 1.840499 3.929417 -2.120886 0.021840
Cyclist -1 -1 -10 919.000000 179.000000 1240.000000 361.000000 1.426352 1.657636 4.004448 3.029159 1.578512 2.953574 1.532527 0.010229
