Car -1 -1 -10 570.000000 175.000000 655.000000 255.000000 1.482714 1.653159 3.781279 0.158367 1.369591 16.171322 -1.555692 0.999538
Car -1 -1 -10 48.000000 182.000000 201.000000 247.000000 1.545696 1.646850 3.806332 -13.113241 1.584885 19.331823 -1.551947 0.999174
Car -1 -1 -10 312.000000 190.000000 443.000000 269.000000 1.546565 1.635055 3.742603 -4.813979 1.576622 14.683902 -1.382819 0.998978
Car -1 -1 -10 427.000000 182.000000 504.000000 232.000000 1.518568 1.554680 3.762058 -4.689634 1.397743 23.194554 -1.290818 0.998958
Car -1 -1 -10 225.000000 183.000000 348.000000 246.000000 1.559949 1.667867 3.882919 -8.577982 1.443255 19.104579 -1.932284 0.997133
Car -1 -1 -10 607.000000 171.000000 643.000000 212.000000 1.503166 1.668062 3.576178 2.879719 1.527380 55.704375 -1.538938 0.171409
Car -1 -1 -10 -1.000000 187.000000 108.000000 255.000000 1.468331 1.505623 3.702369 -13.790728 1.673481 18.841170 0.324131 0.118665
Car -1 -1 -10 339.000000 170.000000 405.000000 206.000000 1.560577 1.609050 3.902749 -12.300940 0.706644 38.414317 -1.354507 0.039318
Car -1 -1 -10 0.000000 190.000000 52.000000 266.000000 1.509261 1.501952 3.566925 -12.666082 1.873187 14.965769 -2.240844 0.039056
Car -1 -1 -10 396.000000 182.000000 446.000000 214.000000 1.551264 1.605879 3.842415 -8.562362 1.375063 31.536772 1.320300 0.030165
Car -1 -1 -10 587.000000 174.000000 648.000000 223.000000 1.580724 1.638304 3.596691 -0.567809 1.467054 9.804438 1.605061 0.016162
