Pedestrian -1 -1 -10 399.000000 162.000000 454.000000 298.000000 1.678214 0.619629 0.745926 -2.366897 1.732545 9.965643 -1.766064 0.996649
Pedestrian -1 -1 -10 587.000000 167.000000 627.000000 281.000000 1.706688 0.601801 0.763832 0.137085 1.669666 10.799158 -1.521397 0.995636
Pedestrian -1 -1 -10 792.000000 140.000000 852.000000 324.000000 1.645694 0.623449 0.719551 1.855075 1.499948 6.339649 0.811144 0.994839
Pedestrian -1 -1 -10 918.000000 155.000000 991.000000 316.000000 1.694267 0.588741 0.718921 3.565004 1.482335 7.250777 -1.070154 0.992743
Pedestrian -1 -1 -10 551.000000 170.000000 572.000000 226.000000 1.689893 0.603029 0.751554 -1.233316 1.545002 22.560697 -1.579854 0.973566
Pedestrian -1 -1 -10 522.000000 167.000000 544.000000 221.000000 1.689757 0.602773 0.740973 -2.308179 1.514056 24.321719 -1.624763 0.749169
Pedestrian -1 -1 -10 116.000000 163.000000 204.000000 336.000000 1.564375 0.607735 0.604745 -3.196499 1.991490 5.854224 -2.097597 0.672526
Pedestrian -1 -1 -10 577.000000 170.000000 593.000000 221.000000 1.613805 0.609830 0.593783 -0.189495 1.355183 23.414746 -1.554524 0.364386
Pedestrian -1 -1 -10 843.000000 149.000000 861.000000 231.000000 1.732042 0.587757 0.738604 5.491308 1.215915 15.369806 0.889651 0.349382
Pedestrian -1 -1 -10 852.000000 155.000000 866.000000 231.000000 1.696036 0.589740 0.718597 5.443665 1.150023 15.252369 -1.174492 0.144428
Pedestrian -1 -1 -10 832.000000 144.000000 863.000000 288.000000 1.587117 0.617222 0.540937 2.411035 1.405082 7.354254 1.942471 0.079343
Pedestrian -1 -1 -10 823.000000 152.000000 854.000000 236.000000 1.731733 0.589850 0.741799 5.364078 1.348738 15.366189 0.868290 0.048694
Pedestrian -1 -1 -10 584.000000 167.000000 603.000000 224.000000 1.634732 0.594546 0.626969 -0.128219 1.398442 23.130015 0.532303 0.038703
Pedestrian -1 -1 -10 827.000000 156.000000 845.000000 211.000000 1.924131 0.662061 0.810708 0.758273 1.373189 3.855833 1.947977 0.036242
Pedestrian -1 -1 -10 298.000000 194.000000 331.000000 275.000000 1.855552 0.628103 0.720212 -3.890348 2.365706 7.123158 1.258324 0.032656
Pedestrian -1 -1 -10 432.000000 179.000000 452.000000 268.000000 1.642179 0.577931 0.670778 -2.611139 1.998049 12.171052 -1.747397 0.029552
Pedestrian -1 -1 -10 473.000000 170.000000 496.000000 211.000000 1.619411 0.607674 0.665301 -4.043516 1.031240 27.223817 -1.756697 0.029068
Pedestrian -1 -1 -10 271.000000 197.000000 301.000000 266.000000 1.692100 0.595515 0.601318 -6.267779 2.127145 14.084956 -1.971705 0.027191
Pedestrian -1 -1 -10 803.000000 152.000000 845.000000 216.000000 1.624651 0.604862 0.545021 5.366011 0.717190 16.523355 1.850636 0.024181
Pedestrian -1 -1 -10 54.000000 181.000000 266.000000 353.000000 1.675439 0.640381 0.642158 -3.128862 1.953888 5.985362 -2.082994 0.021420
Pedestrian -1 -1 -10 338.000000 189.000000 376.000000 270.000000 1.619418 0.602564 0.528784 -4.099372 1.800760 12.886309 -1.867368 0.014161
Cyclist -1 -1 -10 466.000000 169.000000 525.000000 275.000000 1.697836 0.584446 0.748335 -1.703176 1.714646 12.085209 -1.668354 0.998922
Cyclist -1 -1 -10 99.000000 165.000000 218.000000 349.000000 1.576862 0.598227 0.607994 -3.157246 1.916452 5.947734 -2.113463 0.707307
Cyclist -1 -1 -10 521.000000 168.000000 545.000000 221.000000 1.655595 0.590867 0.733134 -2.319942 1.422280 24.327288 -1.635539 0.128042
Cyclist -1 -1 -10 473.000000 170.000000 496.000000 211.000000 1.738356 0.535281 1.533640 -4.157555 1.030267 27.397801 -1.745346 0.084059
Cyclist -1 -1 -10 9.000000 179.000000 164.000000 361.000000 1.669253 0.611590 0.637498 -4.436404 2.066136 5.356201 1.454693 0.054704
Cyclist -1 -1 -10 399.000000 161.000000 454.000000 299.000000 1.659166 0.618131 0.754206 -2.360484 1.621588 10.036691 -1.780091 0.029931
Cyclist -1 -1 -10 482.000000 174.000000 514.000000 210.000000 1.675965 0.576395 0.619319 -5.588625 0.905735 37.137012 -1.724915 0.025634
Cyclist -1 -1 -10 647.000000 168.000000 689.000000 224.000000 1.689948 0.583228 0.630486 1.840358 1.743755 19.937442 -1.488696 0.023142
Cyclist -1 -1 -10 420.000000 162.000000 504.000000 282.000000 1.731763 0.575332 0.787826 -2.523683 1.742411 10.153735 1.900453 0.020169
