Pedestrian -1 -1 -10 695.000000 171.000000 703.000000 197.000000 1.671427 0.599648 0.713494 6.793232 1.840705 52.893770 -1.399856 0.040792
Car -1 -1 -10 434.000000 180.000000 501.000000 227.000000 1.530121 1.620412 3.728619 -4.816109 1.731605 24.896637 1.508522 0.999323
Car -1 -1 -10 784.000000 184.000000 1048.000000 339.000000 1.449178 1.621173 4.124129 3.531506 1.622936 7.794724 1.468469 0.999255
Car -1 -1 -10 8.000000 199.000000 339.000000 362.000000 1.488766 1.619625 3.677729 -5.026829 1.893345 8.087464 1.540025 0.994112
Car -1 -1 -10 705.000000 178.000000 792.000000 239.000000 1.446040 1.552323 3.827203 4.064948 1.743095 19.755022 -1.514820 0.991799
Car -1 -1 -10 739.000000 178.000000 873.000000 273.000000 1.462770 1.561883 3.913474 4.056527 1.667324 13.727483 -1.449953 0.989063
Car -1 -1 -10 938.000000 191.000000 1247.000000 376.000000 1.446836 1.608092 3.919846 3.796500 1.648772 4.026990 1.586669 0.988661
Car -1 -1 -10 472.000000 178.000000 526.000000 217.000000 1.492798 1.595871 3.752154 -4.563677 1.797249 29.104442 1.582500 0.986573
Car -1 -1 -10 699.000000 178.000000 759.000000 223.000000 1.446421 1.544778 3.744363 4.436985 1.704175 24.961339 -1.494725 0.869608
Car -1 -1 -10 1032.000000 170.000000 1140.000000 219.000000 1.535672 1.625659 3.798352 12.564470 0.980713 19.370922 -0.989863 0.704631
Car -1 -1 -10 -1.000000 235.000000 105.000000 366.000000 1.473472 1.624931 3.671788 -4.550875 1.951618 5.508294 -2.202524 0.207309
Car -1 -1 -10 -1.000000 188.000000 102.000000 226.000000 1.500633 1.549839 3.814325 -26.611088 1.868638 36.410809 0.807946 0.184570
