Car -1 -1 -10 570.000000 181.000000 604.000000 211.000000 1.531047 1.621342 3.877902 -1.170392 1.427196 41.250186 -1.604728 0.999685
Car -1 -1 -10 -11.000000 197.000000 340.000000 371.000000 1.577145 1.669534 3.788722 -4.919641 1.690464 7.782210 1.561781 0.997775
Car -1 -1 -10 214.000000 184.000000 341.000000 248.000000 1.554545 1.617466 3.807924 -8.331305 1.533573 18.057967 -1.575456 0.987018
Car -1 -1 -10 76.000000 182.000000 248.000000 253.000000 1.451900 1.550125 3.779905 -14.285129 1.431234 22.477359 0.472699 0.938533
Car -1 -1 -10 307.000000 186.000000 382.000000 234.000000 1.493590 1.606856 3.831225 -8.665649 1.532920 23.361604 -1.876411 0.892637
Car -1 -1 -10 473.000000 187.000000 525.000000 221.000000 1.465897 1.565350 3.711312 -4.693331 1.627078 31.363689 1.835614 0.601411
Car -1 -1 -10 256.000000 183.000000 324.000000 234.000000 1.494239 1.643370 3.581977 -9.046322 1.183833 22.927316 1.153443 0.022255
Car -1 -1 -10 496.000000 184.000000 536.000000 211.000000 1.545627 1.590412 3.808232 -5.600370 1.490961 43.606685 -1.677096 0.016166
Car -1 -1 -10 391.000000 196.000000 429.000000 221.000000 1.542865 1.634862 3.655405 -4.248089 1.805790 12.083933 -1.896084 0.013854
Car -1 -1 -10 156.000000 186.000000 276.000000 255.000000 1.475422 1.602589 3.704290 -11.172147 1.236092 20.187241 -2.060726 0.011737
Car -1 -1 -10 335.000000 187.000000 419.000000 227.000000 1.481589 1.613502 3.784211 -8.370942 1.395682 23.577137 1.787833 0.010142
