Car -1 -1 -10 728.000000 187.000000 903.000000 310.000000 1.450420 1.573683 3.885788 3.167111 1.636490 10.682579 -1.423570 0.998356
Car -1 -1 -10 -8.000000 186.000000 327.000000 312.000000 1.463793 1.567621 3.913095 -5.857184 1.630159 9.372097 0.364618 0.996621
Car -1 -1 -10 636.000000 177.000000 667.000000 203.000000 1.537567 1.612648 3.903749 2.704714 1.947583 43.976402 -1.537361 0.994039
Car -1 -1 -10 779.000000 173.000000 1013.000000 255.000000 1.602218 1.711827 4.190181 6.559644 1.553621 16.122320 -2.355565 0.989920
Car -1 -1 -10 305.000000 179.000000 452.000000 240.000000 1.532615 1.568625 3.921934 -5.790380 1.587050 19.090566 1.685718 0.982117
Car -1 -1 -10 716.000000 179.000000 804.000000 222.000000 1.428753 1.610525 3.922999 5.555850 1.760682 28.183827 1.270129 0.969950
Car -1 -1 -10 729.000000 179.000000 858.000000 230.000000 1.400549 1.644762 4.104735 6.130068 1.716786 24.642977 1.249988 0.945484
Car -1 -1 -10 129.000000 180.000000 403.000000 261.000000 1.509191 1.571324 3.881105 -6.441512 1.423925 15.329743 1.624543 0.826840
Car -1 -1 -10 445.000000 178.000000 529.000000 211.000000 1.491463 1.595983 3.960204 -6.036100 1.603009 38.427018 0.843371 0.534734
Car -1 -1 -10 0.000000 191.000000 186.000000 373.000000 1.477299 1.578115 3.777863 -5.397993 1.865063 7.025393 1.029042 0.256380
Car -1 -1 -10 347.000000 170.000000 479.000000 227.000000 1.520337 1.555816 3.874060 -6.164823 1.574735 24.537792 1.849431 0.226849
