Car -1 -1 -10 631.000000 179.000000 696.000000 230.000000 1.437854 1.583420 3.826835 1.955553 1.747385 24.167468 -1.588391 0.998911
Car -1 -1 -10 835.000000 167.000000 1190.000000 331.000000 1.562131 1.665350 4.071488 4.992180 1.643750 9.126950 1.565873 0.991311
Car -1 -1 -10 613.000000 175.000000 650.000000 205.000000 1.536266 1.601458 3.769499 1.294452 1.889662 39.069634 -1.535903 0.975659
Car -1 -1 -10 212.000000 182.000000 443.000000 245.000000 1.422149 1.587350 4.180711 -7.259480 1.531812 19.101136 2.248019 0.950776
Car -1 -1 -10 1010.000000 188.000000 1233.000000 378.000000 1.454286 1.600233 3.861670 5.378337 1.779355 6.044427 2.144700 0.937415
Car -1 -1 -10 -1.000000 142.000000 183.000000 366.000000 1.513374 1.601407 3.749252 -6.364869 1.707573 7.446782 -2.821746 0.300927
Car -1 -1 -10 444.000000 180.000000 498.000000 210.000000 1.497180 1.509773 3.652325 -6.799588 1.744427 33.379982 -1.243386 0.220521
Car -1 -1 -10 337.000000 183.000000 448.000000 242.000000 1.496117 1.603593 3.886479 -6.357837 1.721420 19.339667 1.720424 0.073105
Car -1 -1 -10 389.000000 181.000000 459.000000 266.000000 1.479170 1.502537 3.472802 -3.372789 1.934865 14.308089 -1.840150 0.011586
Cyclist -1 -1 -10 396.000000 178.000000 458.000000 278.000000 1.658490 0.570629 0.725882 -3.187743 1.971313 12.972168 -1.764518 0.999409
Cyclist -1 -1 -10 336.000000 181.000000 467.000000 258.000000 1.483105 1.501876 3.651609 -4.660293 2.012812 15.982727 0.744871 0.138486
Cyclist -1 -1 -10 407.000000 184.000000 458.000000 228.000000 1.698083 0.585499 1.579299 -5.926133 1.839074 21.626661 -1.776953 0.025256
