Car -1 -1 -10 129.000000 186.000000 380.000000 329.000000 1.584342 1.652153 3.774093 -4.480686 1.607879 9.287322 -1.494317 0.999625
Car -1 -1 -10 752.000000 176.000000 1052.000000 363.000000 1.503661 1.610913 4.094676 3.347519 1.499301 8.248581 -1.677893 0.999338
Car -1 -1 -10 395.000000 186.000000 480.000000 244.000000 1.528973 1.594842 3.730175 -4.670265 1.514827 19.785204 -1.660108 0.999274
Car -1 -1 -10 576.000000 181.000000 619.000000 219.000000 1.502119 1.642227 3.920602 -0.613991 1.340246 31.681836 -1.608591 0.998417
Car -1 -1 -10 461.000000 186.000000 512.000000 226.000000 1.533853 1.601769 3.664252 -4.504739 1.526117 26.173490 -1.598722 0.994873
Car -1 -1 -10 82.000000 167.000000 270.000000 273.000000 1.581584 1.661915 3.933004 -8.762019 1.385705 14.239199 -2.067928 0.859909
Car -1 -1 -10 386.000000 183.000000 432.000000 216.000000 1.493053 1.604480 3.838807 -8.695177 1.280753 31.808927 -1.821966 0.840658
Car -1 -1 -10 1.000000 192.000000 82.000000 307.000000 1.508192 1.595760 3.709709 -8.316039 1.948318 9.352617 -2.184485 0.755683
Car -1 -1 -10 567.000000 184.000000 591.000000 211.000000 1.381686 1.621496 3.663136 -1.260564 1.268094 38.714483 1.545223 0.345320
Car -1 -1 -10 478.000000 183.000000 517.000000 216.000000 1.482550 1.627242 3.816146 -5.192666 1.252208 33.799138 1.485687 0.285469
Car -1 -1 -10 306.000000 171.000000 378.000000 231.000000 1.560901 1.604654 3.810888 -8.664757 1.381597 22.530236 1.716289 0.214074
Car -1 -1 -10 256.000000 174.000000 367.000000 238.000000 1.603406 1.659267 3.860588 -8.967714 1.280480 21.827471 -1.438006 0.079646
Car -1 -1 -10 70.000000 192.000000 187.000000 251.000000 1.440218 1.597190 3.757108 -12.245452 1.632059 16.711999 -2.118813 0.015337
