Car -1 -1 -10 637.000000 196.000000 814.000000 298.000000 1.437858 1.616299 3.980414 1.927313 1.811697 11.390843 1.258216 0.999859
Car -1 -1 -10 348.000000 190.000000 392.000000 222.000000 1.531404 1.610701 3.733640 -13.333438 2.624430 39.877658 1.658777 0.999233
Car -1 -1 -10 528.000000 188.000000 588.000000 231.000000 1.456291 1.567605 3.781963 -1.795222 2.036138 26.501875 -1.726122 0.998985
Car -1 -1 -10 10.000000 211.000000 244.000000 342.000000 1.475888 1.505411 3.721832 -6.698747 2.154676 8.896697 1.519961 0.984057
Car -1 -1 -10 518.000000 187.000000 567.000000 222.000000 1.408245 1.573713 3.682972 -2.770561 2.033754 31.725005 -1.711934 0.982567
Car -1 -1 -10 712.000000 171.000000 831.000000 217.000000 1.442586 1.657450 3.971278 6.170495 1.454937 27.418949 -2.470203 0.949248
Car -1 -1 -10 -1.000000 226.000000 143.000000 371.000000 1.482120 1.625989 3.771895 -5.599328 2.130531 6.037358 1.488272 0.924745
Car -1 -1 -10 367.000000 190.000000 402.000000 217.000000 1.497863 1.564188 3.772945 -13.425882 2.639717 40.196442 1.762169 0.860244
Car -1 -1 -10 141.000000 197.000000 217.000000 226.000000 1.481780 1.610456 3.743593 -19.288064 2.365106 32.599828 1.600101 0.799837
Car -1 -1 -10 659.000000 179.000000 757.000000 211.000000 1.605277 1.673015 4.047718 4.317422 1.575452 33.914927 1.179355 0.534888
Car -1 -1 -10 858.000000 102.000000 1242.000000 371.000000 1.526078 1.611372 3.997564 3.599452 1.481655 4.323536 1.493584 0.446790
Cyclist -1 -1 -10 142.000000 196.000000 217.000000 233.000000 1.463498 1.633286 3.779676 -18.811212 2.606899 31.231279 0.499692 0.010977
