Pedestrian -1 -1 -10 685.000000 170.000000 735.000000 329.000000 1.615905 0.614648 0.641197 1.332063 1.909049 7.555198 1.148817 0.995213
Pedestrian -1 -1 -10 357.000000 190.000000 385.000000 261.000000 1.572451 0.606104 0.577930 -4.865707 2.184131 14.686384 -1.850388 0.222713
Pedestrian -1 -1 -10 821.000000 178.000000 834.000000 221.000000 1.618155 0.591804 0.522490 8.829953 1.695455 28.286408 -1.268244 0.118810
Pedestrian -1 -1 -10 339.000000 190.000000 399.000000 265.000000 1.677694 0.608185 0.612490 -5.133670 2.302672 14.345143 1.743145 0.052448
Car -1 -1 -10 701.000000 185.000000 903.000000 347.000000 1.446544 1.606276 3.879280 2.010920 1.552082 8.160670 -1.374898 0.999086
Car -1 -1 -10 305.000000 192.000000 426.000000 254.000000 1.474570 1.533557 3.652908 -6.172416 2.113784 19.210313 -1.812972 0.982004
Car -1 -1 -10 680.000000 176.000000 738.000000 208.000000 1.516147 1.647980 4.053887 6.059842 1.816729 40.455597 1.169810 0.511677
Car -1 -1 -10 684.000000 178.000000 745.000000 326.000000 1.450121 1.546585 3.670762 1.812688 1.697822 8.338017 -1.407684 0.084702
Car -1 -1 -10 -3.000000 172.000000 244.000000 368.000000 1.498184 1.585550 3.784668 -3.032616 1.553849 3.230167 1.554237 0.012027
Car -1 -1 -10 343.000000 189.000000 395.000000 261.000000 1.403883 1.519837 3.753264 -5.297211 1.939210 15.669973 1.256736 0.011498
Cyclist -1 -1 -10 819.000000 178.000000 837.000000 221.000000 1.681244 0.460568 1.609065 8.928089 1.633094 28.171772 -1.279351 0.176745
Cyclist -1 -1 -10 786.000000 184.000000 864.000000 221.000000 1.390192 1.605101 3.833384 8.906385 1.546971 27.588778 1.830678 0.076695
Cyclist -1 -1 -10 681.000000 176.000000 744.000000 330.000000 1.649618 0.623182 0.639554 1.384964 1.827075 7.492441 1.165092 0.057424
Cyclist -1 -1 -10 798.000000 186.000000 830.000000 222.000000 1.642960 0.591945 0.550695 9.252438 1.778602 30.528189 -1.314117 0.026769
Cyclist -1 -1 -10 814.000000 182.000000 831.000000 229.000000 1.627926 0.643754 0.508669 8.875354 1.700690 29.084095 -1.271544 0.018826
Cyclist -1 -1 -10 778.000000 186.000000 824.000000 228.000000 1.822460 0.593253 0.673256 0.504595 1.170564 3.489359 1.896048 0.014798
