Pedestrian -1 -1 -10 17.000000 239.000000 158.000000 357.000000 1.639771 1.530219 3.260381 -7.148940 2.633462 8.112741 1.037519 0.020105
Car -1 -1 -10 256.000000 188.000000 472.000000 316.000000 1.548609 1.598402 3.677671 -3.380216 1.620810 9.824559 -1.407122 0.999542
Car -1 -1 -10 557.000000 177.000000 620.000000 238.000000 1.491111 1.633912 3.828048 -0.536751 1.352757 21.358979 -1.603419 0.999412
Car -1 -1 -10 500.000000 178.000000 547.000000 219.000000 1.451750 1.585468 3.856914 -3.519551 1.260152 28.855742 1.497456 0.995295
Car -1 -1 -10 185.000000 183.000000 305.000000 259.000000 1.551144 1.654754 3.923031 -8.027147 1.522432 16.206367 -1.999829 0.979364
Car -1 -1 -10 424.000000 176.000000 517.000000 251.000000 1.614458 1.630600 3.828608 -3.432715 1.499935 17.894950 -1.615302 0.975419
Car -1 -1 -10 2.000000 207.000000 317.000000 376.000000 1.480003 1.616258 3.819809 -3.100264 1.728495 3.838642 1.586491 0.955733
Car -1 -1 -10 314.000000 183.000000 370.000000 210.000000 1.533645 1.592647 3.853815 -12.900189 1.197605 34.551254 -1.849991 0.229976
Car -1 -1 -10 370.000000 181.000000 429.000000 213.000000 1.544950 1.622779 3.761819 -5.717399 2.218747 15.334060 -1.957238 0.171942
Car -1 -1 -10 257.000000 185.000000 316.000000 215.000000 1.488646 1.611109 3.875973 -16.731106 1.351150 36.598102 1.639542 0.060611
