Car -1 -1 -10 629.000000 179.000000 686.000000 223.000000 1.436273 1.569159 3.802863 1.973248 1.746176 27.018685 -1.616271 0.999155
Car -1 -1 -10 889.000000 184.000000 1239.000000 335.000000 1.432495 1.597062 3.780008 5.791236 1.722564 8.225165 -0.362282 0.990944
Car -1 -1 -10 795.000000 167.000000 1065.000000 287.000000 1.495762 1.660784 4.151660 4.870510 1.490908 12.439450 1.551359 0.985568
Car -1 -1 -10 291.000000 180.000000 440.000000 232.000000 1.455028 1.591657 4.039659 -7.092619 1.506616 22.255860 0.638007 0.978310
Car -1 -1 -10 -1.000000 152.000000 276.000000 316.000000 1.570940 1.595343 3.953198 -6.717854 1.628332 9.880942 -3.275665 0.952206
Car -1 -1 -10 1060.000000 189.000000 1242.000000 366.000000 1.464834 1.592270 3.767758 5.858093 1.637418 6.317840 -0.885779 0.909705
Car -1 -1 -10 613.000000 175.000000 648.000000 203.000000 1.505828 1.562140 3.612934 1.459954 2.044877 41.623159 -1.520562 0.822006
Car -1 -1 -10 349.000000 180.000000 472.000000 226.000000 1.475719 1.582706 3.819300 -6.464203 1.657905 23.049776 1.835799 0.274494
Car -1 -1 -10 457.000000 180.000000 507.000000 207.000000 1.474146 1.561012 3.745867 -6.437200 1.484866 35.901105 -1.712786 0.142598
Cyclist -1 -1 -10 449.000000 176.000000 489.000000 252.000000 1.640241 0.582969 0.709165 -3.240913 2.012446 17.021974 -1.720180 0.998896
Cyclist -1 -1 -10 454.000000 179.000000 505.000000 211.000000 1.503102 1.548286 3.663690 -6.240544 1.764864 34.151102 1.872524 0.220412
Cyclist -1 -1 -10 418.000000 179.000000 485.000000 236.000000 1.511966 1.504425 3.612601 -4.095269 1.976442 19.517855 1.332596 0.140814
Cyclist -1 -1 -10 789.000000 172.000000 1056.000000 283.000000 1.561766 1.651297 4.136759 4.604913 1.555844 12.193677 1.534889 0.031874
Cyclist -1 -1 -10 384.000000 182.000000 466.000000 227.000000 1.508271 1.532665 3.746492 -6.194123 1.754250 22.306104 1.788184 0.019642
