Pedestrian -1 -1 -10 715.000000 158.000000 727.000000 207.000000 1.614558 0.603973 0.624242 5.363750 0.999153 34.014968 -1.404319 0.130875
Pedestrian -1 -1 -10 728.000000 160.000000 738.000000 198.000000 1.626236 0.613602 0.584912 5.834973 0.947102 34.072185 -1.393513 0.023683
Car -1 -1 -10 152.000000 192.000000 382.000000 296.000000 1.536902 1.624709 3.804132 -5.822746 1.941655 12.423059 1.652392 0.999479
Car -1 -1 -10 727.000000 177.000000 894.000000 277.000000 1.445663 1.567946 3.934133 3.640343 1.570171 12.566887 1.398861 0.999007
Car -1 -1 -10 814.000000 178.000000 1204.000000 374.000000 1.484174 1.634536 4.032724 3.627134 1.634298 6.955440 1.502963 0.998297
Car -1 -1 -10 682.000000 175.000000 757.000000 226.000000 1.451245 1.537455 3.803341 3.393804 1.472601 21.469127 -1.538823 0.996905
Car -1 -1 -10 425.000000 176.000000 489.000000 221.000000 1.546289 1.592774 3.686124 -5.892246 1.864902 27.266796 1.777681 0.990538
Car -1 -1 -10 665.000000 173.000000 728.000000 215.000000 1.455857 1.548791 3.816661 3.737059 1.504565 26.701375 -1.582254 0.984828
Car -1 -1 -10 462.000000 177.000000 508.000000 212.000000 1.454502 1.543573 3.746113 -5.632300 1.871161 33.478139 1.477434 0.840748
Car -1 -1 -10 1091.000000 218.000000 1236.000000 374.000000 1.447486 1.669602 3.486268 2.273629 1.013083 3.725782 2.284910 0.066411
Cyclist -1 -1 -10 763.000000 167.000000 778.000000 213.000000 1.780786 0.590713 0.584287 8.000007 1.749980 34.951965 -1.366059 0.012785
