Pedestrian -1 -1 -10 198.000000 166.000000 264.000000 331.000000 1.699502 0.593993 0.764853 -3.972426 1.766809 7.680383 -1.997073 0.996633
Pedestrian -1 -1 -10 664.000000 165.000000 727.000000 317.000000 1.695997 0.611403 0.766628 1.041616 1.692366 8.144754 -1.403684 0.994643
Pedestrian -1 -1 -10 611.000000 169.000000 664.000000 320.000000 1.672466 0.604957 0.729573 0.380647 1.685964 7.932270 -1.484150 0.994637
Pedestrian -1 -1 -10 3.000000 168.000000 119.000000 371.000000 1.626875 0.596860 0.631133 -2.382349 1.568034 3.007260 -2.201835 0.785616
Pedestrian -1 -1 -10 743.000000 163.000000 770.000000 240.000000 1.591616 0.622140 0.607754 3.683146 1.422470 16.565314 -1.334099 0.139859
Pedestrian -1 -1 -10 724.000000 164.000000 748.000000 233.000000 1.656333 0.604875 0.686082 3.680429 1.400149 18.888294 -1.339929 0.091899
Pedestrian -1 -1 -10 715.000000 160.000000 737.000000 224.000000 1.617093 0.595715 0.627623 3.676674 1.131126 19.368538 -1.382657 0.064696
Pedestrian -1 -1 -10 617.000000 173.000000 646.000000 219.000000 1.637572 0.595714 0.578058 2.160502 1.660518 34.104604 -1.534618 0.026401
Pedestrian -1 -1 -10 690.000000 167.000000 753.000000 285.000000 1.619648 0.623400 0.650938 1.082809 1.609018 8.151789 -1.388586 0.026134
Pedestrian -1 -1 -10 707.000000 165.000000 768.000000 251.000000 1.738826 0.583540 0.604765 3.553027 1.277998 16.275596 -1.392609 0.010236
Cyclist -1 -1 -10 337.000000 171.000000 422.000000 335.000000 1.667059 0.569078 0.744068 -2.380064 1.749016 7.786462 -1.819197 0.998955
Cyclist -1 -1 -10 413.000000 165.000000 466.000000 275.000000 1.733685 0.585744 0.760807 -2.913996 1.707662 12.692386 -1.737836 0.998655
Cyclist -1 -1 -10 674.000000 164.000000 735.000000 306.000000 1.690567 0.605649 0.768446 1.037490 1.631971 8.195874 -1.402839 0.341685
Cyclist -1 -1 -10 693.000000 166.000000 758.000000 271.000000 1.646041 0.619113 0.652461 1.181103 1.602944 8.433437 -1.397265 0.207205
Cyclist -1 -1 -10 368.000000 167.000000 441.000000 306.000000 1.676825 0.565811 0.756614 -2.440924 1.736800 7.868499 -1.786884 0.102169
Cyclist -1 -1 -10 717.000000 163.000000 752.000000 242.000000 1.593396 0.629367 0.537441 3.755031 1.398015 17.540905 1.193885 0.059268
Cyclist -1 -1 -10 662.000000 165.000000 792.000000 282.000000 1.621317 0.570266 1.778561 1.046283 1.589560 8.425014 -1.433801 0.057090
Cyclist -1 -1 -10 0.000000 175.000000 118.000000 369.000000 1.625782 0.590982 0.642546 -2.402317 1.536606 3.015678 -2.204535 0.038908
Cyclist -1 -1 -10 732.000000 164.000000 768.000000 242.000000 1.606333 0.627709 0.579846 3.761426 1.414882 16.995036 -1.336909 0.030588
Cyclist -1 -1 -10 730.000000 176.000000 875.000000 316.000000 1.713739 0.513999 1.722847 2.243681 1.889118 8.031302 -1.246139 0.028901
Cyclist -1 -1 -10 402.000000 171.000000 449.000000 230.000000 1.648335 0.578615 0.717136 -5.268619 1.622029 21.737627 -1.771586 0.016727
Cyclist -1 -1 -10 386.000000 177.000000 432.000000 225.000000 1.612235 0.578176 0.605976 -5.186405 1.513555 21.857943 -1.823939 0.013544
