Pedestrian -1 -1 -10 657.000000 168.000000 679.000000 233.000000 1.685330 0.600025 0.728897 1.991590 1.698477 20.995213 -1.436583 0.955251
Pedestrian -1 -1 -10 680.000000 172.000000 704.000000 235.000000 1.689050 0.608386 0.748117 2.683809 1.651703 21.120472 -1.402215 0.880712
Pedestrian -1 -1 -10 499.000000 172.000000 524.000000 232.000000 1.684187 0.602513 0.749561 -2.529943 1.576481 20.363520 -1.651236 0.838426
Pedestrian -1 -1 -10 1104.000000 185.000000 1198.000000 319.000000 1.606171 0.610560 0.657344 5.867907 1.773954 7.253079 -0.880639 0.518723
Pedestrian -1 -1 -10 836.000000 188.000000 870.000000 294.000000 1.635757 0.698466 0.675835 3.343630 1.805006 12.152606 1.918269 0.106179
Pedestrian -1 -1 -10 461.000000 172.000000 472.000000 205.000000 1.639495 0.593349 0.534025 -5.809754 1.318243 32.196700 -1.712312 0.079016
Pedestrian -1 -1 -10 878.000000 183.000000 936.000000 290.000000 1.624901 0.600476 0.604664 3.141519 1.694981 7.171938 -1.120120 0.058381
Pedestrian -1 -1 -10 1043.000000 172.000000 1092.000000 261.000000 1.678811 0.586260 0.707275 8.310013 1.476176 12.490707 -0.938931 0.037963
Pedestrian -1 -1 -10 574.000000 173.000000 587.000000 207.000000 1.632940 0.608135 0.683867 -0.920668 1.514758 37.102731 -1.568716 0.034504
Pedestrian -1 -1 -10 1167.000000 192.000000 1203.000000 313.000000 1.813610 0.667843 0.861921 4.548658 1.886364 6.773038 -0.905110 0.023002
Car -1 -1 -10 595.000000 172.000000 627.000000 197.000000 1.509254 1.565556 3.689462 -0.035622 1.438862 53.379842 -1.647642 0.012285
Cyclist -1 -1 -10 877.000000 182.000000 936.000000 292.000000 1.609104 0.600799 0.582413 3.194638 1.573093 7.266350 -1.130607 0.101913
Cyclist -1 -1 -10 657.000000 168.000000 679.000000 232.000000 1.650021 0.583877 0.725182 1.990452 1.604888 21.065150 -1.443471 0.046093
Cyclist -1 -1 -10 832.000000 196.000000 875.000000 291.000000 1.874745 0.594299 0.714259 0.789297 1.337998 3.660870 1.980101 0.027449
Cyclist -1 -1 -10 814.000000 190.000000 937.000000 296.000000 1.753974 0.524768 1.770883 2.878458 1.636934 7.256383 -1.186130 0.023741
Cyclist -1 -1 -10 1104.000000 186.000000 1205.000000 314.000000 1.764701 0.483948 1.669160 5.860890 1.734376 7.216607 -0.883648 0.021959
