Pedestrian -1 -1 -10 336.000000 178.000000 388.000000 317.000000 1.689367 0.610547 0.765939 -3.041394 1.874433 9.431059 -1.850984 0.998338
Pedestrian -1 -1 -10 759.000000 172.000000 812.000000 329.000000 1.710226 0.589726 0.744176 2.157574 1.815389 8.447334 -1.259991 0.997056
Pedestrian -1 -1 -10 912.000000 165.000000 970.000000 313.000000 1.684354 0.603721 0.732940 4.094529 1.703547 8.430965 -1.087896 0.996398
Pedestrian -1 -1 -10 640.000000 174.000000 670.000000 250.000000 1.695111 0.609987 0.752234 1.232861 1.763788 17.998109 -1.462096 0.993276
Pedestrian -1 -1 -10 972.000000 167.000000 1029.000000 310.000000 1.644962 0.610451 0.726391 4.626162 1.668977 8.057281 -1.027794 0.990389
Pedestrian -1 -1 -10 715.000000 176.000000 756.000000 290.000000 1.742992 0.593159 0.716500 2.054891 1.938878 11.251362 0.728757 0.979853
Pedestrian -1 -1 -10 241.000000 177.000000 293.000000 315.000000 1.683620 0.610766 0.739075 -4.419665 1.860258 9.617806 -1.968906 0.957924
Pedestrian -1 -1 -10 694.000000 181.000000 727.000000 281.000000 1.677142 0.590635 0.608337 2.052494 1.920866 11.661665 0.710482 0.854823
Pedestrian -1 -1 -10 795.000000 171.000000 820.000000 252.000000 1.702461 0.595992 0.582801 3.989672 1.612889 14.754506 2.331615 0.746306
Pedestrian -1 -1 -10 777.000000 173.000000 818.000000 280.000000 1.769318 0.599029 0.620749 3.118746 1.681069 11.924528 1.320694 0.402818
Pedestrian -1 -1 -10 666.000000 181.000000 687.000000 235.000000 1.750751 0.598984 0.634560 2.805356 1.850092 26.680842 1.725640 0.093448
Pedestrian -1 -1 -10 240.000000 241.000000 323.000000 312.000000 1.844045 0.613949 0.705797 -3.591670 2.154904 5.983923 1.211189 0.058424
Pedestrian -1 -1 -10 763.000000 177.000000 802.000000 245.000000 1.615194 0.607734 0.590118 3.732967 1.500415 13.973132 -1.284796 0.036391
Car -1 -1 -10 548.000000 185.000000 596.000000 224.000000 1.472137 1.586821 3.711497 -1.256979 1.737357 30.658932 1.669137 0.999062
Cyclist -1 -1 -10 230.000000 180.000000 304.000000 310.000000 1.682148 0.602615 0.739435 -4.370924 1.842274 9.571468 -1.980348 0.722105
Cyclist -1 -1 -10 236.000000 240.000000 324.000000 313.000000 1.832062 0.596137 0.695213 -3.376525 1.916468 5.551612 1.214547 0.057778
