Pedestrian -1 -1 -10 579.000000 158.000000 606.000000 237.000000 1.691887 0.607458 0.747157 -0.133384 1.382736 15.733425 -1.544186 0.995745
Pedestrian -1 -1 -10 817.000000 153.000000 858.000000 255.000000 1.688622 0.601510 0.740451 3.859714 1.383760 11.606659 -1.211029 0.992794
Pedestrian -1 -1 -10 28.000000 170.000000 157.000000 367.000000 1.654546 0.600241 0.707907 -3.510145 1.667302 4.968623 -2.154405 0.982173
Pedestrian -1 -1 -10 540.000000 156.000000 566.000000 225.000000 1.687422 0.606517 0.743215 -1.212478 1.236638 19.067626 -1.597538 0.965937
Pedestrian -1 -1 -10 1038.000000 141.000000 1169.000000 357.000000 1.596620 0.603251 0.587831 2.660739 1.679961 3.795636 -0.945466 0.734679
Pedestrian -1 -1 -10 477.000000 159.000000 508.000000 235.000000 1.647790 0.606985 0.711239 -2.483427 1.400290 16.513434 -1.680678 0.524389
Pedestrian -1 -1 -10 618.000000 158.000000 634.000000 208.000000 1.608492 0.595804 0.597492 0.973108 0.870787 27.550894 -1.501930 0.504223
Pedestrian -1 -1 -10 605.000000 160.000000 619.000000 206.000000 1.670543 0.625663 0.685811 0.380365 0.940483 28.435074 -1.556715 0.438962
Pedestrian -1 -1 -10 707.000000 150.000000 754.000000 243.000000 1.628519 0.633100 0.711062 2.383585 1.300215 12.905967 1.243780 0.403313
Pedestrian -1 -1 -10 1070.000000 145.000000 1111.000000 283.000000 1.680019 0.594395 0.596840 6.162647 0.919559 8.814561 -0.976157 0.173722
Pedestrian -1 -1 -10 676.000000 156.000000 700.000000 211.000000 1.624845 0.593794 0.686781 3.642424 0.753715 30.883063 -1.419622 0.119234
Pedestrian -1 -1 -10 574.000000 160.000000 593.000000 217.000000 1.610650 0.594608 0.616803 -0.579387 1.188244 28.606878 -1.573586 0.096295
Cyclist -1 -1 -10 344.000000 172.000000 443.000000 327.000000 1.666023 0.592220 0.743842 -2.223835 1.716290 7.854697 -1.813579 0.997593
Cyclist -1 -1 -10 1026.000000 140.000000 1182.000000 370.000000 1.624545 0.601349 0.622322 2.638137 1.655992 3.925474 -0.954752 0.971694
Cyclist -1 -1 -10 703.000000 151.000000 761.000000 246.000000 1.649805 0.626264 0.693452 2.364189 1.251268 12.875805 -1.393633 0.944346
Cyclist -1 -1 -10 13.000000 174.000000 162.000000 356.000000 1.641683 0.587356 0.716852 -3.523867 1.618763 4.996956 -2.162188 0.606462
Cyclist -1 -1 -10 669.000000 157.000000 702.000000 214.000000 1.628692 0.602175 0.511100 2.886353 1.396866 23.627510 -1.425604 0.106556
Cyclist -1 -1 -10 1056.000000 146.000000 1141.000000 319.000000 1.487650 1.638022 3.632932 2.083831 1.251975 3.992308 2.262558 0.045100
Cyclist -1 -1 -10 1085.000000 177.000000 1227.000000 370.000000 1.808823 0.590340 0.666483 2.289509 1.357361 3.810909 2.292667 0.012295
Cyclist -1 -1 -10 475.000000 161.000000 513.000000 234.000000 1.630412 0.608871 0.677226 -2.508806 1.387063 16.703633 -1.685763 0.010573
Cyclist -1 -1 -10 657.000000 158.000000 688.000000 206.000000 1.640468 0.590718 0.681027 3.419764 0.663332 30.810357 -1.442660 0.010331
