Car -1 -1 -10 295.000000 180.000000 452.000000 236.000000 1.563384 1.654498 3.991149 -6.373048 1.677478 20.770140 -0.824761 0.996694
Car -1 -1 -10 815.000000 168.000000 1075.000000 268.000000 1.519819 1.620679 3.943657 6.655227 1.615121 14.326424 -0.065623 0.994798
Car -1 -1 -10 -10.000000 170.000000 331.000000 290.000000 1.537855 1.566957 3.844317 -6.316653 1.580082 11.198046 1.525713 0.988441
Car -1 -1 -10 359.000000 177.000000 491.000000 225.000000 1.535108 1.627173 4.063010 -5.822237 1.617934 25.645205 -3.000688 0.962091
Car -1 -1 -10 1077.000000 185.000000 1238.000000 370.000000 1.501659 1.585403 3.728435 5.989218 1.691181 6.656797 -0.898710 0.881390
Car -1 -1 -10 110.000000 183.000000 340.000000 268.000000 1.483768 1.620467 3.849354 -6.495566 1.608441 13.212855 -2.039612 0.385172
Car -1 -1 -10 479.000000 177.000000 537.000000 203.000000 1.467036 1.606319 3.813359 -5.914629 1.898848 43.134609 1.932354 0.151144
Car -1 -1 -10 451.000000 175.000000 515.000000 205.000000 1.451894 1.571023 3.621054 -6.069372 2.024827 40.821554 -1.635446 0.076939
Car -1 -1 -10 654.000000 149.000000 743.000000 228.000000 1.718676 1.604467 4.281390 2.802901 1.185643 23.060028 -1.616123 0.067411
Car -1 -1 -10 649.000000 178.000000 698.000000 219.000000 1.450853 1.511095 3.429858 2.245397 1.922298 26.471017 -1.472458 0.048867
Car -1 -1 -10 638.000000 175.000000 682.000000 206.000000 1.522000 1.599298 3.698435 2.449650 1.491876 39.746055 -1.483892 0.035253
Car -1 -1 -10 962.000000 166.000000 1066.000000 208.000000 1.498679 1.601348 3.706603 18.747147 1.076502 30.860011 -1.032089 0.020565
