Pedestrian -1 -1 -10 119.000000 142.000000 248.000000 372.000000 1.674337 0.600275 0.722179 -2.543572 1.551201 4.234152 -2.062016 0.997775
Pedestrian -1 -1 -10 650.000000 158.000000 686.000000 247.000000 1.511608 1.544900 3.742907 0.359541 1.818074 14.340492 1.679306 0.896008
Pedestrian -1 -1 -10 646.000000 162.000000 667.000000 244.000000 1.586069 0.606545 0.610273 2.298917 1.146489 25.849460 -1.473160 0.245009
Pedestrian -1 -1 -10 752.000000 153.000000 773.000000 239.000000 1.728786 0.685067 0.767320 1.393682 1.795546 9.539590 -1.395724 0.138613
Pedestrian -1 -1 -10 637.000000 168.000000 710.000000 236.000000 1.604623 0.606630 0.608858 2.514320 1.263507 25.769643 -1.458940 0.025846
Car -1 -1 -10 594.000000 182.000000 859.000000 303.000000 1.559136 1.674886 3.991736 1.776628 1.508471 10.666666 -0.372229 0.997568
Car -1 -1 -10 606.000000 169.000000 775.000000 265.000000 1.529151 1.685596 3.912281 1.222043 0.979211 15.470171 -0.400685 0.010303
Cyclist -1 -1 -10 634.000000 163.000000 696.000000 239.000000 1.618487 0.600207 0.599588 2.595949 1.239553 25.749513 -1.483357 0.581064
Cyclist -1 -1 -10 611.000000 161.000000 730.000000 249.000000 1.711508 0.579470 0.626066 1.293908 1.344850 14.477170 -1.489371 0.183757
Cyclist -1 -1 -10 636.000000 163.000000 661.000000 243.000000 1.631704 0.586605 0.621633 1.969402 1.286635 26.127504 -1.506561 0.027762
Cyclist -1 -1 -10 598.000000 175.000000 854.000000 305.000000 1.440968 1.658943 3.791629 1.434075 1.574320 10.004738 -0.327636 0.027581
Cyclist -1 -1 -10 741.000000 155.000000 779.000000 241.000000 1.537992 1.500148 3.629068 2.839821 1.902959 17.101673 1.808538 0.018486
