Pedestrian -1 -1 -10 498.000000 174.000000 511.000000 207.000000 1.619900 0.609015 0.640271 -5.801086 2.101212 39.512396 -1.703004 0.042539
Pedestrian -1 -1 -10 666.000000 165.000000 671.000000 193.000000 1.681075 0.594769 0.609432 3.379254 0.974878 39.534050 -1.493335 0.011104
Car -1 -1 -10 457.000000 180.000000 500.000000 214.000000 1.497298 1.586579 3.826785 -5.883225 1.814484 32.906377 -1.768438 0.988837
Car -1 -1 -10 694.000000 165.000000 791.000000 250.000000 1.510746 1.508538 3.742634 3.136630 1.586395 16.038249 1.196022 0.962059
Car -1 -1 -10 638.000000 175.000000 692.000000 212.000000 1.457546 1.586648 3.850482 2.257735 1.537613 30.440259 -1.587959 0.952286
Car -1 -1 -10 673.000000 173.000000 739.000000 227.000000 1.420106 1.526829 3.730106 3.147695 1.724889 21.655266 1.110062 0.894389
Car -1 -1 -10 573.000000 176.000000 606.000000 201.000000 1.453417 1.581027 3.824048 -1.324488 1.874817 49.745774 -1.665209 0.345519
Car -1 -1 -10 1118.000000 190.000000 1236.000000 366.000000 1.482047 1.651022 3.592911 2.989367 1.686099 3.275284 2.225928 0.182987
Car -1 -1 -10 719.000000 179.000000 837.000000 259.000000 1.481404 1.606087 3.531777 2.917711 1.679024 14.820508 -1.315761 0.065484
Car -1 -1 -10 608.000000 177.000000 661.000000 206.000000 1.458758 1.539336 3.790138 1.406531 1.703753 37.238721 -1.642034 0.043036
Cyclist -1 -1 -10 497.000000 173.000000 514.000000 207.000000 1.617545 0.599777 0.646419 -5.724246 2.195654 39.415692 -1.708260 0.576336
Cyclist -1 -1 -10 517.000000 173.000000 530.000000 206.000000 1.496857 1.496874 3.723033 -3.971555 3.419253 21.153470 1.423288 0.035048
