Car -1 -1 -10 733.000000 178.000000 871.000000 270.000000 1.460069 1.582933 3.877179 3.618658 1.667729 13.418090 1.384792 0.999499
Car -1 -1 -10 333.000000 184.000000 448.000000 248.000000 1.542063 1.590115 3.716196 -5.708778 1.969835 18.585888 1.738669 0.999044
Car -1 -1 -10 7.000000 198.000000 301.000000 341.000000 1.506886 1.639089 3.718012 -5.970422 1.973737 9.529171 1.499338 0.998503
Car -1 -1 -10 691.000000 178.000000 782.000000 239.000000 1.450622 1.531325 3.817445 3.654720 1.707497 19.141643 -1.518125 0.992156
Car -1 -1 -10 667.000000 174.000000 722.000000 216.000000 1.431583 1.556321 3.837385 3.503315 1.562686 27.441286 -1.562135 0.981653
Car -1 -1 -10 931.000000 175.000000 1229.000000 372.000000 1.433532 1.574284 3.867667 3.568939 1.626346 3.482021 1.536314 0.963410
Car -1 -1 -10 464.000000 176.000000 511.000000 210.000000 1.470265 1.538110 3.836939 -6.199915 1.874599 33.691187 1.862905 0.853961
Car -1 -1 -10 50.000000 186.000000 200.000000 243.000000 1.403000 1.491992 3.766936 -15.279630 1.801575 22.560490 1.547413 0.436830
Car -1 -1 -10 0.000000 252.000000 34.000000 369.000000 1.563653 1.606167 3.304151 -8.203743 2.533352 7.907065 0.974066 0.048869
Car -1 -1 -10 111.000000 186.000000 236.000000 235.000000 1.465654 1.584606 3.845900 -15.182123 1.696789 23.535701 1.503621 0.048365
Car -1 -1 -10 660.000000 175.000000 701.000000 208.000000 1.456082 1.510719 3.539170 3.401586 1.728699 32.843460 1.075333 0.041489
Car -1 -1 -10 484.000000 178.000000 522.000000 206.000000 1.459320 1.559853 3.704871 -6.130050 1.915175 37.734255 1.933422 0.033856
Car -1 -1 -10 65.000000 190.000000 142.000000 253.000000 1.457816 1.534477 3.700600 -13.871893 1.886430 19.586892 -2.179301 0.025755
Cyclist -1 -1 -10 75.000000 191.000000 114.000000 257.000000 1.622440 0.587875 0.586067 -10.927038 1.893864 14.733310 -2.151358 0.704716
Cyclist -1 -1 -10 47.000000 187.000000 184.000000 252.000000 1.613849 0.656970 1.658512 -12.583284 1.826425 17.536839 0.441420 0.075720
