Car -1 -1 -10 93.000000 201.000000 315.000000 314.000000 1.522717 1.646326 3.750643 -6.332323 2.070468 11.419612 1.566655 0.999217
Car -1 -1 -10 684.000000 180.000000 775.000000 245.000000 1.466615 1.562093 3.755920 3.075811 1.625214 17.766628 -1.505307 0.999173
Car -1 -1 -10 454.000000 183.000000 504.000000 217.000000 1.482298 1.560434 3.841963 -6.432374 2.178636 32.690248 1.931461 0.994287
Car -1 -1 -10 995.000000 152.000000 1245.000000 265.000000 1.625987 1.606042 4.045544 8.214931 1.336294 12.050818 1.655048 0.982885
Car -1 -1 -10 814.000000 157.000000 1010.000000 219.000000 1.536752 1.627375 3.996815 8.512795 1.090843 20.638712 2.598861 0.953437
Car -1 -1 -10 478.000000 183.000000 516.000000 212.000000 1.432021 1.584673 3.774819 -5.985765 2.235040 38.116334 1.537385 0.334324
Car -1 -1 -10 356.000000 183.000000 454.000000 244.000000 1.575254 1.583447 3.729471 -6.184180 2.063804 21.295433 1.794731 0.296277
Car -1 -1 -10 875.000000 158.000000 1144.000000 231.000000 1.435964 1.637086 3.910645 9.234219 1.062071 19.770238 0.038993 0.129111
Car -1 -1 -10 707.000000 166.000000 787.000000 196.000000 1.492315 1.670971 3.963442 9.063214 1.365010 47.034998 2.829772 0.025278
Car -1 -1 -10 703.000000 170.000000 775.000000 218.000000 1.529030 1.659331 3.872770 4.713594 1.290284 26.580280 -1.972134 0.019905
