Pedestrian -1 -1 -10 437.000000 165.000000 466.000000 241.000000 1.708265 0.607720 0.745233 -3.482053 1.545243 17.145645 -1.741273 0.978602
Pedestrian -1 -1 -10 452.000000 165.000000 481.000000 239.000000 1.722751 0.601595 0.776083 -3.282909 1.532148 17.197027 -1.714848 0.922565
Pedestrian -1 -1 -10 416.000000 169.000000 430.000000 213.000000 1.664259 0.606876 0.711808 -7.402225 1.422594 28.837548 -1.793603 0.845787
Pedestrian -1 -1 -10 450.000000 167.000000 463.000000 230.000000 1.683005 0.597203 0.726734 -3.524187 1.502598 17.115415 -1.738575 0.028535
Pedestrian -1 -1 -10 420.000000 165.000000 453.000000 224.000000 1.600223 0.633538 0.625204 -3.792740 1.466204 17.663603 -1.776223 0.024388
Pedestrian -1 -1 -10 439.000000 168.000000 458.000000 213.000000 1.592479 0.952280 2.976534 -5.604485 3.148978 20.207704 1.181910 0.023521
Pedestrian -1 -1 -10 440.000000 167.000000 451.000000 204.000000 1.708272 0.685187 0.756532 -3.204385 1.853517 10.311633 -1.844390 0.018395
Car -1 -1 -10 553.000000 163.000000 593.000000 208.000000 1.500052 1.630877 3.865484 -1.397255 0.980155 33.988498 -1.656566 0.632111
Cyclist -1 -1 -10 415.000000 169.000000 429.000000 212.000000 1.626372 0.592954 0.695373 -7.387991 1.334142 28.845910 -1.802654 0.069847
Cyclist -1 -1 -10 455.000000 165.000000 483.000000 236.000000 1.709801 0.591503 0.787856 -3.281947 1.459071 17.222704 -1.724557 0.060470
Cyclist -1 -1 -10 439.000000 164.000000 471.000000 239.000000 1.702868 0.605021 0.765633 -3.411343 1.426873 17.273234 -1.748397 0.017782
