Pedestrian -1 -1 -10 978.000000 162.000000 1063.000000 327.000000 1.700874 0.602026 0.753447 4.125426 1.671568 7.176093 -1.004758 0.993008
Pedestrian -1 -1 -10 385.000000 171.000000 421.000000 262.000000 1.526885 1.564518 3.696248 -3.556396 1.240111 10.605262 1.328123 0.978117
Pedestrian -1 -1 -10 519.000000 177.000000 536.000000 234.000000 1.687634 0.602541 0.737368 -2.130621 1.761888 20.728787 -1.635350 0.977385
Pedestrian -1 -1 -10 417.000000 169.000000 440.000000 244.000000 1.622763 0.598913 0.616548 -4.360640 1.523164 17.778722 -1.793940 0.799389
Pedestrian -1 -1 -10 674.000000 177.000000 694.000000 224.000000 1.630065 0.600992 0.677940 2.808512 1.759986 24.277516 -1.427733 0.763982
Pedestrian -1 -1 -10 574.000000 177.000000 593.000000 222.000000 1.680313 0.620436 0.691524 -0.729948 1.722462 27.428271 -1.566571 0.692430
Pedestrian -1 -1 -10 627.000000 174.000000 643.000000 218.000000 1.660285 0.608645 0.720925 1.396651 1.641320 28.796891 -1.490191 0.526433
Pedestrian -1 -1 -10 311.000000 152.000000 350.000000 267.000000 1.630270 0.594616 0.616320 -4.346062 1.936480 11.208180 -1.920677 0.246196
Pedestrian -1 -1 -10 657.000000 173.000000 669.000000 207.000000 1.659999 0.590815 0.724143 3.437493 1.703306 39.395193 -1.433117 0.140063
Pedestrian -1 -1 -10 705.000000 168.000000 722.000000 218.000000 1.651097 0.605538 0.593833 4.773830 1.388335 30.632402 -1.419099 0.014335
Car -1 -1 -10 -3.000000 204.000000 290.000000 371.000000 1.478839 1.614171 3.663089 -3.513012 1.635137 6.194364 1.509714 0.059756
Car -1 -1 -10 1.000000 217.000000 136.000000 373.000000 1.466842 1.534073 3.642348 -3.396457 1.954790 4.120026 1.461608 0.033467
Cyclist -1 -1 -10 572.000000 175.000000 593.000000 222.000000 1.671896 0.613829 0.710685 -0.721539 1.674776 27.446767 -1.576449 0.367351
Cyclist -1 -1 -10 -4.000000 209.000000 313.000000 369.000000 1.480772 1.563960 3.712522 -3.174350 1.767286 5.284403 1.530113 0.017343
Cyclist -1 -1 -10 705.000000 168.000000 722.000000 218.000000 1.656732 0.592030 0.622698 4.738778 1.365549 30.688734 -1.423219 0.012251
Cyclist -1 -1 -10 152.000000 232.000000 344.000000 365.000000 1.624801 0.602833 0.610164 -2.693012 2.128739 4.878799 -2.043517 0.011415
