Pedestrian -1 -1 -10 289.000000 155.000000 376.000000 359.000000 1.718406 0.608672 0.776928 -2.449334 1.714662 6.598330 -1.887578 0.997987
Pedestrian -1 -1 -10 623.000000 168.000000 667.000000 303.000000 1.695122 0.602235 0.753559 0.616098 1.727236 9.104594 -1.470355 0.996729
Pedestrian -1 -1 -10 907.000000 122.000000 1036.000000 372.000000 1.753633 0.605861 0.680356 2.325329 1.549041 4.758914 1.032318 0.984632
Pedestrian -1 -1 -10 551.000000 169.000000 572.000000 229.000000 1.704970 0.608789 0.758077 -1.172024 1.550764 21.211925 -1.584271 0.979238
Pedestrian -1 -1 -10 513.000000 171.000000 534.000000 224.000000 1.674707 0.609336 0.731056 -2.500987 1.498142 22.887555 -1.645509 0.957316
Pedestrian -1 -1 -10 977.000000 139.000000 1101.000000 367.000000 1.673105 0.614472 0.638541 2.711606 1.505031 4.958680 2.585889 0.942658
Pedestrian -1 -1 -10 583.000000 170.000000 603.000000 226.000000 1.707858 0.595840 0.683269 -0.177626 1.542325 21.577795 0.532102 0.713650
Pedestrian -1 -1 -10 487.000000 169.000000 505.000000 224.000000 1.719407 0.591070 0.757886 -3.392771 1.544056 23.158111 0.399328 0.693082
Pedestrian -1 -1 -10 468.000000 172.000000 489.000000 226.000000 1.647851 0.600510 0.692950 -3.919655 1.423538 23.312668 -1.708559 0.475903
Pedestrian -1 -1 -10 597.000000 171.000000 614.000000 225.000000 1.759777 0.573737 0.654463 -0.143451 1.612175 22.257950 2.065383 0.311583
Pedestrian -1 -1 -10 818.000000 130.000000 1125.000000 366.000000 1.737324 0.605514 0.753701 2.552364 1.553206 4.946379 1.030562 0.308134
Pedestrian -1 -1 -10 223.000000 198.000000 264.000000 293.000000 1.727533 0.679129 0.780252 -5.308774 1.884309 8.882362 -2.075025 0.298018
Pedestrian -1 -1 -10 576.000000 168.000000 595.000000 222.000000 1.683183 0.582032 0.621653 -0.174549 1.440187 21.950321 0.530603 0.184531
Pedestrian -1 -1 -10 285.000000 190.000000 322.000000 293.000000 1.702978 0.592105 0.601566 -2.533385 1.574072 6.776505 -1.969921 0.081197
Pedestrian -1 -1 -10 353.000000 192.000000 393.000000 302.000000 1.863559 0.611335 0.711058 -2.310423 2.073707 5.123268 -1.895355 0.057570
Pedestrian -1 -1 -10 199.000000 203.000000 238.000000 286.000000 1.769333 0.583993 0.613010 -6.316357 2.019794 11.825680 -2.070608 0.032741
Cyclist -1 -1 -10 399.000000 169.000000 482.000000 335.000000 1.683591 0.578470 0.745084 -1.676591 1.728475 7.797725 -1.741220 0.998838
Cyclist -1 -1 -10 862.000000 132.000000 1077.000000 368.000000 1.728504 0.607653 1.769339 2.359389 1.454512 4.688043 -1.071577 0.714532
Cyclist -1 -1 -10 975.000000 141.000000 1098.000000 368.000000 1.718902 0.623657 0.601736 2.518919 1.458974 4.834683 1.620507 0.392343
Cyclist -1 -1 -10 617.000000 177.000000 648.000000 234.000000 1.665639 0.612516 0.586267 0.613340 1.650554 21.968529 -1.527260 0.231971
Cyclist -1 -1 -10 620.000000 170.000000 667.000000 295.000000 1.678766 0.595275 0.750910 0.612363 1.665949 9.143602 -1.481056 0.204143
Cyclist -1 -1 -10 513.000000 171.000000 535.000000 224.000000 1.666289 0.598037 0.744049 -2.498196 1.451623 22.907871 -1.652118 0.018096
Cyclist -1 -1 -10 283.000000 191.000000 323.000000 283.000000 1.878159 0.592607 0.720053 -1.807051 1.336325 3.161280 1.247580 0.010441
