Pedestrian -1 -1 -10 760.000000 144.000000 818.000000 298.000000 1.710553 0.602197 0.766403 2.166971 1.527776 8.602684 -1.275606 0.998484
Pedestrian -1 -1 -10 1093.000000 139.000000 1198.000000 344.000000 1.692876 0.599634 0.748814 4.446987 1.502397 6.083766 -0.883308 0.997668
Pedestrian -1 -1 -10 696.000000 158.000000 748.000000 305.000000 1.677061 0.602311 0.736344 1.367146 1.573939 8.246715 -1.368380 0.994681
Pedestrian -1 -1 -10 207.000000 167.000000 249.000000 280.000000 1.659099 0.634631 0.645276 -5.522950 1.757808 10.979007 0.537043 0.994219
Pedestrian -1 -1 -10 1006.000000 135.000000 1056.000000 278.000000 1.770127 0.585711 0.724088 5.412560 1.354682 9.099785 1.080833 0.992407
Pedestrian -1 -1 -10 728.000000 154.000000 762.000000 266.000000 1.672011 0.601301 0.717427 2.259153 1.395544 11.207551 -1.339634 0.930938
Pedestrian -1 -1 -10 270.000000 169.000000 328.000000 306.000000 1.693349 0.574837 0.742664 -3.911975 1.832029 9.052585 -1.907922 0.853420
Pedestrian -1 -1 -10 1129.000000 135.000000 1224.000000 310.000000 1.734921 0.577340 0.642431 4.977215 1.460008 6.645855 1.236348 0.748743
Pedestrian -1 -1 -10 236.000000 169.000000 278.000000 272.000000 1.633113 0.595560 0.624154 -5.814290 1.604753 11.673146 -2.005834 0.648822
Pedestrian -1 -1 -10 605.000000 163.000000 630.000000 236.000000 1.723717 0.578520 0.746138 0.312261 1.550055 17.112726 0.570359 0.608364
Pedestrian -1 -1 -10 803.000000 142.000000 821.000000 217.000000 1.652119 0.634081 0.598912 5.440934 1.066704 18.632317 2.343243 0.603809
Pedestrian -1 -1 -10 242.000000 169.000000 310.000000 290.000000 1.660759 0.598118 0.710493 -4.119894 1.718629 9.146061 -1.950229 0.239773
Pedestrian -1 -1 -10 228.000000 167.000000 265.000000 240.000000 1.628881 0.599671 0.608553 -8.407569 1.252683 16.792443 -2.022041 0.168665
Pedestrian -1 -1 -10 787.000000 150.000000 805.000000 212.000000 1.656606 0.607485 0.632295 5.943607 0.615915 21.727434 2.295210 0.161093
Pedestrian -1 -1 -10 687.000000 172.000000 711.000000 234.000000 1.619391 0.607742 0.564416 2.517782 1.480081 17.745336 -1.432020 0.158695
Pedestrian -1 -1 -10 691.000000 167.000000 730.000000 254.000000 1.653939 0.593177 0.574914 2.519941 1.686987 16.443731 -1.422443 0.156464
Pedestrian -1 -1 -10 794.000000 143.000000 813.000000 218.000000 1.663948 0.636421 0.584052 4.853003 1.084870 17.483749 2.335867 0.089670
Car -1 -1 -10 378.000000 156.000000 475.000000 230.000000 1.601126 1.647948 3.842939 -5.090097 1.135143 20.831213 1.788577 0.983668
Car -1 -1 -10 430.000000 159.000000 497.000000 216.000000 1.507356 1.609339 3.857636 -4.903790 0.963847 27.170912 1.743542 0.523517
Car -1 -1 -10 511.000000 162.000000 566.000000 213.000000 1.508850 1.650603 3.928467 -2.446270 1.004585 26.612819 1.451663 0.474985
Cyclist -1 -1 -10 267.000000 169.000000 326.000000 306.000000 1.738024 0.523152 1.741362 -3.914756 1.758398 9.063883 -1.921219 0.636379
Cyclist -1 -1 -10 235.000000 171.000000 296.000000 276.000000 1.637212 0.586771 0.634559 -5.868741 1.558007 11.675318 -2.001454 0.139198
Cyclist -1 -1 -10 227.000000 164.000000 261.000000 232.000000 1.618314 0.591574 0.637813 -8.314458 1.045680 16.959102 -2.015160 0.038082
Cyclist -1 -1 -10 691.000000 166.000000 721.000000 239.000000 1.598467 0.593283 0.585970 2.519784 1.494696 17.134404 -1.389381 0.021964
Cyclist -1 -1 -10 1122.000000 136.000000 1220.000000 317.000000 1.652854 0.571816 0.690070 4.570972 1.458916 6.193151 -0.860750 0.016678
Cyclist -1 -1 -10 694.000000 159.000000 748.000000 304.000000 1.679557 0.596553 0.750090 1.375816 1.529465 8.291461 -1.375628 0.011921
