Car -1 -1 -10 680.000000 183.000000 784.000000 255.000000 1.446828 1.560691 3.837820 2.937659 1.735545 16.722696 -1.530700 0.999271
Car -1 -1 -10 -13.000000 177.000000 315.000000 318.000000 1.561221 1.637080 4.030301 -5.923195 1.588755 9.380506 0.429171 0.996827
Car -1 -1 -10 748.000000 179.000000 886.000000 232.000000 1.461338 1.628411 3.890166 6.492528 1.586561 22.389575 1.322772 0.977369
Car -1 -1 -10 424.000000 174.000000 525.000000 211.000000 1.491625 1.566116 3.884578 -5.553411 1.440875 32.313162 0.853806 0.972728
Car -1 -1 -10 271.000000 173.000000 471.000000 241.000000 1.533909 1.612273 4.164847 -5.837123 1.503983 19.334984 -2.997627 0.954885
Car -1 -1 -10 696.000000 176.000000 772.000000 214.000000 1.462219 1.578145 3.782625 6.107230 1.406885 35.253008 1.241099 0.872538
Car -1 -1 -10 670.000000 176.000000 728.000000 203.000000 1.507945 1.571850 3.815192 5.786287 1.766675 45.652959 -0.338977 0.738726
Car -1 -1 -10 364.000000 173.000000 498.000000 222.000000 1.541847 1.611508 3.866579 -5.766131 1.605355 28.632636 -1.819531 0.659909
Car -1 -1 -10 183.000000 175.000000 363.000000 256.000000 1.524369 1.556917 3.856347 -6.612532 1.496152 14.788903 1.599789 0.501898
Car -1 -1 -10 1120.000000 228.000000 1236.000000 371.000000 1.465701 1.656235 3.582893 2.583265 1.510970 2.743244 2.224198 0.254526
Car -1 -1 -10 247.000000 170.000000 363.000000 234.000000 1.494356 1.631923 3.895902 -8.448925 0.858812 20.738635 0.680431 0.045076
Car -1 -1 -10 463.000000 172.000000 540.000000 201.000000 1.598947 1.623119 3.840168 -5.670766 1.291474 40.986825 -2.855493 0.043621
