Pedestrian -1 -1 -10 546.000000 170.000000 554.000000 201.000000 1.647286 0.610293 0.697791 -3.463059 1.766588 43.833197 -1.623777 0.770258
Pedestrian -1 -1 -10 535.000000 169.000000 550.000000 214.000000 1.643351 0.605596 0.707047 -2.731786 1.824411 29.817485 -1.629683 0.693288
Pedestrian -1 -1 -10 691.000000 164.000000 704.000000 202.000000 1.680382 0.605806 0.679531 4.326758 1.720452 36.206240 -1.400249 0.362308
Pedestrian -1 -1 -10 518.000000 173.000000 533.000000 216.000000 1.690062 0.591778 0.754180 -3.452007 1.955247 29.261863 0.427355 0.095057
Car -1 -1 -10 699.000000 169.000000 847.000000 285.000000 1.515172 1.573251 3.851265 2.800908 1.528641 12.065289 -1.465392 0.999681
Car -1 -1 -10 303.000000 180.000000 434.000000 267.000000 1.567007 1.603776 3.756596 -5.177890 1.873801 15.572176 1.685567 0.999201
Car -1 -1 -10 459.000000 181.000000 512.000000 217.000000 1.513087 1.615919 3.897581 -5.522159 1.874660 31.641932 1.552844 0.997378
Cyclist -1 -1 -10 516.000000 173.000000 535.000000 218.000000 1.687167 0.578406 0.745964 -3.400830 1.913763 29.262886 -1.640883 0.994446
Cyclist -1 -1 -10 534.000000 169.000000 551.000000 215.000000 1.646474 0.583471 0.718730 -2.758032 1.794058 29.807200 -1.628673 0.979861
Cyclist -1 -1 -10 544.000000 169.000000 554.000000 201.000000 1.510955 1.571161 3.772707 -2.459801 2.120424 16.433186 1.507060 0.040655
Cyclist -1 -1 -10 692.000000 164.000000 705.000000 203.000000 1.644525 0.600059 0.713857 4.367839 1.540508 35.684208 -1.426000 0.010255
