Car -1 -1 -10 307.000000 180.000000 479.000000 292.000000 1.569141 1.631000 3.787141 -3.599761 1.819749 12.356703 1.721570 0.999151
Car -1 -1 -10 817.000000 145.000000 1257.000000 375.000000 1.568979 1.632436 4.160459 3.528945 1.325978 6.313998 -1.598122 0.997739
Car -1 -1 -10 723.000000 170.000000 810.000000 231.000000 1.526334 1.584204 3.666968 4.240915 1.514229 19.133869 -0.902596 0.997081
Car -1 -1 -10 439.000000 175.000000 506.000000 225.000000 1.504219 1.566053 3.735664 -4.479468 1.706044 23.295577 1.773664 0.992506
Car -1 -1 -10 519.000000 167.000000 604.000000 228.000000 1.626882 1.633511 3.810467 -1.642714 1.488462 22.716347 -1.516589 0.895049
Car -1 -1 -10 770.000000 169.000000 889.000000 216.000000 1.509848 1.633513 3.829845 6.762412 1.424108 23.243324 2.502397 0.525261
Car -1 -1 -10 965.000000 144.000000 1241.000000 303.000000 1.432494 1.581704 3.696189 7.667444 0.933240 11.347720 1.638794 0.014687
Cyclist -1 -1 -10 834.000000 143.000000 1248.000000 359.000000 1.468358 1.621420 4.053702 3.072184 1.294485 5.891356 -1.584657 0.012807
Cyclist -1 -1 -10 981.000000 139.000000 1204.000000 194.000000 1.691760 0.647990 0.573207 13.866560 0.481593 21.886801 -0.977373 0.012392
Cyclist -1 -1 -10 33.000000 231.000000 119.000000 275.000000 1.848292 0.610343 0.714913 -5.343910 2.071334 5.548720 1.001726 0.011722
