Car -1 -1 -10 556.000000 176.000000 594.000000 201.000000 1.476945 1.593165 3.831832 -2.417480 1.976222 45.340580 1.485887 0.999189
Car -1 -1 -10 95.000000 181.000000 374.000000 351.000000 1.519930 1.597858 3.686259 -4.554907 1.831442 8.805926 1.575726 0.999145
Car -1 -1 -10 398.000000 182.000000 495.000000 248.000000 1.457160 1.532002 3.723834 -4.115057 1.866883 18.354460 1.694117 0.997427
Car -1 -1 -10 717.000000 169.000000 799.000000 231.000000 1.507520 1.566515 3.879110 4.796365 1.579712 23.001663 -1.489390 0.994042
Car -1 -1 -10 312.000000 190.000000 446.000000 276.000000 1.451950 1.597197 3.662843 -4.460237 1.954997 13.738814 1.723478 0.992827
Car -1 -1 -10 1.000000 187.000000 171.000000 372.000000 1.534284 1.613226 3.784149 -4.666125 1.811642 5.119225 1.547780 0.801567
Car -1 -1 -10 8.000000 171.000000 151.000000 229.000000 1.533318 1.598224 3.856013 -16.892414 1.447402 23.333959 -2.180923 0.776878
Car -1 -1 -10 705.000000 175.000000 745.000000 209.000000 1.427958 1.592356 3.686353 5.543361 1.853039 34.068929 -1.421504 0.502446
Car -1 -1 -10 696.000000 173.000000 723.000000 200.000000 1.461342 1.574656 3.584665 5.452459 1.731159 39.390602 -1.389801 0.360577
Car -1 -1 -10 711.000000 171.000000 766.000000 220.000000 1.468466 1.484117 3.567130 4.864679 1.719760 24.826730 -1.454817 0.211075
