Pedestrian -1 -1 -10 534.000000 174.000000 547.000000 210.000000 1.672876 0.600513 0.732573 -3.453757 1.961331 36.947648 -1.625807 0.365590
Pedestrian -1 -1 -10 549.000000 172.000000 561.000000 206.000000 1.702808 0.593508 0.749438 -2.919345 2.004567 37.440594 -1.606539 0.050519
Pedestrian -1 -1 -10 538.000000 175.000000 550.000000 201.000000 1.633260 0.601469 0.689071 -3.461459 1.846216 36.942280 -1.628653 0.031234
Pedestrian -1 -1 -10 525.000000 176.000000 551.000000 203.000000 1.635072 0.600449 0.687454 -3.464392 1.838947 36.974000 -1.637825 0.027651
Pedestrian -1 -1 -10 681.000000 164.000000 691.000000 199.000000 1.645747 0.598369 0.699319 4.256069 1.372772 39.673969 -1.431133 0.024449
Pedestrian -1 -1 -10 544.000000 174.000000 555.000000 202.000000 1.643451 0.594611 0.684780 -3.028624 1.856296 37.318538 -1.620075 0.017476
Pedestrian -1 -1 -10 555.000000 172.000000 563.000000 201.000000 1.620371 0.598683 0.652129 -2.703970 1.959266 37.513905 -1.618198 0.016598
Car -1 -1 -10 674.000000 171.000000 769.000000 249.000000 1.512060 1.565225 3.832205 2.663605 1.539657 16.863813 -1.523865 0.999146
Car -1 -1 -10 378.000000 181.000000 469.000000 247.000000 1.548417 1.587427 3.722458 -5.116724 1.924823 20.406776 1.750056 0.999052
Car -1 -1 -10 477.000000 181.000000 521.000000 213.000000 1.512415 1.618300 3.956632 -5.617524 1.915332 36.331560 1.538083 0.998769
Car -1 -1 -10 -1.000000 178.000000 288.000000 378.000000 1.569787 1.599495 3.796150 -4.626615 1.741789 6.092660 -1.585001 0.915496
Cyclist -1 -1 -10 533.000000 174.000000 548.000000 210.000000 1.677683 0.586523 0.741715 -3.458400 1.922363 36.979235 -1.630280 0.924235
Cyclist -1 -1 -10 548.000000 171.000000 563.000000 209.000000 1.705478 0.576271 0.760410 -2.930610 2.000938 37.424380 -1.612249 0.862048
Cyclist -1 -1 -10 536.000000 175.000000 561.000000 206.000000 1.681345 0.544829 1.762735 -3.351607 1.878657 37.260279 -1.648637 0.264295
Cyclist -1 -1 -10 555.000000 172.000000 563.000000 201.000000 1.630090 0.595131 0.675246 -2.728594 1.922133 37.607377 -1.618898 0.013319
Cyclist -1 -1 -10 546.000000 175.000000 556.000000 203.000000 1.627447 0.593606 0.688879 -2.851458 1.811072 37.449059 -1.627332 0.010593
