Pedestrian -1 -1 -10 221.000000 153.000000 269.000000 298.000000 1.644113 0.570493 0.661000 -5.453630 1.205914 10.524313 -1.991535 0.983555
Pedestrian -1 -1 -10 290.000000 163.000000 323.000000 279.000000 1.794434 0.666842 0.840122 -3.227789 1.581025 6.187102 -1.992018 0.852116
Pedestrian -1 -1 -10 265.000000 160.000000 334.000000 284.000000 1.641659 0.592328 0.569352 -5.183845 1.089473 12.445753 -1.977375 0.531298
Pedestrian -1 -1 -10 242.000000 158.000000 310.000000 299.000000 1.650200 0.608686 0.610753 -5.315058 1.267905 11.507739 -1.967627 0.486073
Pedestrian -1 -1 -10 173.000000 157.000000 335.000000 290.000000 1.647392 0.605193 0.638364 -5.318848 1.279066 11.676556 -1.983045 0.116289
Pedestrian -1 -1 -10 130.000000 177.000000 384.000000 359.000000 1.676874 0.574743 0.725719 -2.348203 1.864999 3.870225 1.630529 0.094458
Pedestrian -1 -1 -10 230.000000 156.000000 424.000000 298.000000 1.505239 1.572676 3.745388 -3.506806 1.637122 9.039464 1.658427 0.083459
Pedestrian -1 -1 -10 212.000000 168.000000 247.000000 314.000000 1.745135 0.601080 0.668446 -1.370829 1.149156 2.311463 -2.081119 0.069729
Pedestrian -1 -1 -10 281.000000 172.000000 368.000000 270.000000 1.665547 0.598314 0.605150 -8.674672 1.622975 21.938935 -1.943049 0.039489
Car -1 -1 -10 663.000000 173.000000 749.000000 235.000000 1.435361 1.564490 3.808718 2.576039 1.509061 18.688570 -1.559985 0.998978
Car -1 -1 -10 520.000000 171.000000 561.000000 210.000000 1.519008 1.634550 3.873227 -3.030853 1.524048 32.431706 -1.654540 0.996598
Car -1 -1 -10 639.000000 171.000000 689.000000 210.000000 1.457159 1.544123 3.836777 2.725605 1.437748 31.084659 -1.631933 0.988612
Car -1 -1 -10 269.000000 179.000000 447.000000 289.000000 1.517752 1.596152 3.796749 -3.485310 1.550581 9.883923 1.691406 0.972350
Car -1 -1 -10 0.000000 186.000000 426.000000 370.000000 1.514613 1.633422 3.748832 -2.981369 1.543152 4.188621 -2.022469 0.956070
Car -1 -1 -10 859.000000 176.000000 1229.000000 374.000000 1.396638 1.610266 3.967853 2.839138 1.536210 2.581109 1.504913 0.928564
Car -1 -1 -10 630.000000 171.000000 668.000000 203.000000 1.440452 1.483253 3.423860 2.119699 1.728899 34.189690 -1.525069 0.553679
Car -1 -1 -10 544.000000 174.000000 569.000000 199.000000 1.497230 1.642132 3.632796 -2.742491 1.768116 45.363754 -1.626622 0.243775
Car -1 -1 -10 194.000000 165.000000 349.000000 318.000000 1.481689 1.562401 3.757901 -5.625325 1.049968 12.301809 -2.024413 0.077668
Car -1 -1 -10 625.000000 168.000000 656.000000 196.000000 1.492598 1.607674 3.920140 2.880478 1.207579 46.672866 -1.543090 0.050833
Cyclist -1 -1 -10 274.000000 176.000000 448.000000 294.000000 1.539735 1.542165 3.779670 -3.155659 1.642237 8.938956 1.650242 0.229681
Cyclist -1 -1 -10 274.000000 172.000000 357.000000 275.000000 1.817652 0.687588 0.912250 -3.849371 1.969095 6.976053 1.218775 0.183100
Cyclist -1 -1 -10 194.000000 157.000000 341.000000 301.000000 1.690031 0.630143 0.642415 -5.345953 1.212489 11.533232 -2.004701 0.150282
Cyclist -1 -1 -10 293.000000 166.000000 326.000000 285.000000 1.557031 1.286036 3.316743 -8.783102 2.647425 18.628079 1.122943 0.090555
Cyclist -1 -1 -10 211.000000 153.000000 280.000000 311.000000 1.638215 0.582082 0.555991 -4.746407 1.112322 9.837456 -2.028768 0.056662
Cyclist -1 -1 -10 130.000000 177.000000 384.000000 359.000000 1.642381 0.609651 1.754233 -2.376134 1.759037 3.821253 1.638063 0.020633
