Pedestrian -1 -1 -10 682.000000 175.000000 689.000000 207.000000 1.508586 1.441107 3.664368 0.864324 3.133653 21.194771 1.652478 0.029940
Pedestrian -1 -1 -10 2.000000 205.000000 248.000000 367.000000 1.636275 0.575879 0.650883 -2.434925 1.978444 3.149769 -0.049834 0.011205
Car -1 -1 -10 416.000000 189.000000 528.000000 270.000000 1.553533 1.600982 3.734111 -2.857817 1.866243 15.032083 -1.613010 0.999337
Car -1 -1 -10 760.000000 197.000000 1068.000000 376.000000 1.469973 1.574936 3.918270 3.116981 1.765336 6.566361 1.470237 0.998834
Car -1 -1 -10 504.000000 181.000000 559.000000 227.000000 1.489063 1.594568 3.768006 -2.832822 1.889065 25.940798 1.579824 0.997804
Car -1 -1 -10 642.000000 176.000000 681.000000 209.000000 1.458285 1.589945 3.744314 2.673596 1.561158 35.816963 -1.529847 0.997150
Car -1 -1 -10 697.000000 183.000000 840.000000 284.000000 1.454765 1.599965 3.970538 3.004059 1.623811 12.678053 1.352264 0.993443
Car -1 -1 -10 0.000000 208.000000 260.000000 369.000000 1.473064 1.593225 3.739496 -3.020833 1.780486 3.356160 1.544763 0.955788
Car -1 -1 -10 678.000000 165.000000 777.000000 249.000000 1.483055 1.587567 3.875183 3.018221 1.577464 17.155382 -1.568705 0.933876
Car -1 -1 -10 913.000000 201.000000 1241.000000 374.000000 1.540834 1.585203 3.656297 2.884550 1.821792 3.620071 1.623532 0.627611
Car -1 -1 -10 631.000000 174.000000 661.000000 200.000000 1.486256 1.652549 3.588832 2.256599 2.329536 47.703496 1.616247 0.092348
Cyclist -1 -1 -10 18.000000 211.000000 246.000000 371.000000 1.630712 0.578725 0.654552 -2.532222 1.951131 3.262266 -2.125594 0.010264
