Pedestrian -1 -1 -10 710.000000 159.000000 729.000000 215.000000 1.693491 0.613182 0.729010 3.983500 1.638616 26.217312 -1.376279 0.295392
Pedestrian -1 -1 -10 491.000000 177.000000 513.000000 223.000000 1.664891 0.594567 0.726615 -3.533969 1.977989 23.765321 -1.674595 0.130307
Pedestrian -1 -1 -10 347.000000 183.000000 357.000000 223.000000 1.629137 0.599688 0.590346 -8.403822 1.679799 22.975469 -1.899706 0.077687
Pedestrian -1 -1 -10 390.000000 177.000000 416.000000 260.000000 1.817333 0.613335 0.674822 -2.421166 1.925366 5.784784 1.368703 0.027578
Pedestrian -1 -1 -10 343.000000 183.000000 366.000000 229.000000 1.681802 0.579287 0.572104 -8.316264 1.897365 22.675727 1.719423 0.021040
Pedestrian -1 -1 -10 368.000000 181.000000 429.000000 272.000000 1.671882 0.586745 0.726907 -2.922528 1.876126 10.190244 -1.811165 0.011560
Car -1 -1 -10 639.000000 178.000000 674.000000 204.000000 1.485762 1.549993 3.765076 2.795706 1.787539 38.735429 1.084554 0.925567
Car -1 -1 -10 338.000000 190.000000 451.000000 257.000000 1.499776 1.615535 3.809473 -5.643930 2.040530 18.954818 1.665862 0.619440
Car -1 -1 -10 485.000000 183.000000 523.000000 216.000000 1.481634 1.657680 3.583929 -3.521505 1.529634 24.772792 -1.711787 0.245566
Cyclist -1 -1 -10 293.000000 182.000000 383.000000 325.000000 1.732239 0.553586 1.772333 -3.513371 2.044884 9.597606 -1.909420 0.999529
Cyclist -1 -1 -10 491.000000 175.000000 514.000000 233.000000 1.678445 0.583263 0.756484 -3.512156 2.008052 23.775049 -1.673392 0.999484
Cyclist -1 -1 -10 356.000000 178.000000 439.000000 312.000000 1.713895 0.543080 1.753414 -2.997346 1.947442 10.105546 -1.831505 0.999426
Cyclist -1 -1 -10 710.000000 161.000000 729.000000 215.000000 1.673230 0.601636 0.743864 3.991670 1.572134 26.227412 -1.389248 0.842111
Cyclist -1 -1 -10 341.000000 191.000000 449.000000 260.000000 1.586492 0.606557 1.728134 -5.813234 2.264490 17.847824 0.792415 0.682018
Cyclist -1 -1 -10 484.000000 183.000000 523.000000 216.000000 1.604473 0.583417 0.693165 -3.555143 1.911882 23.817481 -1.684854 0.294912
Cyclist -1 -1 -10 375.000000 181.000000 427.000000 259.000000 1.484513 1.577896 3.411707 -2.469580 1.553051 5.759625 1.357910 0.074713
Cyclist -1 -1 -10 343.000000 184.000000 364.000000 232.000000 1.610600 0.571643 0.536233 -8.266624 1.719485 22.634324 -1.855760 0.062670
Cyclist -1 -1 -10 498.000000 177.000000 511.000000 221.000000 1.669734 0.579522 0.743422 -3.534839 1.934455 23.825905 -1.674705 0.021794
Cyclist -1 -1 -10 380.000000 183.000000 403.000000 256.000000 1.503778 1.582857 3.787079 -5.811892 2.191409 15.536768 1.300804 0.020303
