Car -1 -1 -10 697.000000 185.000000 828.000000 272.000000 1.460343 1.584053 3.906267 3.013594 1.753651 13.546614 -1.508609 0.999647
Car -1 -1 -10 50.000000 180.000000 369.000000 279.000000 1.560475 1.665854 4.124574 -6.678771 1.671221 12.586913 -3.191797 0.996816
Car -1 -1 -10 655.000000 174.000000 719.000000 225.000000 1.455323 1.567624 3.886855 2.762603 1.587100 24.535955 -1.588719 0.995157
Car -1 -1 -10 353.000000 178.000000 488.000000 229.000000 1.529614 1.568830 3.791892 -5.483075 1.776495 23.467074 1.751813 0.951006
Car -1 -1 -10 229.000000 163.000000 434.000000 247.000000 1.648750 1.623553 3.935502 -6.168911 1.510926 17.627471 -3.075849 0.699274
Car -1 -1 -10 -1.000000 191.000000 135.000000 345.000000 1.493000 1.614281 3.681835 -5.710480 1.684302 6.659289 1.512701 0.378662
Car -1 -1 -10 419.000000 178.000000 508.000000 215.000000 1.542457 1.577024 3.755046 -6.184244 1.746025 34.738417 -2.383319 0.312440
Car -1 -1 -10 7.000000 183.000000 217.000000 285.000000 1.513547 1.614800 3.944180 -7.645976 1.612550 12.800392 -2.119607 0.126787
Car -1 -1 -10 1007.000000 204.000000 1236.000000 370.000000 1.466313 1.652153 3.608521 2.761353 1.674087 3.119931 2.179987 0.057139
Car -1 -1 -10 645.000000 176.000000 696.000000 215.000000 1.419143 1.551456 3.506649 2.767434 1.948691 30.113140 -0.843713 0.048379
Car -1 -1 -10 754.000000 188.000000 825.000000 238.000000 1.521830 1.630757 3.928573 6.521754 1.753373 25.720899 -1.325259 0.045758
Car -1 -1 -10 448.000000 177.000000 535.000000 206.000000 1.482708 1.592933 3.852525 -6.618946 1.506621 39.489607 1.422942 0.033942
Car -1 -1 -10 637.000000 173.000000 679.000000 205.000000 1.436185 1.542278 3.817289 2.833079 1.707686 39.765252 -1.599084 0.029627
