Car -1 -1 -10 599.000000 205.000000 1037.000000 376.000000 1.467721 1.617221 3.952738 1.833671 1.672013 6.003626 1.272603 0.999209
Car -1 -1 -10 491.000000 216.000000 719.000000 344.000000 1.482958 1.520664 3.835729 1.204678 2.017632 7.464739 0.970447 0.999194
Car -1 -1 -10 374.000000 203.000000 469.000000 273.000000 1.520193 1.612906 4.132145 -4.330711 2.348018 18.132145 0.863421 0.993695
Car -1 -1 -10 124.000000 209.000000 206.000000 270.000000 1.468819 1.616986 3.722057 -9.653665 2.406362 14.681091 1.012295 0.991908
Car -1 -1 -10 427.000000 212.000000 562.000000 296.000000 1.469005 1.478435 3.768625 -0.211817 2.272923 10.501963 0.827881 0.985090
Car -1 -1 -10 25.000000 230.000000 158.000000 323.000000 1.601118 1.631259 3.271203 -7.980097 2.588997 9.300648 1.081068 0.983420
Car -1 -1 -10 330.000000 210.000000 383.000000 250.000000 1.487572 1.498568 3.520182 -9.038663 2.871753 27.678328 -2.004202 0.974850
Car -1 -1 -10 351.000000 207.000000 424.000000 261.000000 1.480688 1.492848 3.693349 -5.566482 2.351801 19.720493 -1.199563 0.755626
Car -1 -1 -10 189.000000 214.000000 231.000000 241.000000 1.473626 1.653652 3.609978 -15.214131 2.557788 26.694155 -2.070176 0.736207
Car -1 -1 -10 0.000000 233.000000 106.000000 367.000000 1.482317 1.654256 3.470345 -4.357799 1.890309 4.415157 0.985347 0.414528
Car -1 -1 -10 317.000000 211.000000 356.000000 241.000000 1.457066 1.556815 3.637311 -10.727359 3.012425 30.345862 -1.898790 0.105710
