Car -1 -1 -10 781.000000 199.000000 1108.000000 374.000000 1.473108 1.616246 3.921855 3.325756 1.811228 7.242676 -1.697449 0.999613
Car -1 -1 -10 678.000000 181.000000 778.000000 254.000000 1.462038 1.580046 3.877964 2.891086 1.616904 16.681948 -1.555293 0.999284
Car -1 -1 -10 163.000000 182.000000 387.000000 267.000000 1.539291 1.582611 3.962845 -6.226317 1.669929 13.722920 -3.118823 0.991010
Car -1 -1 -10 16.000000 191.000000 345.000000 297.000000 1.531022 1.564460 3.862356 -5.922595 1.669076 10.729281 1.526798 0.990592
Car -1 -1 -10 308.000000 182.000000 483.000000 238.000000 1.535656 1.580137 4.004272 -5.939819 1.793961 21.803199 0.649193 0.985518
Car -1 -1 -10 -3.000000 194.000000 220.000000 346.000000 1.460366 1.600293 3.670485 -5.793579 1.795067 7.128673 1.515622 0.964681
Car -1 -1 -10 659.000000 179.000000 713.000000 218.000000 1.399791 1.543418 3.739856 3.240987 1.708726 27.691444 -1.524848 0.956460
Car -1 -1 -10 639.000000 171.000000 674.000000 198.000000 1.552074 1.625266 3.769628 3.325217 1.548727 46.944146 -1.494734 0.921821
Car -1 -1 -10 5.000000 198.000000 112.000000 372.000000 1.447814 1.604978 3.744227 -5.509631 1.936358 6.485490 0.968552 0.492903
Car -1 -1 -10 378.000000 174.000000 475.000000 222.000000 1.475143 1.596336 3.862698 -6.147601 1.303729 24.428846 1.746023 0.422673
Car -1 -1 -10 482.000000 174.000000 545.000000 202.000000 1.462456 1.597699 3.767697 -5.268973 1.576539 41.700103 1.925186 0.019367
