Pedestrian -1 -1 -10 396.000000 180.000000 431.000000 261.000000 1.676498 0.593722 0.729536 -4.239815 2.099058 15.696238 -1.784224 0.078110
Car -1 -1 -10 675.000000 180.000000 815.000000 275.000000 1.470577 1.577969 3.960819 2.668917 1.578335 13.359756 -1.494323 0.999585
Car -1 -1 -10 291.000000 196.000000 396.000000 268.000000 1.513751 1.569759 3.694686 -5.872120 1.923091 15.868676 -1.431767 0.997864
Car -1 -1 -10 861.000000 185.000000 1243.000000 374.000000 1.472086 1.588634 3.949248 3.259795 1.622180 4.392711 1.556337 0.989731
Car -1 -1 -10 565.000000 182.000000 612.000000 220.000000 1.460596 1.569899 3.809001 -0.772428 1.987906 32.035439 -1.706637 0.989351
Car -1 -1 -10 542.000000 183.000000 574.000000 210.000000 1.437674 1.600473 3.785506 -2.749809 2.006659 42.104769 -1.670129 0.503772
Car -1 -1 -10 343.000000 189.000000 412.000000 246.000000 1.386831 1.541028 3.763043 -6.487727 2.065916 20.572360 1.787785 0.391999
Car -1 -1 -10 415.000000 187.000000 448.000000 217.000000 1.565385 1.605079 3.854954 -8.988443 2.270823 36.606128 -1.818173 0.047216
Cyclist -1 -1 -10 436.000000 179.000000 472.000000 252.000000 1.686448 0.595940 0.760499 -3.838151 2.036764 17.840941 -1.744006 0.998193
Cyclist -1 -1 -10 394.000000 178.000000 434.000000 266.000000 1.676356 0.588521 0.733109 -4.248300 2.029476 15.691926 -1.795508 0.998115
Cyclist -1 -1 -10 353.000000 188.000000 415.000000 255.000000 1.673070 0.543608 1.684134 -4.850924 2.052582 15.660773 -1.883131 0.055956
Cyclist -1 -1 -10 285.000000 194.000000 417.000000 268.000000 1.518141 1.581103 3.720244 -5.420223 1.942154 15.415393 1.723135 0.036389
