Pedestrian -1 -1 -10 1034.000000 221.000000 1185.000000 374.000000 1.876094 0.600812 0.739227 1.499323 1.471007 2.642529 -0.972524 0.928479
Pedestrian -1 -1 -10 561.000000 174.000000 585.000000 225.000000 1.688173 0.605510 0.742467 -0.908945 1.617941 22.332908 -1.575433 0.880236
Pedestrian -1 -1 -10 878.000000 203.000000 918.000000 322.000000 1.654847 0.596524 0.569316 2.708862 2.088768 5.961577 -1.172822 0.347754
Pedestrian -1 -1 -10 823.000000 205.000000 870.000000 281.000000 1.769333 0.583993 0.613010 5.418802 1.744023 15.854214 -1.252261 0.212222
Pedestrian -1 -1 -10 1092.000000 235.000000 1231.000000 371.000000 1.772470 0.602834 0.678023 1.535266 1.174031 2.258102 -0.931225 0.093505
Pedestrian -1 -1 -10 876.000000 199.000000 904.000000 272.000000 1.770503 0.671211 0.809800 2.838261 2.010658 9.210454 -1.216634 0.061686
Pedestrian -1 -1 -10 810.000000 203.000000 894.000000 305.000000 1.620777 0.632316 0.518288 2.901474 1.901284 7.446338 1.357294 0.050256
Pedestrian -1 -1 -10 850.000000 197.000000 906.000000 311.000000 1.659472 0.606845 0.509002 2.854407 1.960174 7.015613 1.383496 0.048127
Pedestrian -1 -1 -10 883.000000 209.000000 917.000000 266.000000 1.821834 0.611066 0.672479 1.193316 1.447478 4.220491 2.042678 0.019085
Pedestrian -1 -1 -10 780.000000 208.000000 841.000000 293.000000 1.628033 0.594302 0.581548 2.765182 1.827307 7.918998 -1.280214 0.018537
Pedestrian -1 -1 -10 865.000000 203.000000 930.000000 275.000000 1.661500 0.595560 0.574108 6.002287 1.668768 14.716803 -1.188528 0.015615
Pedestrian -1 -1 -10 856.000000 199.000000 898.000000 267.000000 1.636667 0.586374 0.529478 6.156649 1.703972 14.926849 1.399961 0.015286
Car -1 -1 -10 1134.000000 235.000000 1240.000000 377.000000 1.463091 1.633547 3.385847 3.585373 1.562505 5.696114 2.336764 0.103558
Car -1 -1 -10 991.000000 225.000000 1225.000000 373.000000 1.527888 1.660113 3.634232 3.220781 1.746822 3.803758 2.175503 0.050833
Cyclist -1 -1 -10 1002.000000 217.000000 1222.000000 370.000000 1.698302 0.581909 0.609088 2.756061 1.869566 3.285603 -0.960228 0.125604
Cyclist -1 -1 -10 1112.000000 240.000000 1226.000000 374.000000 1.487833 1.638392 3.592926 2.654213 1.472345 4.384734 2.315857 0.015374
