Pedestrian -1 -1 -10 550.000000 166.000000 565.000000 200.000000 1.726124 0.618530 0.791284 -2.844912 1.262341 41.749214 -1.607564 0.162240
Pedestrian -1 -1 -10 350.000000 179.000000 363.000000 209.000000 1.653047 0.573493 0.699571 -15.844794 2.088119 44.994237 -1.860310 0.051619
Pedestrian -1 -1 -10 507.000000 169.000000 518.000000 202.000000 1.625279 0.598455 0.598093 -4.096044 1.396648 33.945699 -1.693279 0.024994
Car -1 -1 -10 509.000000 175.000000 549.000000 205.000000 1.536525 1.626900 3.748176 -3.857292 1.181307 35.571489 -1.603334 0.998457
Car -1 -1 -10 975.000000 140.000000 1130.000000 192.000000 1.496096 1.623534 3.628070 17.477174 -0.090036 30.520598 -0.994935 0.996058
Car -1 -1 -10 893.000000 150.000000 965.000000 175.000000 1.558254 1.625878 3.667629 14.957353 0.391274 33.473709 -1.116127 0.309823
Cyclist -1 -1 -10 371.000000 176.000000 398.000000 217.000000 1.658282 0.576680 0.726337 -10.367964 1.638696 33.134731 -1.832942 0.988222
Cyclist -1 -1 -10 603.000000 165.000000 637.000000 197.000000 1.742113 0.640620 0.864839 0.832492 1.158626 43.518055 -1.543985 0.945818
Cyclist -1 -1 -10 661.000000 163.000000 693.000000 195.000000 1.718964 0.563282 1.650453 4.268775 1.160816 40.189603 1.155085 0.401652
Cyclist -1 -1 -10 350.000000 179.000000 363.000000 209.000000 1.635267 0.557429 0.694204 -15.868189 2.015944 45.030021 -1.864229 0.022806
