Pedestrian -1 -1 -10 874.000000 157.000000 918.000000 269.000000 1.691999 0.603748 0.737237 4.607936 1.651088 11.412977 -1.151718 0.868482
Pedestrian -1 -1 -10 385.000000 181.000000 402.000000 210.000000 1.617057 0.600638 0.650220 -11.558964 2.345227 38.491826 -1.840008 0.208643
Pedestrian -1 -1 -10 391.000000 181.000000 408.000000 206.000000 1.631937 0.592529 0.616933 -11.484979 2.262425 38.505033 -1.842578 0.011676
Car -1 -1 -10 269.000000 190.000000 403.000000 290.000000 1.469957 1.564503 3.718225 -4.628326 1.864115 12.393348 1.325942 0.999368
Car -1 -1 -10 481.000000 175.000000 578.000000 212.000000 1.500914 1.650976 4.024660 -3.618550 1.709531 32.676119 -0.661097 0.994545
Car -1 -1 -10 624.000000 174.000000 723.000000 204.000000 1.489669 1.713781 4.012670 3.424126 1.571969 36.355787 2.785588 0.987734
Car -1 -1 -10 226.000000 179.000000 352.000000 230.000000 1.591599 1.680780 4.020323 -11.404930 1.785238 26.222790 -0.920158 0.986498
Car -1 -1 -10 125.000000 179.000000 199.000000 217.000000 1.540307 1.655385 4.057500 -27.136383 2.469779 45.307494 0.476976 0.489949
Cyclist -1 -1 -10 872.000000 158.000000 922.000000 272.000000 1.688243 0.594728 0.755958 4.639941 1.638396 11.476386 -1.151807 0.710894
Cyclist -1 -1 -10 350.000000 189.000000 388.000000 222.000000 1.662912 0.583301 0.626376 -11.571164 2.251658 35.115497 -1.899459 0.023304
Cyclist -1 -1 -10 323.000000 188.000000 395.000000 229.000000 1.512957 1.515007 3.484179 -10.370825 1.912638 28.409098 1.240720 0.020788
Cyclist -1 -1 -10 871.000000 165.000000 913.000000 222.000000 1.567016 1.168094 3.278993 6.510927 3.307182 20.502504 1.802819 0.015902
Cyclist -1 -1 -10 273.000000 185.000000 406.000000 289.000000 1.460446 1.599415 3.851070 -4.347067 1.878932 11.922399 1.292934 0.014873
Cyclist -1 -1 -10 373.000000 181.000000 405.000000 224.000000 1.516753 1.480309 3.664064 -7.340731 2.983554 19.490466 1.254334 0.012415
Cyclist -1 -1 -10 384.000000 181.000000 404.000000 209.000000 1.624210 0.591601 0.631818 -11.586212 2.219971 38.523728 -1.853437 0.010689
