Pedestrian -1 -1 -10 738.000000 155.000000 786.000000 304.000000 1.676519 0.600800 0.663347 1.879588 1.572424 8.320347 -1.305335 0.993336
Pedestrian -1 -1 -10 820.000000 139.000000 880.000000 340.000000 1.602486 0.594335 0.564062 2.335889 1.472790 5.993565 1.350286 0.991026
Pedestrian -1 -1 -10 863.000000 155.000000 944.000000 376.000000 1.680586 0.605408 0.740190 2.279661 1.593727 5.229013 -1.134481 0.988949
Pedestrian -1 -1 -10 706.000000 161.000000 750.000000 283.000000 1.662232 0.601587 0.627591 1.819541 1.587905 8.934453 0.742791 0.972798
Pedestrian -1 -1 -10 660.000000 157.000000 677.000000 205.000000 1.628827 0.604301 0.629446 2.454710 0.690642 25.536112 -1.464620 0.957375
Pedestrian -1 -1 -10 574.000000 148.000000 609.000000 239.000000 1.716692 0.609169 0.788147 -0.242362 1.273226 14.935381 0.520609 0.933206
Pedestrian -1 -1 -10 673.000000 156.000000 691.000000 205.000000 1.640488 0.616040 0.638625 2.849881 0.727043 25.731422 -1.451766 0.923564
Pedestrian -1 -1 -10 779.000000 164.000000 818.000000 288.000000 1.663687 0.583129 0.623296 2.355170 1.574470 9.215541 2.313515 0.916035
Pedestrian -1 -1 -10 3.000000 133.000000 127.000000 373.000000 1.641889 0.608117 0.680008 -2.681051 1.444590 3.304058 -2.191037 0.889653
Pedestrian -1 -1 -10 812.000000 145.000000 847.000000 271.000000 1.673460 0.591623 0.688906 3.336893 1.392550 10.139650 2.362778 0.634648
Pedestrian -1 -1 -10 842.000000 151.000000 905.000000 353.000000 1.641786 0.600741 0.693464 2.247501 1.517163 5.205263 -1.175491 0.534248
Pedestrian -1 -1 -10 823.000000 150.000000 861.000000 281.000000 1.625162 0.598415 0.633095 2.341565 1.372346 6.672813 -1.230724 0.316562
Pedestrian -1 -1 -10 726.000000 162.000000 770.000000 271.000000 1.624637 0.597055 0.582141 1.948919 1.047865 10.651606 -1.352203 0.160064
Car -1 -1 -10 529.000000 160.000000 587.000000 206.000000 1.453194 1.567688 3.717689 -1.542540 0.495702 26.270819 1.520491 0.990677
Car -1 -1 -10 548.000000 157.000000 607.000000 217.000000 1.450619 1.569698 3.762892 -1.383120 0.903179 25.654338 -1.565856 0.018058
Cyclist -1 -1 -10 572.000000 149.000000 611.000000 237.000000 1.695715 0.593175 0.775438 -0.265247 1.149126 14.938050 -1.551172 0.850460
Cyclist -1 -1 -10 822.000000 155.000000 935.000000 327.000000 1.614764 0.604031 0.655814 2.367149 1.491936 5.490491 -1.170208 0.043926
Cyclist -1 -1 -10 548.000000 157.000000 607.000000 217.000000 1.691008 0.702009 0.773769 -1.025928 1.630952 8.923862 -1.645292 0.024798
Cyclist -1 -1 -10 2.000000 131.000000 124.000000 374.000000 1.628365 0.597721 0.688131 -2.689817 1.414142 3.315747 -2.193663 0.020242
Cyclist -1 -1 -10 811.000000 146.000000 862.000000 279.000000 1.627026 0.615363 0.588492 2.545554 1.383653 7.338362 -1.233681 0.016543
