Pedestrian -1 -1 -10 684.000000 153.000000 744.000000 264.000000 1.701055 0.599135 0.778478 1.984600 1.549214 11.807097 0.699636 0.997437
Pedestrian -1 -1 -10 413.000000 152.000000 467.000000 286.000000 1.770325 0.594122 0.759474 -2.270760 1.635664 9.931230 0.315536 0.993228
Pedestrian -1 -1 -10 105.000000 174.000000 133.000000 273.000000 1.755499 0.593079 0.619493 -1.649350 1.159843 1.974779 -2.197928 0.862793
Pedestrian -1 -1 -10 960.000000 147.000000 983.000000 211.000000 1.671776 0.600201 0.611986 10.698927 0.452759 20.561336 -1.098165 0.620034
Pedestrian -1 -1 -10 62.000000 169.000000 91.000000 270.000000 1.690042 0.588325 0.576455 -3.045607 1.400866 4.340592 -2.214182 0.432391
Pedestrian -1 -1 -10 84.000000 178.000000 114.000000 280.000000 1.577604 1.134250 3.247655 -13.487885 3.219600 16.581157 0.824855 0.335939
Pedestrian -1 -1 -10 61.000000 175.000000 140.000000 278.000000 1.706419 0.565815 0.709427 -9.675226 1.569981 13.115957 -0.067445 0.224908
Pedestrian -1 -1 -10 794.000000 155.000000 807.000000 187.000000 1.716503 0.621926 0.760800 12.111466 0.708075 43.366120 2.301113 0.088875
Pedestrian -1 -1 -10 1099.000000 145.000000 1138.000000 192.000000 1.719888 0.592386 0.769578 17.979200 0.735250 24.870091 -0.885474 0.086122
Pedestrian -1 -1 -10 366.000000 164.000000 454.000000 262.000000 1.695288 0.603422 0.738276 -3.228107 1.542675 12.002127 -1.792343 0.033504
Pedestrian -1 -1 -10 115.000000 180.000000 147.000000 272.000000 1.485836 1.559452 3.789510 -10.855973 2.805325 14.064024 0.985234 0.023637
Pedestrian -1 -1 -10 49.000000 170.000000 82.000000 276.000000 1.665356 0.592882 0.571134 -3.092016 1.480452 4.374382 -2.220355 0.012218
Car -1 -1 -10 -5.000000 190.000000 389.000000 370.000000 1.527615 1.643650 3.783219 -3.387418 1.485510 5.142765 -1.516628 0.993831
Cyclist -1 -1 -10 348.000000 160.000000 479.000000 270.000000 1.714418 0.639474 0.767392 -2.993141 1.572772 11.455786 0.737372 0.993720
Cyclist -1 -1 -10 959.000000 146.000000 984.000000 210.000000 1.741849 0.579098 0.640540 10.782204 0.339534 20.549492 -1.108344 0.912633
Cyclist -1 -1 -10 397.000000 161.000000 454.000000 274.000000 1.672562 0.621656 0.659481 -2.402490 1.515403 10.370724 -1.786102 0.344762
Cyclist -1 -1 -10 1099.000000 146.000000 1138.000000 193.000000 1.686434 0.564855 0.725211 17.807718 0.605131 24.647512 -0.890111 0.150985
Cyclist -1 -1 -10 374.000000 171.000000 451.000000 233.000000 1.467354 1.610480 3.428672 -2.267026 1.486441 5.564037 1.377854 0.060920
Cyclist -1 -1 -10 406.000000 169.000000 449.000000 218.000000 1.482974 1.590442 3.413422 -2.114729 1.466946 5.513569 1.396831 0.016594
Cyclist -1 -1 -10 44.000000 176.000000 154.000000 278.000000 1.694598 0.554841 0.725664 -9.785621 1.507341 13.047320 1.456226 0.016455
