Pedestrian -1 -1 -10 0.000000 194.000000 74.000000 323.000000 1.632437 0.581776 0.665917 -7.105669 2.202901 8.553348 -2.211822 0.018129
Car -1 -1 -10 116.000000 196.000000 377.000000 357.000000 1.551468 1.629499 3.843424 -4.127571 1.735569 8.491063 -1.983015 0.999519
Car -1 -1 -10 564.000000 178.000000 605.000000 214.000000 1.531886 1.629391 3.893919 -1.062904 1.167760 34.379814 -1.609597 0.999451
Car -1 -1 -10 59.000000 184.000000 250.000000 280.000000 1.494450 1.659253 3.884468 -8.839092 1.438502 14.003138 -2.110451 0.997513
Car -1 -1 -10 0.000000 195.000000 73.000000 321.000000 1.512035 1.599381 3.692439 -7.905516 1.973605 8.901651 -2.198637 0.617105
Car -1 -1 -10 245.000000 179.000000 293.000000 220.000000 1.566224 1.567308 3.775982 -13.083881 1.315167 28.240239 1.082837 0.464918
Car -1 -1 -10 377.000000 187.000000 431.000000 220.000000 1.500609 1.490884 3.650295 -8.683936 1.748462 31.460117 1.391548 0.422476
Car -1 -1 -10 345.000000 172.000000 433.000000 225.000000 1.477849 1.498022 3.625890 -8.246907 1.576197 28.033966 1.786624 0.051797
Car -1 -1 -10 409.000000 182.000000 453.000000 214.000000 1.407721 1.571116 3.630102 -8.547509 1.779798 34.572597 -1.782022 0.042423
Car -1 -1 -10 325.000000 160.000000 408.000000 238.000000 1.716639 1.605819 4.024863 -7.558656 1.282837 21.452775 -1.453585 0.023782
Car -1 -1 -10 -9.000000 192.000000 139.000000 299.000000 1.449357 1.520332 3.668128 -8.637195 1.784006 11.043397 0.985947 0.023055
