Car -1 -1 -10 708.000000 185.000000 893.000000 302.000000 1.455721 1.575844 3.906498 2.959324 1.675945 10.796043 1.431966 0.999480
Car -1 -1 -10 392.000000 173.000000 512.000000 216.000000 1.497697 1.636032 4.069967 -5.945150 1.431951 29.318688 -2.943549 0.993619
Car -1 -1 -10 783.000000 180.000000 987.000000 252.000000 1.490801 1.639987 3.880901 6.609616 1.589474 16.602726 1.353954 0.984181
Car -1 -1 -10 0.000000 169.000000 238.000000 316.000000 1.553596 1.578977 3.760947 -6.264732 1.588248 8.886785 1.435096 0.973679
Car -1 -1 -10 38.000000 171.000000 436.000000 272.000000 1.490470 1.621315 4.195609 -5.616789 1.494565 13.795486 -0.981371 0.971751
Car -1 -1 -10 679.000000 176.000000 745.000000 203.000000 1.554657 1.674828 3.867214 5.330527 1.651785 40.781580 -1.450438 0.938824
Car -1 -1 -10 721.000000 177.000000 802.000000 215.000000 1.492065 1.604917 4.041936 6.066562 1.491357 29.514017 1.405618 0.877125
Car -1 -1 -10 1114.000000 235.000000 1241.000000 371.000000 1.524897 1.628332 3.433328 3.791682 1.941236 6.125150 2.355044 0.403316
Car -1 -1 -10 298.000000 175.000000 500.000000 224.000000 1.473643 1.581787 3.854180 -5.604411 1.479277 23.978538 1.867612 0.306031
Car -1 -1 -10 439.000000 170.000000 525.000000 208.000000 1.607755 1.624671 3.846590 -5.555103 1.142181 35.532602 -1.665618 0.281283
Cyclist -1 -1 -10 1119.000000 236.000000 1242.000000 371.000000 1.473513 1.643614 3.563610 3.164167 1.578712 5.193038 2.315247 0.036033
