Pedestrian -1 -1 -10 851.000000 143.000000 904.000000 278.000000 1.695303 0.607675 0.749269 3.586392 1.383913 9.306451 -1.167405 0.998415
Pedestrian -1 -1 -10 567.000000 161.000000 600.000000 254.000000 1.698147 0.609251 0.771856 -0.180639 1.588246 13.200964 0.508704 0.994589
Pedestrian -1 -1 -10 485.000000 158.000000 522.000000 250.000000 1.699207 0.608285 0.725070 -1.916944 1.558159 14.505763 0.394499 0.985194
Pedestrian -1 -1 -10 728.000000 145.000000 786.000000 279.000000 1.648019 0.625384 0.732160 2.036248 1.414386 9.504922 0.725105 0.968589
Pedestrian -1 -1 -10 3.000000 151.000000 209.000000 374.000000 1.653737 0.589455 0.717647 -2.404188 1.585141 3.370706 -2.134113 0.968312
Pedestrian -1 -1 -10 359.000000 159.000000 398.000000 269.000000 1.625755 0.592510 0.615763 -4.144729 1.222310 12.964475 -1.817091 0.326883
Pedestrian -1 -1 -10 543.000000 164.000000 562.000000 209.000000 1.633942 0.604390 0.679095 -1.680487 1.032360 26.315133 -1.610292 0.169578
Pedestrian -1 -1 -10 568.000000 163.000000 586.000000 228.000000 1.627156 0.593275 0.607285 -0.765512 1.244769 24.757116 -1.599684 0.160017
Pedestrian -1 -1 -10 600.000000 163.000000 616.000000 213.000000 1.661723 0.575300 0.672031 0.238270 1.179103 24.985309 -1.510282 0.145346
Pedestrian -1 -1 -10 533.000000 165.000000 560.000000 221.000000 1.516185 1.546484 3.728191 -1.783413 1.480982 14.063851 1.539477 0.090300
Pedestrian -1 -1 -10 522.000000 165.000000 553.000000 235.000000 1.680776 0.603298 0.740397 -1.561863 1.492415 18.038034 -1.609625 0.079486
Pedestrian -1 -1 -10 586.000000 162.000000 602.000000 215.000000 1.601821 0.592880 0.632812 -0.076892 1.167394 25.408499 0.551398 0.061836
Pedestrian -1 -1 -10 -1.000000 190.000000 94.000000 373.000000 1.853524 0.605553 0.708809 -2.342678 1.339708 2.436013 -2.250178 0.045974
Pedestrian -1 -1 -10 658.000000 157.000000 690.000000 217.000000 1.631695 0.608553 0.544714 1.982602 1.442841 21.345038 2.143663 0.031310
Pedestrian -1 -1 -10 514.000000 159.000000 528.000000 210.000000 1.683764 0.600531 0.724386 -3.375587 1.043270 30.648985 -1.642035 0.024139
Pedestrian -1 -1 -10 649.000000 158.000000 676.000000 206.000000 1.660539 0.643594 0.615511 2.604364 0.808465 29.406627 -1.472525 0.020662
Pedestrian -1 -1 -10 811.000000 151.000000 826.000000 209.000000 1.769333 0.583993 0.613010 7.488662 0.142930 24.168867 -1.287616 0.018715
Pedestrian -1 -1 -10 409.000000 177.000000 434.000000 249.000000 1.630669 0.592250 0.606481 -3.886960 1.797161 14.968237 1.797770 0.016563
Pedestrian -1 -1 -10 593.000000 161.000000 609.000000 214.000000 1.617903 0.604094 0.644393 0.246299 1.126228 25.124446 0.554447 0.016366
Pedestrian -1 -1 -10 844.000000 154.000000 861.000000 207.000000 1.678998 0.705559 0.705983 2.321714 1.333796 8.249691 1.909452 0.012476
Cyclist -1 -1 -10 521.000000 164.000000 553.000000 234.000000 1.659952 0.592927 0.727218 -1.559843 1.387402 18.087074 -1.624301 0.976814
Cyclist -1 -1 -10 -3.000000 153.000000 211.000000 374.000000 1.635900 0.573067 0.727529 -2.416543 1.552819 3.362115 -2.137203 0.883897
Cyclist -1 -1 -10 717.000000 146.000000 798.000000 281.000000 1.676742 0.642509 0.725638 2.010149 1.411143 9.400670 1.306083 0.758968
Cyclist -1 -1 -10 657.000000 160.000000 694.000000 216.000000 1.612823 0.586269 0.575453 2.430715 1.393524 22.601237 -1.469033 0.530683
Cyclist -1 -1 -10 -3.000000 182.000000 103.000000 371.000000 1.465003 1.608417 3.441034 -4.121390 1.469284 4.176893 0.986398 0.218600
Cyclist -1 -1 -10 533.000000 165.000000 560.000000 221.000000 1.510483 1.595966 3.776657 -2.047433 1.839837 14.944837 1.530058 0.167742
Cyclist -1 -1 -10 649.000000 158.000000 676.000000 206.000000 1.715367 0.509242 1.667919 2.622300 0.756157 29.450795 -1.483270 0.020952
Cyclist -1 -1 -10 484.000000 158.000000 523.000000 249.000000 1.640352 0.622940 0.699891 -1.891607 1.443581 14.552640 -1.681838 0.019665
Cyclist -1 -1 -10 567.000000 161.000000 600.000000 253.000000 1.683005 0.609931 0.767841 -0.174855 1.493562 13.202846 -1.564448 0.010017
