Pedestrian -1 -1 -10 394.000000 164.000000 441.000000 278.000000 1.683361 0.607799 0.751013 -2.968972 1.707465 11.335737 -1.787586 0.996501
Pedestrian -1 -1 -10 977.000000 141.000000 1052.000000 313.000000 1.720289 0.594153 0.761434 4.531196 1.491333 7.542802 -0.986391 0.987470
Pedestrian -1 -1 -10 943.000000 149.000000 998.000000 308.000000 1.662108 0.592267 0.719011 4.322671 1.547891 7.777378 1.028249 0.986445
Pedestrian -1 -1 -10 366.000000 167.000000 404.000000 280.000000 1.716136 0.592172 0.730318 -3.391011 1.757281 10.732370 -1.827315 0.879617
Pedestrian -1 -1 -10 372.000000 170.000000 390.000000 203.000000 1.769332 0.583993 0.613010 -16.160866 2.522834 50.020289 -1.888130 0.054363
Pedestrian -1 -1 -10 994.000000 144.000000 1034.000000 258.000000 1.846244 0.616588 0.690546 1.779639 1.454320 4.148227 2.161205 0.034552
Pedestrian -1 -1 -10 999.000000 147.000000 1023.000000 212.000000 1.929519 0.664014 0.825469 1.379259 1.292933 3.251014 2.153406 0.021597
Car -1 -1 -10 658.000000 169.000000 704.000000 195.000000 1.544552 1.592722 3.968187 4.603263 1.026482 41.418833 -1.973101 0.997651
Car -1 -1 -10 448.000000 173.000000 480.000000 198.000000 1.519791 1.645162 3.954098 -8.890051 1.192360 44.057218 -1.750378 0.996906
Car -1 -1 -10 3.000000 206.000000 296.000000 365.000000 1.488347 1.629552 3.818611 -3.178311 1.581538 3.673482 1.599216 0.973935
Cyclist -1 -1 -10 367.000000 166.000000 405.000000 280.000000 1.695186 0.569453 0.743409 -3.384294 1.719225 10.755984 -1.831035 0.020843
Cyclist -1 -1 -10 946.000000 147.000000 1015.000000 310.000000 1.645599 0.601825 0.711388 4.412796 1.429393 7.712019 -1.045694 0.020039
Cyclist -1 -1 -10 373.000000 170.000000 391.000000 203.000000 1.752812 0.579793 0.644045 -16.241356 2.465920 50.047591 -1.892046 0.017136
