Car -1 -1 -10 634.000000 187.000000 674.000000 217.000000 1.485143 1.621083 3.899987 2.359872 2.182399 36.498638 -1.518446 0.998255
Car -1 -1 -10 756.000000 189.000000 930.000000 256.000000 1.418730 1.568751 3.960416 6.001960 1.925292 18.317875 -0.155647 0.991494
Car -1 -1 -10 13.000000 194.000000 306.000000 317.000000 1.465289 1.625609 3.930888 -6.131234 1.830334 9.723161 -3.279745 0.991096
Car -1 -1 -10 921.000000 188.000000 1242.000000 328.000000 1.456257 1.590777 3.821981 5.514870 1.745537 7.389209 1.596673 0.985142
Car -1 -1 -10 819.000000 191.000000 1012.000000 278.000000 1.492246 1.646848 4.132001 5.755629 1.863502 13.961889 1.559840 0.984876
Car -1 -1 -10 230.000000 178.000000 426.000000 256.000000 1.588335 1.595111 3.973182 -6.700575 1.746956 18.174868 -3.078140 0.980442
Car -1 -1 -10 729.000000 184.000000 862.000000 243.000000 1.498868 1.660537 4.086896 5.117882 1.803750 21.813714 1.413403 0.967555
Car -1 -1 -10 876.000000 193.000000 1110.000000 298.000000 1.474912 1.607807 4.064021 5.608335 1.695764 8.986669 1.495782 0.906273
Car -1 -1 -10 -4.000000 190.000000 171.000000 359.000000 1.497502 1.582989 3.713139 -5.706621 1.766738 7.229838 1.442604 0.824292
Car -1 -1 -10 97.000000 189.000000 359.000000 281.000000 1.479562 1.591991 3.883417 -5.998020 1.720325 12.019739 1.591096 0.788087
Car -1 -1 -10 394.000000 186.000000 509.000000 221.000000 1.501900 1.615092 3.883080 -6.465580 1.938951 32.023023 1.915851 0.730704
Cyclist -1 -1 -10 526.000000 183.000000 546.000000 223.000000 1.581751 0.595506 0.666395 -3.000596 2.300468 30.741893 -1.647267 0.657201
