Pedestrian -1 -1 -10 747.000000 168.000000 772.000000 233.000000 1.693974 0.604230 0.741011 3.959467 1.699813 18.741972 -1.325042 0.989604
Pedestrian -1 -1 -10 742.000000 172.000000 761.000000 224.000000 1.645469 0.603161 0.700597 3.949395 1.727466 18.705874 -1.336737 0.039427
Car -1 -1 -10 316.000000 187.000000 442.000000 274.000000 1.490045 1.557490 3.711610 -4.296764 1.822341 13.550909 1.665420 0.999490
Car -1 -1 -10 107.000000 180.000000 232.000000 221.000000 1.565175 1.619194 3.924495 -18.386159 1.934003 31.593676 0.479639 0.954859
Car -1 -1 -10 495.000000 174.000000 576.000000 205.000000 1.450070 1.705720 4.128398 -3.976212 1.901991 39.329373 2.548255 0.954675
Car -1 -1 -10 619.000000 174.000000 702.000000 200.000000 1.492368 1.718607 4.030875 3.147666 1.669021 42.913657 3.202915 0.865289
Car -1 -1 -10 302.000000 174.000000 371.000000 207.000000 1.507724 1.555172 3.932139 -18.947694 1.929365 49.494351 -3.072516 0.077625
Car -1 -1 -10 61.000000 188.000000 165.000000 244.000000 1.511897 1.575019 3.555935 -12.191885 1.866428 18.333535 -2.146838 0.050287
Car -1 -1 -10 318.000000 179.000000 411.000000 207.000000 1.515155 1.627974 4.041528 -16.570230 1.663705 49.881630 -0.833011 0.011391
Car -1 -1 -10 98.000000 184.000000 179.000000 227.000000 1.512769 1.640330 3.704999 -9.126518 2.331827 12.007986 -2.210324 0.010545
Cyclist -1 -1 -10 745.000000 168.000000 771.000000 234.000000 1.682130 0.595279 0.742683 3.962442 1.653236 18.762728 -1.333579 0.017655
Cyclist -1 -1 -10 793.000000 177.000000 838.000000 205.000000 1.540317 1.574901 3.678007 2.242850 1.629477 11.289854 1.842962 0.014701
