Pedestrian -1 -1 -10 244.000000 145.000000 360.000000 375.000000 1.708824 0.594374 0.706518 -2.009504 1.694030 4.694718 0.148584 0.998711
Pedestrian -1 -1 -10 754.000000 155.000000 769.000000 205.000000 1.621462 0.602957 0.627037 5.761826 0.668257 25.498741 -1.337714 0.482075
Pedestrian -1 -1 -10 1067.000000 120.000000 1238.000000 373.000000 1.719063 0.592927 0.613658 1.420710 1.135564 2.078446 -0.945858 0.430927
Pedestrian -1 -1 -10 1038.000000 182.000000 1082.000000 309.000000 1.804523 0.605305 0.653130 1.893901 1.380736 3.835289 2.204859 0.402240
Pedestrian -1 -1 -10 111.000000 139.000000 402.000000 370.000000 1.699090 0.605127 0.753255 -2.162010 1.733124 5.040218 0.109399 0.082472
Pedestrian -1 -1 -10 557.000000 162.000000 566.000000 192.000000 1.728141 0.612955 0.794923 -2.508570 0.843510 47.270692 0.477950 0.042465
Pedestrian -1 -1 -10 1029.000000 170.000000 1180.000000 359.000000 1.597641 0.589920 0.607441 2.182061 1.487900 2.702990 1.162375 0.024631
Pedestrian -1 -1 -10 585.000000 166.000000 596.000000 192.000000 1.643823 0.607904 0.613703 -0.659301 1.070292 46.474250 -1.534774 0.024501
Car -1 -1 -10 84.000000 139.000000 484.000000 375.000000 1.619191 1.608972 3.774222 -2.741608 1.389590 6.900136 -1.461710 0.862752
Car -1 -1 -10 397.000000 151.000000 546.000000 264.000000 1.638276 1.605858 3.786080 -2.148766 1.318410 13.823346 1.860404 0.539223
Car -1 -1 -10 212.000000 143.000000 395.000000 371.000000 1.512601 1.586967 3.671246 -2.478899 1.480889 5.866089 -1.927939 0.377889
Cyclist -1 -1 -10 1049.000000 107.000000 1242.000000 371.000000 1.590509 0.601024 0.609704 2.162274 1.228763 2.819803 -0.896191 0.123106
Cyclist -1 -1 -10 231.000000 139.000000 361.000000 371.000000 1.661554 0.612538 0.690818 -1.982296 1.603520 4.713347 -1.936400 0.011348
