Car -1 -1 -10 337.000000 193.000000 438.000000 253.000000 1.517921 1.576142 3.753561 -6.000356 2.138847 19.612650 1.627658 0.997858
Car -1 -1 -10 681.000000 176.000000 757.000000 227.000000 1.426654 1.541877 3.896054 3.323028 1.527666 21.935433 -1.559819 0.997595
Car -1 -1 -10 207.000000 200.000000 367.000000 294.000000 1.473528 1.598593 3.752165 -6.232798 2.074918 13.418369 1.648520 0.997439
Car -1 -1 -10 416.000000 189.000000 487.000000 232.000000 1.526743 1.583527 3.766190 -5.877469 2.261045 26.960388 1.736368 0.995718
Car -1 -1 -10 904.000000 142.000000 1140.000000 218.000000 1.577570 1.657837 4.092234 9.361898 0.822284 17.053576 1.557152 0.989565
Car -1 -1 -10 -2.000000 211.000000 272.000000 371.000000 1.499238 1.639054 3.734232 -6.063160 2.119182 8.904988 1.521408 0.987013
Car -1 -1 -10 668.000000 175.000000 727.000000 218.000000 1.423546 1.534151 3.716989 3.432304 1.547817 26.923377 -1.559171 0.887915
Car -1 -1 -10 456.000000 186.000000 507.000000 220.000000 1.453811 1.546669 3.633982 -5.765674 2.573033 33.310084 -1.694505 0.792001
Car -1 -1 -10 652.000000 177.000000 698.000000 207.000000 1.427014 1.559939 3.797567 3.340040 1.809220 37.127570 1.098442 0.782503
Car -1 -1 -10 790.000000 156.000000 959.000000 207.000000 1.518123 1.539197 3.800763 9.359398 0.595529 28.174879 1.419220 0.666239
Car -1 -1 -10 829.000000 147.000000 1039.000000 210.000000 1.464104 1.569650 3.934248 9.579493 0.392652 19.744317 1.582079 0.345582
Car -1 -1 -10 489.000000 184.000000 530.000000 210.000000 1.459907 1.580305 3.665837 -6.594052 2.149898 41.207682 -2.328528 0.081444
