Pedestrian -1 -1 -10 157.000000 170.000000 184.000000 258.000000 1.580740 0.604186 0.562716 -12.081101 1.521048 20.114470 -2.089155 0.749265
Car -1 -1 -10 658.000000 179.000000 726.000000 236.000000 1.521109 1.582705 3.923573 2.918492 1.821255 24.420886 -1.589758 0.997303
Car -1 -1 -10 363.000000 185.000000 482.000000 238.000000 1.476634 1.590746 3.880274 -5.872709 1.998687 22.701446 0.718404 0.996218
Car -1 -1 -10 268.000000 186.000000 445.000000 253.000000 1.436159 1.633746 3.958134 -6.250690 1.760873 18.543991 0.638366 0.967616
Car -1 -1 -10 803.000000 209.000000 1241.000000 377.000000 1.433277 1.624043 4.013062 3.097638 1.715779 4.579442 1.548084 0.960488
Car -1 -1 -10 402.000000 180.000000 504.000000 226.000000 1.498765 1.549299 3.763799 -6.061786 1.951839 28.440759 1.867319 0.537630
Car -1 -1 -10 642.000000 185.000000 691.000000 221.000000 1.437306 1.525867 3.636366 2.938707 2.241879 35.055376 -1.510820 0.259774
Car -1 -1 -10 -2.000000 193.000000 191.000000 281.000000 1.489081 1.627559 3.598308 -12.958971 1.762327 17.379019 0.955250 0.161173
Car -1 -1 -10 439.000000 181.000000 521.000000 216.000000 1.544645 1.582237 3.782748 -5.747103 1.643186 34.444580 -1.258129 0.139106
Car -1 -1 -10 467.000000 181.000000 540.000000 208.000000 1.513829 1.579414 3.655385 -5.285073 1.844166 39.264783 -1.684731 0.041960
Car -1 -1 -10 129.000000 193.000000 264.000000 252.000000 1.445993 1.500574 3.737980 -11.296699 1.767524 19.875333 0.961081 0.016495
