Pedestrian -1 -1 -10 854.000000 175.000000 940.000000 374.000000 1.645071 0.606985 0.711043 2.234764 1.783694 5.636915 -1.158749 0.994752
Pedestrian -1 -1 -10 999.000000 147.000000 1160.000000 379.000000 1.731151 0.581057 0.718357 2.348758 1.648720 4.089379 1.132738 0.927597
Pedestrian -1 -1 -10 888.000000 145.000000 1250.000000 380.000000 1.776267 0.641044 0.801668 2.497255 1.596491 4.611032 1.563296 0.232467
Pedestrian -1 -1 -10 996.000000 141.000000 1096.000000 318.000000 1.649610 0.595064 0.645441 2.465427 1.436333 4.124361 1.091942 0.180157
Pedestrian -1 -1 -10 88.000000 193.000000 119.000000 244.000000 1.651446 0.607053 0.669136 -15.233931 2.513443 21.554321 -2.132990 0.108265
Car -1 -1 -10 602.000000 184.000000 630.000000 210.000000 1.545645 1.613326 3.866003 0.412572 2.028786 46.234195 -1.562538 0.998856
Car -1 -1 -10 316.000000 194.000000 396.000000 238.000000 1.485490 1.588910 3.782901 -9.380415 2.413716 27.429868 1.703631 0.996559
Car -1 -1 -10 352.000000 190.000000 405.000000 223.000000 1.491790 1.596566 3.735418 -9.398955 2.320321 27.467429 1.689259 0.623268
Cyclist -1 -1 -10 882.000000 148.000000 1236.000000 379.000000 1.632100 0.698273 1.728707 2.498278 1.482084 4.472723 1.548375 0.997333
Cyclist -1 -1 -10 958.000000 137.000000 1119.000000 370.000000 1.669658 0.625828 0.707966 2.542783 1.527662 4.134158 -0.997630 0.380876
Cyclist -1 -1 -10 851.000000 167.000000 964.000000 375.000000 1.667007 0.613777 0.728370 2.224276 1.775193 5.669707 -1.165303 0.200169
Cyclist -1 -1 -10 890.000000 161.000000 1053.000000 381.000000 1.676591 0.641021 0.679615 2.710718 1.661225 4.400922 1.437559 0.193823
Cyclist -1 -1 -10 1148.000000 184.000000 1234.000000 374.000000 1.647538 0.585492 0.622903 3.409910 2.033889 4.326170 -0.895641 0.050498
Cyclist -1 -1 -10 1006.000000 136.000000 1097.000000 318.000000 1.644149 0.583602 0.662889 2.459837 1.391071 4.131469 -0.968172 0.017075
