Car -1 -1 -10 724.000000 193.000000 898.000000 306.000000 1.453456 1.598496 3.906826 3.232929 1.829896 10.981558 1.349788 0.999556
Car -1 -1 -10 660.000000 184.000000 740.000000 242.000000 1.453646 1.580900 3.916500 2.680265 1.724928 20.372977 -1.589013 0.999217
Car -1 -1 -10 1.000000 192.000000 261.000000 325.000000 1.486758 1.561379 3.804906 -5.804064 1.691704 7.638517 1.500871 0.996568
Car -1 -1 -10 222.000000 187.000000 424.000000 251.000000 1.503487 1.572559 3.942493 -6.519983 1.743745 17.367809 -3.099393 0.986796
Car -1 -1 -10 58.000000 196.000000 336.000000 285.000000 1.441456 1.601951 3.856103 -6.267815 1.668393 11.295852 0.505339 0.937853
Car -1 -1 -10 334.000000 184.000000 492.000000 231.000000 1.493354 1.573238 3.901883 -6.188680 1.839582 25.515506 1.823831 0.931973
Car -1 -1 -10 647.000000 181.000000 695.000000 215.000000 1.433876 1.500687 3.663255 2.721439 2.041273 31.310634 1.118319 0.807785
Car -1 -1 -10 631.000000 174.000000 662.000000 199.000000 1.561102 1.608615 3.788817 2.836494 1.840550 50.466153 -1.520265 0.332903
Car -1 -1 -10 400.000000 174.000000 484.000000 221.000000 1.462666 1.587305 3.924942 -6.158953 1.706155 25.654961 1.853045 0.181466
Car -1 -1 -10 476.000000 182.000000 539.000000 208.000000 1.444805 1.555313 3.683825 -5.222093 2.021130 40.303148 0.916932 0.093457
Car -1 -1 -10 458.000000 182.000000 516.000000 212.000000 1.535380 1.626464 3.798433 -5.822218 1.801092 34.746879 -1.207430 0.063519
