Pedestrian -1 -1 -10 384.000000 177.000000 451.000000 290.000000 1.655087 0.626561 0.618602 -3.335862 2.074571 11.499840 -1.837540 0.015513
Car -1 -1 -10 631.000000 177.000000 667.000000 208.000000 1.453595 1.615431 3.867597 2.017519 1.892806 37.840051 1.589427 0.999600
Car -1 -1 -10 470.000000 182.000000 542.000000 238.000000 1.542577 1.574941 3.655066 -3.105978 1.832260 20.577149 -1.579032 0.999173
Car -1 -1 -10 553.000000 170.000000 580.000000 195.000000 1.546312 1.611520 3.714392 -3.201251 1.615979 56.571378 1.556757 0.998567
Car -1 -1 -10 771.000000 198.000000 1172.000000 376.000000 1.442052 1.601403 3.928415 2.701525 1.550539 5.499061 1.561036 0.992620
Car -1 -1 -10 356.000000 177.000000 498.000000 284.000000 1.577487 1.633599 3.758739 -3.308533 1.732082 13.037093 1.722716 0.960496
Car -1 -1 -10 0.000000 177.000000 134.000000 356.000000 1.436781 1.618534 3.713703 -6.294826 1.722926 6.980325 -2.821230 0.181461
Car -1 -1 -10 629.000000 171.000000 650.000000 197.000000 1.465834 1.607491 3.703001 1.717877 1.580134 39.245031 -1.519145 0.113492
Car -1 -1 -10 380.000000 175.000000 447.000000 270.000000 1.442528 1.577854 3.748814 -3.302417 1.602936 12.966056 1.296527 0.018192
Cyclist -1 -1 -10 332.000000 171.000000 470.000000 374.000000 1.722049 0.576697 0.776685 -1.431857 1.843138 5.439232 -1.793607 0.999739
Cyclist -1 -1 -10 365.000000 171.000000 493.000000 296.000000 1.736695 0.486802 1.651478 -2.639507 2.147177 11.563207 -1.782391 0.692370
