Pedestrian -1 -1 -10 547.000000 139.000000 581.000000 226.000000 1.642188 0.612949 0.640944 -0.880312 0.954715 15.522292 -1.580641 0.997239
Pedestrian -1 -1 -10 712.000000 137.000000 779.000000 332.000000 1.711132 0.604027 0.731212 1.523115 1.480322 6.728577 -1.328373 0.996579
Pedestrian -1 -1 -10 587.000000 136.000000 616.000000 223.000000 1.696300 0.612431 0.761487 -0.006515 0.981956 15.162242 -1.531455 0.995446
Pedestrian -1 -1 -10 507.000000 141.000000 538.000000 217.000000 1.618784 0.604829 0.652517 -1.863760 0.841521 16.414390 -1.653912 0.994561
Pedestrian -1 -1 -10 778.000000 136.000000 850.000000 316.000000 1.685052 0.602936 0.714978 2.225449 1.391994 7.272154 -1.242325 0.994355
Pedestrian -1 -1 -10 479.000000 138.000000 503.000000 212.000000 1.729076 0.586007 0.601590 -3.778039 0.194207 23.020067 -1.739795 0.915350
Pedestrian -1 -1 -10 571.000000 141.000000 590.000000 207.000000 1.637438 0.593921 0.608131 -0.744374 0.161875 23.804189 -1.601420 0.736298
Pedestrian -1 -1 -10 457.000000 147.000000 480.000000 215.000000 1.691612 0.594714 0.640115 -4.133534 0.728578 20.082298 -1.701394 0.732397
Pedestrian -1 -1 -10 246.000000 136.000000 280.000000 248.000000 1.591263 0.608210 0.639642 -5.518525 0.994963 11.765622 -1.994121 0.681821
Pedestrian -1 -1 -10 432.000000 142.000000 457.000000 213.000000 1.700401 0.601472 0.493305 -4.811537 0.628633 23.327939 -1.765466 0.472546
Pedestrian -1 -1 -10 678.000000 144.000000 697.000000 202.000000 1.674812 0.613517 0.607591 2.926401 0.468036 24.316186 2.183776 0.396824
Pedestrian -1 -1 -10 260.000000 136.000000 305.000000 239.000000 1.583781 0.599490 0.603770 -5.225842 0.761796 11.821876 -1.981562 0.386190
Pedestrian -1 -1 -10 562.000000 142.000000 584.000000 210.000000 1.729080 0.597211 0.664542 -0.750409 0.563705 22.927898 -1.605186 0.277345
Pedestrian -1 -1 -10 542.000000 142.000000 567.000000 209.000000 1.651925 0.595454 0.543546 -1.317735 0.319317 19.511628 -1.643609 0.262945
Pedestrian -1 -1 -10 521.000000 140.000000 538.000000 186.000000 1.708255 0.635828 0.629685 -3.229159 0.123442 33.383024 -1.657493 0.239494
Pedestrian -1 -1 -10 490.000000 140.000000 508.000000 203.000000 1.699704 0.687604 0.745940 -2.524127 1.861031 10.810108 -1.775775 0.174344
Cyclist -1 -1 -10 427.000000 143.000000 460.000000 220.000000 1.624082 0.601373 0.643587 -3.840485 0.704904 16.589481 -1.759024 0.753630
Cyclist -1 -1 -10 271.000000 135.000000 313.000000 232.000000 1.677772 0.521154 1.692614 -7.611476 0.621365 17.289489 -1.951251 0.476515
Cyclist -1 -1 -10 452.000000 144.000000 480.000000 218.000000 1.639168 0.618341 0.563372 -3.396436 0.780361 17.803464 -1.724733 0.398565
Cyclist -1 -1 -10 284.000000 150.000000 351.000000 210.000000 1.715307 0.455503 1.627014 -12.068741 0.965469 30.673555 -1.951348 0.210380
Cyclist -1 -1 -10 333.000000 152.000000 386.000000 198.000000 1.734587 0.543794 1.685730 -11.202847 0.872228 31.382266 -1.851950 0.183172
Cyclist -1 -1 -10 237.000000 137.000000 323.000000 240.000000 1.725126 0.480565 1.588794 -5.686255 0.778639 12.100787 -1.972697 0.145681
Cyclist -1 -1 -10 306.000000 152.000000 370.000000 200.000000 1.495316 1.554537 3.742252 -11.652861 0.629958 31.067896 -2.454801 0.117498
Cyclist -1 -1 -10 520.000000 141.000000 538.000000 183.000000 1.485135 1.571712 3.654548 -3.325185 -0.067779 33.160316 -1.674499 0.081065
Cyclist -1 -1 -10 248.000000 134.000000 282.000000 249.000000 1.574597 0.598815 0.619475 -5.466661 0.933619 11.778696 -1.998025 0.063585
Cyclist -1 -1 -10 544.000000 143.000000 573.000000 208.000000 1.709841 0.579793 0.632869 -1.506020 0.148667 21.282006 -1.650534 0.050129
Cyclist -1 -1 -10 509.000000 141.000000 538.000000 212.000000 1.671910 0.578323 0.621071 -2.775304 0.030775 23.338608 -1.695322 0.042513
Cyclist -1 -1 -10 450.000000 140.000000 467.000000 207.000000 1.648328 0.611246 0.515427 -4.397916 0.233525 23.244856 0.818828 0.023749
Cyclist -1 -1 -10 477.000000 139.000000 502.000000 212.000000 1.722026 0.579093 0.635886 -3.865025 0.137613 23.030038 -1.746402 0.012330
Cyclist -1 -1 -10 494.000000 142.000000 508.000000 194.000000 1.654851 0.708387 0.732306 -2.447747 1.714572 10.599323 1.422490 0.010136
