Car -1 -1 -10 297.000000 181.000000 453.000000 274.000000 1.598617 1.601990 3.774530 -4.493321 1.557004 13.943668 -1.385391 0.999642
Car -1 -1 -10 588.000000 175.000000 668.000000 252.000000 1.471806 1.638590 3.804623 0.575078 1.363527 17.082607 -1.549606 0.999491
Car -1 -1 -10 153.000000 181.000000 271.000000 232.000000 1.558474 1.654466 3.759981 -12.567246 1.391561 22.720622 1.584862 0.992216
Car -1 -1 -10 0.000000 186.000000 206.000000 274.000000 1.492403 1.654046 3.581201 -13.019582 1.838009 21.521741 0.954409 0.932676
Car -1 -1 -10 -5.000000 206.000000 258.000000 372.000000 1.497218 1.641613 3.764345 -4.586410 1.686539 5.463684 1.620281 0.929277
Car -1 -1 -10 623.000000 178.000000 667.000000 215.000000 1.496932 1.615556 3.730004 2.317610 1.303405 38.559700 -1.457628 0.264606
Car -1 -1 -10 99.000000 174.000000 166.000000 211.000000 1.596302 1.039724 3.030914 -14.557916 4.113627 19.151963 0.803927 0.102030
Car -1 -1 -10 619.000000 169.000000 652.000000 198.000000 1.575961 1.643063 3.624687 -0.317790 1.470047 10.393702 -1.583097 0.043577
Car -1 -1 -10 295.000000 184.000000 371.000000 220.000000 1.569102 1.624465 3.739742 -11.665201 1.122302 28.848431 -1.908727 0.030137
Car -1 -1 -10 0.000000 191.000000 60.000000 266.000000 1.495560 1.639918 3.582678 -25.385756 1.647920 30.257140 0.895042 0.013342
Car -1 -1 -10 0.000000 194.000000 135.000000 347.000000 1.507973 1.617076 3.819965 -8.579382 1.117156 10.722832 0.983522 0.011216
