Car -1 -1 -10 520.000000 173.000000 577.000000 220.000000 1.555241 1.601840 3.802413 -2.406164 1.662354 28.145243 1.557930 0.999188
Car -1 -1 -10 703.000000 180.000000 786.000000 260.000000 1.465186 1.588087 3.842255 3.144378 1.719792 16.056777 -1.458514 0.998944
Car -1 -1 -10 217.000000 183.000000 487.000000 357.000000 1.512096 1.617097 3.734412 -2.851240 1.677526 8.207899 -1.388046 0.998723
Car -1 -1 -10 348.000000 171.000000 472.000000 223.000000 1.531135 1.637905 3.857504 -5.872830 1.192043 23.160189 1.832761 0.987238
Car -1 -1 -10 684.000000 186.000000 738.000000 241.000000 1.418777 1.544151 3.711511 3.171335 1.955282 19.887192 -1.440727 0.984280
Car -1 -1 -10 558.000000 179.000000 593.000000 210.000000 1.479827 1.661673 3.747700 -1.984821 1.833303 35.301187 -1.528056 0.958244
Car -1 -1 -10 -2.000000 199.000000 117.000000 371.000000 1.464211 1.619622 3.713285 -2.858617 1.467492 3.299974 -2.200782 0.412966
Cyclist -1 -1 -10 612.000000 172.000000 626.000000 205.000000 1.614267 0.594835 0.703642 0.664083 1.804184 39.595314 -1.531084 0.992762
Cyclist -1 -1 -10 0.000000 205.000000 118.000000 372.000000 1.629157 0.586741 0.639329 -2.374003 1.626699 2.781050 -2.216444 0.013551
Cyclist -1 -1 -10 346.000000 169.000000 474.000000 220.000000 1.500241 1.611531 3.919277 -5.980346 1.400143 22.252462 -2.951189 0.013191
