Pedestrian -1 -1 -10 244.000000 160.000000 337.000000 350.000000 1.696370 0.612436 0.768804 -2.855713 1.711385 6.708045 -1.939189 0.997795
Pedestrian -1 -1 -10 627.000000 159.000000 655.000000 241.000000 1.738713 0.603493 0.785048 0.835794 1.512774 16.683342 0.591749 0.996349
Pedestrian -1 -1 -10 1072.000000 143.000000 1194.000000 372.000000 1.691482 0.595701 0.737443 3.989259 1.606887 5.232858 -0.890418 0.995833
Pedestrian -1 -1 -10 808.000000 168.000000 867.000000 345.000000 1.667365 0.604098 0.716937 2.280466 1.616014 6.823406 -1.220374 0.992691
Pedestrian -1 -1 -10 103.000000 163.000000 182.000000 340.000000 1.819928 0.613164 0.663779 -2.932440 1.454368 3.593514 1.074895 0.965333
Pedestrian -1 -1 -10 729.000000 174.000000 770.000000 294.000000 1.700474 0.594213 0.692457 2.117145 1.754955 10.029610 0.752352 0.953726
Pedestrian -1 -1 -10 700.000000 171.000000 740.000000 277.000000 1.677075 0.600156 0.645084 1.967251 1.760386 10.369832 0.732214 0.937223
Pedestrian -1 -1 -10 794.000000 170.000000 844.000000 323.000000 1.664674 0.593739 0.668680 2.429983 1.658916 7.136776 0.841760 0.801302
Pedestrian -1 -1 -10 1174.000000 139.000000 1237.000000 371.000000 1.622704 0.605308 0.665285 4.497059 1.438742 4.952900 -0.843029 0.587166
Pedestrian -1 -1 -10 747.000000 173.000000 784.000000 287.000000 1.756864 0.574836 0.714588 2.084381 1.743910 9.916855 0.781946 0.573306
Car -1 -1 -10 544.000000 170.000000 597.000000 212.000000 1.477118 1.587930 3.753982 -1.290933 1.122338 28.513109 1.653563 0.999124
Cyclist -1 -1 -10 1177.000000 143.000000 1238.000000 369.000000 1.634591 0.587334 0.623223 4.524042 1.396443 4.975199 -0.862491 0.086424
Cyclist -1 -1 -10 97.000000 166.000000 198.000000 332.000000 1.882249 0.589729 0.728523 -2.661762 1.545279 3.210136 1.074788 0.077527
Cyclist -1 -1 -10 805.000000 169.000000 869.000000 325.000000 1.657735 0.589907 0.731870 2.276607 1.576363 6.867070 -1.224190 0.062115
Cyclist -1 -1 -10 792.000000 167.000000 837.000000 316.000000 1.639273 0.593997 0.658108 2.415358 1.595029 7.216846 -1.236270 0.031442
