Pedestrian -1 -1 -10 875.000000 146.000000 968.000000 363.000000 1.692954 0.605845 0.737241 2.504328 1.579031 5.527157 -1.110113 0.998605
Pedestrian -1 -1 -10 792.000000 141.000000 875.000000 367.000000 1.657303 0.603926 0.706402 1.893893 1.471407 5.668745 -1.226216 0.998301
Pedestrian -1 -1 -10 1065.000000 144.000000 1197.000000 371.000000 1.701383 0.616326 0.776034 3.838977 1.704953 4.773337 -0.885800 0.996920
Pedestrian -1 -1 -10 536.000000 146.000000 599.000000 352.000000 1.697280 0.601400 0.736258 -0.316951 1.539515 6.123073 -1.584223 0.996421
Pedestrian -1 -1 -10 706.000000 139.000000 768.000000 309.000000 1.703035 0.599656 0.743958 1.463373 1.471136 7.638605 -1.336758 0.994940
Pedestrian -1 -1 -10 678.000000 158.000000 730.000000 316.000000 1.683044 0.602344 0.715758 1.199403 1.609904 7.568647 -1.388583 0.988356
Pedestrian -1 -1 -10 620.000000 137.000000 677.000000 325.000000 1.743448 0.599901 0.763983 0.463172 1.557693 7.065809 -1.456618 0.980400
Pedestrian -1 -1 -10 516.000000 140.000000 552.000000 246.000000 1.628643 0.606849 0.665756 -1.069568 1.053925 11.734387 -1.640066 0.967878
Pedestrian -1 -1 -10 773.000000 154.000000 829.000000 312.000000 1.630521 0.604164 0.632776 1.897833 1.533160 5.924203 -1.264903 0.942249
Pedestrian -1 -1 -10 585.000000 156.000000 641.000000 334.000000 1.696536 0.595960 0.725848 0.107709 1.679885 6.752222 -1.498783 0.913591
Pedestrian -1 -1 -10 688.000000 140.000000 724.000000 213.000000 1.829245 0.610869 0.669650 0.111062 1.296957 3.671190 1.775409 0.843593
Pedestrian -1 -1 -10 648.000000 140.000000 674.000000 201.000000 1.718890 0.608852 0.657512 1.788936 0.885189 22.953519 -1.445601 0.386257
Pedestrian -1 -1 -10 258.000000 135.000000 296.000000 232.000000 1.677765 0.608040 0.626415 -7.840802 0.347750 17.211992 -2.008199 0.352875
Pedestrian -1 -1 -10 1171.000000 133.000000 1222.000000 367.000000 1.648418 0.584304 0.704630 4.311463 1.790805 4.970994 -0.822320 0.346692
Pedestrian -1 -1 -10 549.000000 145.000000 565.000000 192.000000 1.625833 0.645228 0.688033 -1.859203 0.344538 29.029838 -1.648106 0.346645
Pedestrian -1 -1 -10 591.000000 146.000000 625.000000 225.000000 1.555956 1.452310 3.635022 -0.546059 0.993152 13.269769 1.578977 0.276240
Pedestrian -1 -1 -10 545.000000 148.000000 585.000000 198.000000 1.733140 0.611479 0.784750 -1.865052 0.708198 29.017608 0.476252 0.276183
Pedestrian -1 -1 -10 627.000000 138.000000 668.000000 208.000000 1.632283 0.599518 0.626810 1.818656 0.648467 22.005526 -1.502766 0.220975
Pedestrian -1 -1 -10 305.000000 141.000000 330.000000 217.000000 1.620140 0.588142 0.595372 -8.222411 0.564132 20.253814 -1.936276 0.212465
Cyclist -1 -1 -10 551.000000 146.000000 588.000000 194.000000 1.766711 0.650402 0.748460 -1.840096 0.724774 29.334056 0.462119 0.574532
Cyclist -1 -1 -10 247.000000 137.000000 306.000000 231.000000 1.687381 0.595267 0.650803 -7.908914 0.337772 17.162050 -2.010005 0.351500
Cyclist -1 -1 -10 298.000000 142.000000 337.000000 219.000000 1.617509 0.587155 0.590629 -8.253226 0.569887 20.264557 -1.942249 0.297038
Cyclist -1 -1 -10 591.000000 148.000000 627.000000 220.000000 1.818613 0.589699 0.663739 -0.396969 1.182140 3.409567 1.640421 0.186273
Cyclist -1 -1 -10 286.000000 141.000000 320.000000 226.000000 1.690212 0.599246 0.615345 -7.864171 0.871014 17.838132 -1.927431 0.140410
Cyclist -1 -1 -10 547.000000 146.000000 568.000000 192.000000 1.762413 0.495668 1.557589 -1.928802 0.402034 29.001214 -1.648130 0.134952
Cyclist -1 -1 -10 517.000000 140.000000 553.000000 248.000000 1.615765 0.595918 0.680344 -1.075200 1.020851 11.764321 -1.641185 0.115376
Cyclist -1 -1 -10 643.000000 140.000000 674.000000 202.000000 1.650663 0.624792 0.690632 1.808592 0.692141 22.508631 -1.476147 0.083606
Cyclist -1 -1 -10 341.000000 152.000000 387.000000 198.000000 1.693490 0.621399 0.595725 -11.299762 0.915128 31.799907 -1.861343 0.072847
Cyclist -1 -1 -10 686.000000 140.000000 733.000000 236.000000 1.828897 0.593595 0.678793 0.113093 1.288397 4.059342 1.783764 0.057886
Cyclist -1 -1 -10 618.000000 147.000000 675.000000 309.000000 1.706692 0.588169 0.771318 0.456211 1.455058 7.124065 -1.468292 0.046639
Cyclist -1 -1 -10 540.000000 142.000000 557.000000 196.000000 1.604246 0.593112 0.676952 -1.954697 0.349571 28.626558 -1.627752 0.036728
Cyclist -1 -1 -10 533.000000 139.000000 551.000000 202.000000 1.752812 0.579793 0.644045 -2.142068 0.253682 28.852572 -1.675554 0.032934
Cyclist -1 -1 -10 626.000000 137.000000 665.000000 220.000000 1.711595 0.690969 0.801152 -0.040929 0.954329 5.258702 1.619152 0.032624
Cyclist -1 -1 -10 585.000000 153.000000 646.000000 330.000000 1.692757 0.594503 0.738869 0.137518 1.615073 6.809898 -1.503529 0.019278
Cyclist -1 -1 -10 1171.000000 133.000000 1222.000000 367.000000 1.625874 0.574556 0.704835 4.295895 1.765096 5.013279 -0.829440 0.012231
