Pedestrian -1 -1 -10 696.000000 171.000000 703.000000 206.000000 1.618422 0.596393 0.559223 5.181907 1.526582 39.418797 -1.444566 0.028685
Car -1 -1 -10 487.000000 189.000000 549.000000 238.000000 1.493368 1.571445 3.686191 -2.892436 2.057496 22.663280 1.535267 0.999520
Car -1 -1 -10 148.000000 194.000000 464.000000 376.000000 1.517947 1.612185 3.750364 -2.863631 1.862500 7.233527 1.584233 0.999255
Car -1 -1 -10 659.000000 181.000000 727.000000 236.000000 1.475223 1.558538 3.829742 2.711382 1.781690 23.083933 -1.582800 0.999123
Car -1 -1 -10 545.000000 184.000000 576.000000 209.000000 1.586535 1.602276 3.871601 -3.289738 2.594431 46.518591 1.518138 0.998335
Car -1 -1 -10 752.000000 178.000000 957.000000 351.000000 1.475794 1.597674 4.038784 3.103633 1.716962 8.171743 1.442684 0.986490
Car -1 -1 -10 646.000000 181.000000 696.000000 225.000000 1.440006 1.513663 3.641857 2.507781 2.173491 26.719660 1.086321 0.917603
Car -1 -1 -10 841.000000 213.000000 1235.000000 376.000000 1.540291 1.659650 3.710124 2.564691 1.523605 3.415373 2.067328 0.872151
Car -1 -1 -10 636.000000 177.000000 666.000000 212.000000 1.503951 1.528550 3.564321 2.283373 1.943273 33.600170 -1.512677 0.390406
Car -1 -1 -10 806.000000 194.000000 1051.000000 370.000000 1.418042 1.562536 3.795526 2.907769 1.724876 3.679778 1.387740 0.109536
