Pedestrian -1 -1 -10 429.000000 175.000000 456.000000 245.000000 1.679681 0.610797 0.747470 -4.021254 1.790084 18.314519 -1.753693 0.995742
Pedestrian -1 -1 -10 634.000000 170.000000 667.000000 265.000000 1.687270 0.606599 0.751455 1.017580 1.699852 13.024273 -1.457768 0.994629
Pedestrian -1 -1 -10 406.000000 175.000000 428.000000 240.000000 1.675297 0.609218 0.739331 -4.798890 1.813257 18.855452 1.788161 0.992071
Pedestrian -1 -1 -10 675.000000 171.000000 709.000000 264.000000 1.720781 0.584805 0.684652 1.628815 1.764307 13.284909 -1.391160 0.960051
Pedestrian -1 -1 -10 610.000000 170.000000 640.000000 235.000000 1.665900 0.617885 0.723558 0.625802 1.602049 21.426579 -1.504157 0.944548
Pedestrian -1 -1 -10 710.000000 168.000000 735.000000 242.000000 1.748685 0.582110 0.722033 2.694199 1.764368 16.592341 2.225784 0.866224
Pedestrian -1 -1 -10 743.000000 168.000000 764.000000 233.000000 1.715601 0.583755 0.711642 4.091191 1.547558 19.261609 0.756428 0.824062
Pedestrian -1 -1 -10 692.000000 171.000000 726.000000 246.000000 1.767855 0.572073 0.663270 2.033317 1.841108 15.316772 0.714186 0.647894
Pedestrian -1 -1 -10 25.000000 228.000000 243.000000 372.000000 1.602603 0.608281 0.609560 -2.686792 1.957578 4.064555 -2.135984 0.572318
Pedestrian -1 -1 -10 648.000000 171.000000 678.000000 256.000000 1.714807 0.610595 0.654724 1.043838 1.705756 13.623228 -1.443647 0.378279
Pedestrian -1 -1 -10 661.000000 169.000000 696.000000 252.000000 1.683249 0.619753 0.592079 1.668235 1.756488 14.378827 2.184317 0.275689
Pedestrian -1 -1 -10 121.000000 217.000000 222.000000 368.000000 1.626160 0.587694 0.586853 -2.952868 2.006685 4.495824 1.516451 0.246416
Pedestrian -1 -1 -10 0.000000 234.000000 26.000000 343.000000 1.827627 0.612446 0.680034 -3.692764 1.714586 3.547634 0.960904 0.201064
Pedestrian -1 -1 -10 141.000000 178.000000 187.000000 276.000000 1.635654 0.602055 0.664153 -7.412706 1.593687 12.134349 -2.098085 0.136897
Car -1 -1 -10 537.000000 181.000000 575.000000 211.000000 1.496489 1.593988 3.751309 -2.730260 1.737904 37.710775 2.019945 0.998967
Cyclist -1 -1 -10 6.000000 234.000000 242.000000 373.000000 1.624553 0.598274 0.622955 -2.686678 1.894466 4.136029 -2.148747 0.670368
Cyclist -1 -1 -10 900.000000 188.000000 1139.000000 371.000000 1.611509 0.582464 0.620806 2.053834 1.912710 3.819683 -1.019593 0.647289
Cyclist -1 -1 -10 112.000000 213.000000 226.000000 364.000000 1.619519 0.587934 0.583668 -3.024675 1.892497 4.507747 -2.071125 0.109663
Cyclist -1 -1 -10 133.000000 195.000000 199.000000 313.000000 1.763720 0.684155 0.882702 -5.197246 1.914301 7.021918 1.038801 0.048051
Cyclist -1 -1 -10 0.000000 226.000000 113.000000 368.000000 1.880305 0.583717 0.753111 -2.158070 1.373572 2.252321 0.978120 0.047595
Cyclist -1 -1 -10 2.000000 233.000000 39.000000 351.000000 1.478659 1.640263 3.586415 -3.795690 1.450098 3.654256 0.964315 0.029836
Cyclist -1 -1 -10 165.000000 209.000000 259.000000 312.000000 1.671681 0.643354 0.565074 -3.747126 1.944013 6.264249 1.576671 0.022483
Cyclist -1 -1 -10 612.000000 170.000000 644.000000 236.000000 1.671307 0.617632 0.725008 0.639117 1.564318 21.410022 -1.514581 0.012501
