Pedestrian -1 -1 -10 769.000000 159.000000 830.000000 300.000000 1.713611 0.607722 0.769886 2.547954 1.615589 9.042272 -1.257368 0.998462
Pedestrian -1 -1 -10 1026.000000 136.000000 1142.000000 328.000000 1.706896 0.603125 0.761378 4.408662 1.532426 6.638677 -0.938616 0.998425
Pedestrian -1 -1 -10 139.000000 177.000000 238.000000 372.000000 1.711098 0.604229 0.770524 -3.436581 1.886165 5.847836 -2.052106 0.995118
Pedestrian -1 -1 -10 254.000000 182.000000 294.000000 299.000000 1.701533 0.599808 0.757700 -5.061487 1.922644 11.168068 -1.956191 0.991182
Pedestrian -1 -1 -10 511.000000 178.000000 529.000000 232.000000 1.696766 0.599946 0.751747 -2.695271 1.844633 23.517017 -1.639137 0.975488
Pedestrian -1 -1 -10 346.000000 187.000000 367.000000 251.000000 1.653632 0.632564 0.628388 -6.112188 2.072893 18.280764 0.699560 0.806829
Pedestrian -1 -1 -10 245.000000 185.000000 277.000000 288.000000 1.700644 0.593405 0.659371 -5.221139 1.893317 11.473071 -1.956300 0.751184
Pedestrian -1 -1 -10 165.000000 184.000000 229.000000 316.000000 1.642599 0.605974 0.661233 -3.619752 1.698852 5.995070 -2.058996 0.430141
Pedestrian -1 -1 -10 176.000000 177.000000 216.000000 278.000000 1.605788 0.603024 0.597450 -7.954145 1.350454 14.228657 -2.071043 0.411017
Pedestrian -1 -1 -10 726.000000 187.000000 752.000000 254.000000 1.631832 0.585123 0.674779 2.818564 1.922375 14.884184 -1.336448 0.124394
Pedestrian -1 -1 -10 594.000000 174.000000 613.000000 233.000000 1.688072 0.612414 0.750141 0.047940 1.790364 22.768274 -1.530133 0.114613
Pedestrian -1 -1 -10 142.000000 184.000000 176.000000 304.000000 1.614820 0.600377 0.632322 -3.358909 1.566797 5.829767 -2.103505 0.109803
Pedestrian -1 -1 -10 619.000000 175.000000 639.000000 233.000000 1.720065 0.599767 0.769752 0.821850 1.695473 22.534165 0.576243 0.108222
Pedestrian -1 -1 -10 147.000000 182.000000 205.000000 278.000000 1.706851 0.595868 0.615377 -8.139087 1.416712 14.023663 -2.113817 0.082886
Pedestrian -1 -1 -10 154.000000 182.000000 178.000000 261.000000 1.660459 0.606962 0.599804 -8.994857 1.803090 15.048019 0.016304 0.030111
Pedestrian -1 -1 -10 768.000000 186.000000 788.000000 247.000000 1.569963 0.584826 0.563976 4.730370 1.498324 17.851347 -1.310585 0.018548
Car -1 -1 -10 359.000000 170.000000 477.000000 260.000000 1.665904 1.636980 3.945510 -4.499300 1.586927 18.214297 1.701215 0.960551
Car -1 -1 -10 432.000000 173.000000 506.000000 236.000000 1.523409 1.557442 3.732101 -4.121336 1.606104 24.660222 -1.580477 0.566064
Car -1 -1 -10 0.000000 183.000000 128.000000 372.000000 1.463026 1.623405 3.717039 -2.392416 1.304909 2.821929 -2.193128 0.150699
Cyclist -1 -1 -10 173.000000 178.000000 218.000000 272.000000 1.632755 0.593882 0.648853 -7.950865 1.623016 14.179270 -2.076657 0.060089
Cyclist -1 -1 -10 143.000000 182.000000 214.000000 307.000000 1.663549 0.592066 0.554997 -3.658692 1.598921 6.907879 -2.101876 0.025338
