Pedestrian -1 -1 -10 414.000000 180.000000 433.000000 234.000000 1.660560 0.595961 0.597441 -5.851786 1.728710 23.362533 -1.823983 0.896890
Pedestrian -1 -1 -10 397.000000 186.000000 409.000000 232.000000 1.662615 0.608389 0.588242 -6.811907 1.934186 23.625220 -1.851520 0.038663
Pedestrian -1 -1 -10 412.000000 185.000000 423.000000 229.000000 1.737038 0.615323 0.579420 -6.899589 1.936048 26.444557 -1.821027 0.025339
Pedestrian -1 -1 -10 415.000000 180.000000 430.000000 207.000000 1.620513 0.593169 0.587340 -7.906653 1.638949 29.926781 -1.803557 0.014061
Car -1 -1 -10 719.000000 183.000000 887.000000 299.000000 1.458754 1.581659 3.874333 3.068034 1.678215 10.988174 1.376856 0.999469
Car -1 -1 -10 375.000000 197.000000 475.000000 264.000000 1.540248 1.610550 3.736755 -4.450710 2.100788 17.292002 -1.365858 0.998874
Car -1 -1 -10 664.000000 182.000000 728.000000 237.000000 1.450114 1.554989 3.774245 2.792485 1.816638 21.648357 -1.512204 0.996738
Car -1 -1 -10 442.000000 182.000000 508.000000 235.000000 1.552439 1.599413 3.802155 -4.809148 2.033501 26.089935 -1.595922 0.990133
Car -1 -1 -10 639.000000 179.000000 673.000000 212.000000 1.515969 1.617648 3.832500 2.335910 1.788151 37.171015 -1.518452 0.954869
Car -1 -1 -10 495.000000 185.000000 533.000000 215.000000 1.520417 1.571205 3.827660 -5.464935 2.260033 40.253276 1.475934 0.695408
