Pedestrian -1 -1 -10 679.000000 166.000000 690.000000 203.000000 1.655229 0.593797 0.576118 2.729833 1.072893 27.427646 -1.460586 0.170138
Pedestrian -1 -1 -10 690.000000 171.000000 698.000000 198.000000 1.721169 0.584899 0.600930 3.612321 1.194661 29.930391 -1.464116 0.015654
Pedestrian -1 -1 -10 870.000000 176.000000 912.000000 208.000000 1.412946 1.635504 3.766538 12.861393 1.669290 31.999897 -1.188462 0.011533
Pedestrian -1 -1 -10 683.000000 169.000000 699.000000 202.000000 1.769333 0.583993 0.613010 5.416011 1.602617 42.607825 -1.470240 0.010054
Car -1 -1 -10 888.000000 169.000000 1021.000000 271.000000 1.521321 1.570171 3.806391 6.321244 1.577060 13.142168 -1.222798 0.999511
Car -1 -1 -10 647.000000 176.000000 739.000000 245.000000 1.513884 1.584202 3.683985 1.926369 1.582485 17.048832 -1.338514 0.999404
Car -1 -1 -10 691.000000 177.000000 772.000000 231.000000 1.569031 1.596428 3.801751 3.376864 1.717367 21.893106 2.191586 0.995249
Car -1 -1 -10 871.000000 176.000000 913.000000 208.000000 1.415686 1.568644 3.706161 13.237169 1.648364 32.915519 -1.216518 0.851792
Car -1 -1 -10 862.000000 175.000000 897.000000 200.000000 1.469218 1.594906 3.511967 16.573006 1.800692 44.325276 -1.192194 0.038619
Car -1 -1 -10 1164.000000 227.000000 1239.000000 370.000000 1.478048 1.655543 3.456670 3.853164 1.958726 5.996643 2.344163 0.017887
