Pedestrian -1 -1 -10 877.000000 187.000000 908.000000 283.000000 1.832903 0.612062 0.688518 1.230984 1.680750 4.797374 2.009679 0.559556
Car -1 -1 -10 715.000000 175.000000 903.000000 311.000000 1.524621 1.602140 3.838541 2.774589 1.607955 10.112903 -1.766947 0.998978
Car -1 -1 -10 523.000000 175.000000 567.000000 210.000000 1.451188 1.603706 3.822146 -3.186696 1.828482 34.435245 1.561461 0.998940
Car -1 -1 -10 312.000000 187.000000 489.000000 315.000000 1.492112 1.589517 3.686548 -2.839845 1.810174 10.051795 1.736949 0.995215
Car -1 -1 -10 662.000000 169.000000 746.000000 239.000000 1.502100 1.615568 3.971037 2.820440 1.631637 19.580071 -1.602131 0.990376
Car -1 -1 -10 688.000000 180.000000 778.000000 263.000000 1.447680 1.502095 3.700308 2.800203 1.837259 14.919093 -1.453349 0.988160
Car -1 -1 -10 649.000000 167.000000 699.000000 212.000000 1.498644 1.541131 3.782628 3.138770 1.499159 33.773806 -1.524614 0.950826
Car -1 -1 -10 638.000000 169.000000 679.000000 205.000000 1.498272 1.533199 3.709472 2.912365 1.547779 34.359390 -1.557414 0.112072
Car -1 -1 -10 431.000000 191.000000 482.000000 236.000000 1.469379 1.498226 3.594428 -6.029128 2.267718 28.447635 -1.781299 0.019706
Car -1 -1 -10 789.000000 188.000000 918.000000 283.000000 1.571019 1.654297 3.386677 2.099424 1.950788 8.948309 2.035172 0.015307
Car -1 -1 -10 636.000000 175.000000 662.000000 201.000000 1.385782 1.572948 3.829748 2.424567 1.934473 41.234434 -1.544580 0.013852
Car -1 -1 -10 361.000000 192.000000 481.000000 263.000000 1.459538 1.655830 3.462844 -2.235776 1.460990 5.584090 1.388560 0.010769
Cyclist -1 -1 -10 873.000000 186.000000 912.000000 282.000000 1.771415 0.689866 0.910599 2.219611 1.864580 7.820063 1.977139 0.840742
