Car -1 -1 -10 800.000000 189.000000 1166.000000 367.000000 1.458136 1.615081 3.944672 3.753719 1.620600 6.847153 1.504985 0.999482
Car -1 -1 -10 465.000000 180.000000 522.000000 220.000000 1.532943 1.595505 3.708049 -4.581659 1.835583 28.837765 1.580157 0.999310
Car -1 -1 -10 233.000000 191.000000 421.000000 289.000000 1.522887 1.550933 3.698486 -4.788368 1.964150 12.326460 1.672125 0.999162
Car -1 -1 -10 5.000000 190.000000 303.000000 373.000000 1.529380 1.624434 3.677763 -4.871484 1.912683 7.375544 1.530951 0.997630
Car -1 -1 -10 743.000000 183.000000 903.000000 282.000000 1.465394 1.569373 3.993614 3.913998 1.666281 12.175773 1.434408 0.996561
Car -1 -1 -10 693.000000 179.000000 760.000000 228.000000 1.439015 1.500116 3.752313 4.264247 1.869706 23.689916 -1.528857 0.992624
Car -1 -1 -10 717.000000 180.000000 811.000000 248.000000 1.481224 1.543385 3.858652 4.223433 1.742055 17.987275 -1.509900 0.991445
Car -1 -1 -10 497.000000 179.000000 541.000000 213.000000 1.483365 1.542386 3.741011 -4.262804 1.839695 32.916439 1.623698 0.979232
Car -1 -1 -10 1082.000000 205.000000 1244.000000 373.000000 1.452411 1.520421 3.629651 3.947799 1.843483 4.455762 1.649432 0.797902
Car -1 -1 -10 1069.000000 175.000000 1209.000000 232.000000 1.470792 1.608662 3.903208 13.520121 1.342295 18.581755 1.648810 0.203382
Cyclist -1 -1 -10 944.000000 192.000000 1033.000000 229.000000 1.463924 1.591344 3.826249 11.669362 1.584532 22.632540 2.059514 0.042430
Cyclist -1 -1 -10 991.000000 194.000000 1090.000000 228.000000 1.428848 1.632791 3.770094 12.918860 1.786309 21.083450 1.576196 0.031240
Cyclist -1 -1 -10 1068.000000 202.000000 1245.000000 376.000000 1.705388 0.568622 1.730283 3.367748 1.934337 4.365103 1.696442 0.010781
