Pedestrian -1 -1 -10 654.000000 137.000000 702.000000 271.000000 1.742096 0.594633 0.738879 1.120927 1.323917 10.109391 0.651073 0.997176
Pedestrian -1 -1 -10 524.000000 142.000000 553.000000 213.000000 1.603967 0.619934 0.580246 -1.828471 0.557434 18.568086 -1.638616 0.994351
Pedestrian -1 -1 -10 583.000000 134.000000 631.000000 281.000000 1.761762 0.598247 0.783899 0.185656 1.395247 9.504683 -1.509145 0.993612
Pedestrian -1 -1 -10 603.000000 139.000000 649.000000 278.000000 1.766930 0.587387 0.784740 0.154067 1.356317 9.549670 0.582276 0.990725
Pedestrian -1 -1 -10 550.000000 139.000000 575.000000 211.000000 1.619844 0.707319 0.641427 -1.071519 1.165599 9.779619 1.530347 0.987368
Pedestrian -1 -1 -10 486.000000 145.000000 510.000000 210.000000 1.661188 0.566028 0.576280 -3.005310 0.641581 19.426493 0.419831 0.974961
Pedestrian -1 -1 -10 1038.000000 176.000000 1198.000000 365.000000 1.637866 0.580613 0.679135 2.537946 1.592780 3.370762 -0.905882 0.963358
Pedestrian -1 -1 -10 465.000000 139.000000 488.000000 208.000000 1.616375 0.709442 0.643024 -2.506718 1.299027 10.167950 1.403238 0.861290
Pedestrian -1 -1 -10 476.000000 142.000000 502.000000 208.000000 1.587296 0.598612 0.646296 -3.737260 0.268513 24.752734 -1.702702 0.608607
Pedestrian -1 -1 -10 517.000000 143.000000 540.000000 203.000000 1.692059 0.594498 0.602542 -2.977694 0.008519 25.746229 -1.683473 0.557962
Pedestrian -1 -1 -10 402.000000 142.000000 429.000000 207.000000 1.659903 0.599228 0.558597 -6.741598 1.681314 26.559294 -1.837159 0.506239
Pedestrian -1 -1 -10 241.000000 141.000000 302.000000 258.000000 1.599663 0.610938 0.650257 -5.375003 1.022498 11.675835 -1.984527 0.453196
Pedestrian -1 -1 -10 1120.000000 165.000000 1217.000000 364.000000 1.631544 0.579478 0.671976 2.630607 1.588068 3.382038 -0.857791 0.442622
Pedestrian -1 -1 -10 542.000000 140.000000 562.000000 188.000000 1.634731 0.595052 0.612097 -1.898222 0.113246 26.274139 -1.637285 0.272471
Pedestrian -1 -1 -10 433.000000 145.000000 457.000000 213.000000 1.613393 0.604880 0.641260 -5.034233 0.426876 22.223261 -1.769262 0.250139
Pedestrian -1 -1 -10 510.000000 142.000000 527.000000 197.000000 1.649965 0.597895 0.597402 -3.175531 -0.009699 25.430771 -1.688882 0.223814
Pedestrian -1 -1 -10 1078.000000 177.000000 1156.000000 289.000000 1.648909 0.599799 0.593525 2.498023 1.407927 3.256787 -0.936034 0.218925
Pedestrian -1 -1 -10 496.000000 141.000000 514.000000 197.000000 1.709780 0.624133 0.700507 -3.824756 0.439424 28.584568 2.498891 0.181388
Cyclist -1 -1 -10 249.000000 145.000000 334.000000 248.000000 1.631076 0.538108 1.725278 -5.496793 0.984129 11.719120 -1.963245 0.565884
Cyclist -1 -1 -10 433.000000 145.000000 462.000000 225.000000 1.660048 0.566899 0.698457 -4.092141 0.941464 18.721182 -1.745638 0.308901
Cyclist -1 -1 -10 326.000000 151.000000 380.000000 199.000000 1.725234 0.540716 1.625534 -11.622361 0.761193 31.323729 -1.890721 0.196274
Cyclist -1 -1 -10 399.000000 142.000000 430.000000 209.000000 1.749778 0.578375 0.645840 -5.650047 1.037292 22.938891 -1.810351 0.182924
Cyclist -1 -1 -10 587.000000 142.000000 612.000000 189.000000 1.737753 0.634664 0.749768 0.223793 0.312434 29.526069 -1.555053 0.141018
Cyclist -1 -1 -10 251.000000 135.000000 293.000000 262.000000 1.583653 0.597301 0.612920 -5.369523 0.940364 11.668957 -1.993916 0.073750
Cyclist -1 -1 -10 585.000000 138.000000 630.000000 268.000000 1.714239 0.585589 0.780897 0.151816 1.261876 9.525091 -1.518192 0.061684
Cyclist -1 -1 -10 430.000000 142.000000 451.000000 213.000000 1.713728 0.611292 0.702388 -5.225192 0.377923 23.061862 -1.792341 0.041161
Cyclist -1 -1 -10 1087.000000 169.000000 1215.000000 367.000000 1.631276 0.572487 0.676921 2.562036 1.536870 3.464010 -0.871883 0.040632
Cyclist -1 -1 -10 464.000000 142.000000 488.000000 206.000000 1.513091 1.595407 3.770483 -3.547615 1.868082 14.252870 1.417415 0.014764
Cyclist -1 -1 -10 550.000000 139.000000 576.000000 210.000000 1.541525 1.579222 3.678186 -1.294058 1.305041 10.011605 1.516784 0.014102
Cyclist -1 -1 -10 536.000000 140.000000 559.000000 195.000000 1.636332 0.584916 0.623380 -1.927815 0.091772 26.307629 -1.647027 0.010386
