Pedestrian -1 -1 -10 203.000000 169.000000 230.000000 228.000000 1.591934 0.596119 0.549371 -11.967491 1.391096 22.409098 -2.032183 0.455322
Pedestrian -1 -1 -10 1199.000000 184.000000 1241.000000 247.000000 1.596240 0.603280 0.580046 17.996625 2.363033 20.534826 -0.841153 0.013993
Car -1 -1 -10 776.000000 202.000000 1138.000000 373.000000 1.444495 1.621988 4.002651 3.203088 1.721371 6.775741 1.521902 0.998774
Car -1 -1 -10 657.000000 176.000000 718.000000 230.000000 1.505115 1.584384 3.894360 2.974672 1.743424 26.374014 -1.581720 0.997545
Car -1 -1 -10 377.000000 179.000000 498.000000 231.000000 1.485672 1.543456 3.893955 -5.870476 1.873330 24.613378 1.816829 0.978830
Car -1 -1 -10 300.000000 184.000000 456.000000 241.000000 1.426128 1.621250 4.000350 -6.200320 1.696277 20.207108 0.673293 0.950903
Car -1 -1 -10 415.000000 177.000000 520.000000 219.000000 1.534522 1.557398 3.976645 -6.076242 1.818670 31.749134 -2.886136 0.788077
Car -1 -1 -10 645.000000 181.000000 694.000000 218.000000 1.473741 1.457727 3.369947 2.418461 2.207359 28.943881 -1.480200 0.106087
Car -1 -1 -10 477.000000 178.000000 548.000000 206.000000 1.507003 1.518470 3.625158 -5.469064 1.872046 42.214807 -1.674815 0.095550
Car -1 -1 -10 0.000000 184.000000 191.000000 261.000000 1.517868 1.627274 3.824959 -13.659850 1.154711 17.522596 1.477813 0.024478
Car -1 -1 -10 213.000000 190.000000 357.000000 231.000000 1.510060 1.593091 4.032712 -11.717562 1.491396 26.118600 0.595906 0.023884
Car -1 -1 -10 757.000000 207.000000 899.000000 290.000000 1.443362 1.543835 3.862503 3.266435 1.768970 6.756792 1.312923 0.017702
Cyclist -1 -1 -10 1199.000000 184.000000 1241.000000 247.000000 1.726479 0.497190 1.672451 17.993851 2.377763 20.559014 -0.848429 0.050267
Cyclist -1 -1 -10 313.000000 185.000000 443.000000 249.000000 1.510438 1.543338 3.768473 -5.076544 1.941238 16.630814 1.276950 0.014093
