Pedestrian -1 -1 -10 1092.000000 155.000000 1123.000000 212.000000 1.750420 0.591019 0.608500 1.118323 1.175303 2.021139 -0.990613 0.037901
Pedestrian -1 -1 -10 1114.000000 149.000000 1144.000000 214.000000 1.754514 0.592445 0.607108 1.132672 1.181086 1.955701 -0.971663 0.017708
Car -1 -1 -10 862.000000 171.000000 994.000000 220.000000 1.528109 1.659705 3.834667 10.207645 1.333746 22.956959 -0.115444 0.998344
Car -1 -1 -10 1006.000000 159.000000 1188.000000 214.000000 1.609009 1.691800 3.919013 15.538695 1.243774 22.843080 2.231583 0.992028
Car -1 -1 -10 62.000000 184.000000 263.000000 258.000000 1.636258 1.700235 4.132363 -12.923558 2.051575 21.456832 -3.220639 0.780567
Car -1 -1 -10 211.000000 190.000000 309.000000 226.000000 1.486708 1.614320 3.885113 -14.097834 2.261294 30.695090 1.154445 0.313687
Car -1 -1 -10 1.000000 204.000000 86.000000 240.000000 1.473028 1.556105 3.782146 -21.576263 2.615270 27.422828 0.363412 0.234185
Car -1 -1 -10 1182.000000 159.000000 1241.000000 239.000000 1.474388 1.600522 3.660094 12.663067 1.309120 14.137393 -0.824892 0.162800
Car -1 -1 -10 54.000000 197.000000 160.000000 235.000000 1.447811 1.563840 3.663994 -21.067050 2.513191 30.350937 1.497293 0.023088
Car -1 -1 -10 271.000000 187.000000 376.000000 217.000000 1.406320 1.612903 4.064082 -13.678117 2.070427 34.304709 0.569716 0.016735
Car -1 -1 -10 1172.000000 161.000000 1237.000000 202.000000 1.384306 1.613707 3.784525 25.488705 1.033677 30.778404 2.219496 0.012998
