Pedestrian -1 -1 -10 885.000000 130.000000 972.000000 370.000000 1.722640 0.608065 0.768631 2.639631 1.531209 5.395074 -1.095293 0.998604
Pedestrian -1 -1 -10 681.000000 145.000000 735.000000 282.000000 1.694697 0.603718 0.742746 1.351657 1.371902 9.362279 -1.379626 0.998059
Pedestrian -1 -1 -10 785.000000 136.000000 889.000000 373.000000 1.685798 0.604184 0.741646 1.796882 1.593931 5.225093 -1.213709 0.997955
Pedestrian -1 -1 -10 645.000000 139.000000 701.000000 273.000000 1.710922 0.595235 0.672257 1.038864 1.398802 9.805863 0.630877 0.995840
Pedestrian -1 -1 -10 486.000000 139.000000 529.000000 273.000000 1.753614 0.589619 0.775040 -1.247586 1.442953 9.709685 0.410923 0.994308
Pedestrian -1 -1 -10 547.000000 139.000000 587.000000 263.000000 1.724209 0.599691 0.767088 -0.508823 1.329989 10.441166 -1.574045 0.993286
Pedestrian -1 -1 -10 776.000000 142.000000 818.000000 271.000000 1.689059 0.592929 0.597931 1.675374 1.375300 5.280876 -1.309526 0.986818
Pedestrian -1 -1 -10 590.000000 156.000000 630.000000 258.000000 1.675388 0.587961 0.699335 0.155343 1.375150 11.052048 -1.506605 0.985163
Pedestrian -1 -1 -10 518.000000 147.000000 555.000000 266.000000 1.746155 0.590329 0.737369 -1.018981 1.415141 9.980993 0.451029 0.984792
Pedestrian -1 -1 -10 605.000000 139.000000 636.000000 239.000000 1.637036 0.601538 0.618154 0.315775 0.788085 11.545352 -1.541850 0.931385
Pedestrian -1 -1 -10 463.000000 141.000000 492.000000 225.000000 1.635701 0.603976 0.673622 -2.586896 0.905255 14.985281 -1.716882 0.916784
Pedestrian -1 -1 -10 1035.000000 178.000000 1071.000000 257.000000 1.732668 0.600973 0.823904 10.772194 2.123060 17.205087 1.102525 0.864541
Pedestrian -1 -1 -10 837.000000 142.000000 869.000000 236.000000 1.914516 0.669637 0.804081 1.178024 1.678812 5.318181 1.975012 0.829159
Pedestrian -1 -1 -10 625.000000 141.000000 653.000000 219.000000 1.721780 0.597577 0.735017 0.876142 0.941218 16.199571 -1.483296 0.822996
Pedestrian -1 -1 -10 574.000000 139.000000 600.000000 218.000000 1.729995 0.585571 0.605647 -0.375535 1.809007 20.369883 -1.608739 0.683604
Pedestrian -1 -1 -10 489.000000 138.000000 505.000000 187.000000 1.688815 0.624029 0.658549 -5.472400 0.309762 36.896454 -1.671686 0.585858
Pedestrian -1 -1 -10 258.000000 135.000000 299.000000 239.000000 1.629871 0.598100 0.691731 -5.363548 0.900858 11.763108 -1.966188 0.585634
Pedestrian -1 -1 -10 800.000000 147.000000 877.000000 252.000000 1.854732 0.631637 0.714373 1.678055 2.265903 8.158635 1.972557 0.373104
Cyclist -1 -1 -10 255.000000 139.000000 317.000000 238.000000 1.676810 0.593517 0.675267 -5.386368 0.780936 12.012336 -1.950403 0.747342
Cyclist -1 -1 -10 284.000000 144.000000 340.000000 216.000000 1.759488 0.688216 0.859539 -3.577962 1.660755 6.855108 1.189127 0.570568
Cyclist -1 -1 -10 489.000000 140.000000 523.000000 190.000000 1.838986 0.661848 0.794348 -5.479265 0.347171 36.710678 -2.237123 0.167460
Cyclist -1 -1 -10 363.000000 144.000000 395.000000 195.000000 1.670139 0.614003 0.606310 -11.222894 0.979662 34.842155 -1.892789 0.144586
Cyclist -1 -1 -10 327.000000 151.000000 384.000000 196.000000 1.731004 0.537233 1.636537 -11.529069 0.768539 31.300955 -1.887451 0.082147
Cyclist -1 -1 -10 833.000000 144.000000 868.000000 232.000000 1.786158 0.590794 0.656255 0.633231 1.120673 2.890006 1.972865 0.065804
Cyclist -1 -1 -10 508.000000 140.000000 529.000000 198.000000 1.443143 1.539678 3.685244 -4.292383 0.715693 37.982205 1.459747 0.037490
Cyclist -1 -1 -10 534.000000 143.000000 566.000000 214.000000 1.781309 0.692001 0.905542 -0.768472 1.221069 4.736974 1.520160 0.035433
Cyclist -1 -1 -10 463.000000 142.000000 492.000000 224.000000 1.636102 0.582805 0.609978 -2.595060 0.597141 15.119056 -1.747465 0.034148
Cyclist -1 -1 -10 800.000000 147.000000 877.000000 252.000000 1.518867 1.639423 3.516777 1.593793 1.986387 7.839492 1.977500 0.033964
Cyclist -1 -1 -10 486.000000 136.000000 505.000000 195.000000 1.564808 1.408229 3.486876 -3.468263 1.609231 17.035506 1.410106 0.027240
Cyclist -1 -1 -10 546.000000 139.000000 586.000000 259.000000 1.680546 0.579023 0.750792 -0.563508 1.202437 10.468815 -1.584170 0.020588
Cyclist -1 -1 -10 776.000000 145.000000 825.000000 273.000000 1.689297 0.576544 0.623963 1.687651 1.275299 5.346778 -1.311152 0.020020
Cyclist -1 -1 -10 486.000000 142.000000 531.000000 267.000000 1.698915 0.569862 0.762879 -1.259519 1.323033 9.714506 -1.658890 0.017969
Cyclist -1 -1 -10 518.000000 150.000000 559.000000 232.000000 1.649112 0.586056 0.716564 -0.987466 0.975959 15.629503 -1.627626 0.014432
