Pedestrian -1 -1 -10 713.000000 162.000000 731.000000 220.000000 1.685976 0.624580 0.735738 3.948841 1.800701 25.170220 -1.400481 0.638424
Pedestrian -1 -1 -10 485.000000 181.000000 506.000000 234.000000 1.670486 0.602630 0.736101 -3.458031 2.188746 22.166125 -1.681903 0.246622
Pedestrian -1 -1 -10 239.000000 181.000000 340.000000 353.000000 1.670461 0.608448 0.740515 -3.429874 2.128055 8.109243 -1.942433 0.052466
Pedestrian -1 -1 -10 344.000000 186.000000 388.000000 232.000000 1.651615 0.617554 0.584029 -8.568123 1.953222 23.518323 1.727256 0.015807
Car -1 -1 -10 338.000000 196.000000 447.000000 266.000000 1.457992 1.612326 3.787208 -5.520128 2.184796 17.870980 1.357840 0.981258
Car -1 -1 -10 638.000000 182.000000 674.000000 209.000000 1.493663 1.550758 3.771536 2.718236 1.986240 37.813312 1.044061 0.946987
Car -1 -1 -10 483.000000 185.000000 515.000000 224.000000 1.491789 1.596162 3.608614 -3.715106 1.900434 23.054719 -1.683412 0.048439
Car -1 -1 -10 393.000000 198.000000 443.000000 237.000000 1.495560 1.639918 3.582678 -5.816486 2.641179 22.964610 1.311082 0.010689
Cyclist -1 -1 -10 483.000000 179.000000 509.000000 240.000000 1.667497 0.593244 0.751093 -3.451383 2.139531 22.175926 -1.686626 0.999490
Cyclist -1 -1 -10 230.000000 186.000000 340.000000 359.000000 1.735429 0.543333 1.740617 -3.453152 2.081767 8.143008 -1.963132 0.999482
Cyclist -1 -1 -10 314.000000 180.000000 410.000000 346.000000 1.705202 0.549908 1.758516 -3.069883 1.955385 8.600700 -1.870539 0.999040
Cyclist -1 -1 -10 328.000000 191.000000 434.000000 286.000000 1.652314 0.565040 0.702747 -2.939288 1.885394 8.619054 -1.830384 0.932611
Cyclist -1 -1 -10 713.000000 163.000000 731.000000 219.000000 1.803443 0.479244 1.645583 3.959265 1.781345 25.215037 -1.410600 0.818567
Cyclist -1 -1 -10 335.000000 187.000000 393.000000 247.000000 1.387489 1.609534 3.734337 -5.874514 2.134901 17.069419 -1.889238 0.037313
Cyclist -1 -1 -10 339.000000 193.000000 364.000000 242.000000 1.658608 0.582647 0.597291 -8.268442 2.411554 22.165512 -1.908287 0.035619
