Car -1 -1 -10 706.000000 176.000000 824.000000 261.000000 1.475611 1.589868 3.756868 3.168530 1.518961 14.297858 -1.465596 0.999261
Car -1 -1 -10 869.000000 149.000000 1112.000000 224.000000 1.560120 1.659058 3.968617 8.743036 1.131947 16.971288 3.605530 0.987654
Car -1 -1 -10 438.000000 181.000000 497.000000 219.000000 1.499144 1.596152 3.727017 -5.896484 1.939751 30.131562 1.557699 0.987116
Car -1 -1 -10 2.000000 209.000000 219.000000 371.000000 1.496795 1.608673 3.648248 -6.130724 1.984061 7.997455 1.524545 0.985954
Car -1 -1 -10 722.000000 161.000000 811.000000 203.000000 1.598275 1.677208 3.960865 8.758846 1.341185 42.790043 1.301783 0.912902
Car -1 -1 -10 312.000000 181.000000 432.000000 255.000000 1.609959 1.588701 3.715502 -6.066521 1.957615 18.163695 -1.390707 0.732948
Car -1 -1 -10 1011.000000 133.000000 1251.000000 267.000000 1.567103 1.704091 3.912420 7.973967 1.281212 10.815012 0.158218 0.719608
Car -1 -1 -10 460.000000 181.000000 510.000000 213.000000 1.453387 1.546700 3.643091 -5.928912 2.083912 34.148131 1.900925 0.515204
Car -1 -1 -10 1131.000000 123.000000 1242.000000 294.000000 1.459772 1.519058 3.772841 7.407836 1.442022 8.955746 1.715928 0.114600
Car -1 -1 -10 480.000000 181.000000 523.000000 206.000000 1.444075 1.534347 3.785294 -5.727202 1.965365 39.710006 1.598611 0.058418
Car -1 -1 -10 734.000000 170.000000 803.000000 223.000000 1.526536 1.652068 3.621683 6.036796 1.039943 22.974709 -1.344212 0.020483
Car -1 -1 -10 702.000000 164.000000 766.000000 191.000000 1.431149 1.606119 4.031505 8.168653 1.407738 43.545611 1.175082 0.020201
Car -1 -1 -10 917.000000 152.000000 971.000000 180.000000 1.486376 1.595470 3.962507 22.217034 0.448567 47.365709 1.520005 0.019486
Car -1 -1 -10 3.000000 209.000000 142.000000 307.000000 1.495989 1.555861 3.708718 -6.035435 1.753297 8.196047 -2.174411 0.014223
Cyclist -1 -1 -10 723.000000 162.000000 812.000000 209.000000 1.638950 0.576455 0.608699 5.765212 1.071681 22.239402 -1.357143 0.013188
