Pedestrian -1 -1 -10 681.000000 156.000000 720.000000 246.000000 1.693792 0.609826 0.750868 1.881280 1.366375 13.434939 -1.396855 0.996942
Pedestrian -1 -1 -10 40.000000 186.000000 98.000000 319.000000 1.598118 0.605076 0.604570 -7.655053 1.677959 10.422419 -2.165793 0.869228
Pedestrian -1 -1 -10 368.000000 172.000000 388.000000 225.000000 1.648553 0.610782 0.701631 -7.322088 1.503936 23.380135 -1.842818 0.847166
Pedestrian -1 -1 -10 2.000000 183.000000 34.000000 320.000000 1.678813 0.586619 0.514040 -5.801286 2.053888 7.422462 -2.213964 0.086346
Pedestrian -1 -1 -10 428.000000 161.000000 438.000000 197.000000 1.691255 0.617179 0.717291 -12.709772 1.030725 54.916751 0.817021 0.073252
Pedestrian -1 -1 -10 17.000000 184.000000 121.000000 350.000000 1.641297 0.612351 0.559790 -3.278919 1.993827 4.836243 1.435968 0.064740
Pedestrian -1 -1 -10 8.000000 165.000000 293.000000 376.000000 1.683553 0.637793 0.687959 -3.007386 1.906457 4.742378 1.528387 0.045857
Pedestrian -1 -1 -10 495.000000 170.000000 512.000000 220.000000 1.672200 0.612839 0.733769 -3.522585 1.475638 25.632797 -1.673334 0.033240
Pedestrian -1 -1 -10 49.000000 194.000000 136.000000 282.000000 1.654063 0.594330 0.593592 -8.508792 1.608918 12.267396 -2.183177 0.018656
Pedestrian -1 -1 -10 458.000000 171.000000 467.000000 203.000000 1.680197 0.601110 0.747152 -8.122183 1.487730 41.849818 -1.711826 0.017013
Pedestrian -1 -1 -10 433.000000 170.000000 441.000000 196.000000 1.839163 0.614450 0.621175 -13.252097 1.526137 58.154486 1.368042 0.011650
Car -1 -1 -10 5.000000 180.000000 321.000000 368.000000 1.443515 1.524551 3.653563 -3.857054 1.685096 6.448084 1.532646 0.315347
Car -1 -1 -10 6.000000 180.000000 126.000000 361.000000 1.490845 1.525648 3.658096 -4.281487 1.728314 6.064079 0.356290 0.039301
Car -1 -1 -10 1.000000 181.000000 37.000000 343.000000 1.498495 1.617661 3.623866 -5.106848 1.591657 6.407083 -2.218735 0.010215
Cyclist -1 -1 -10 23.000000 165.000000 281.000000 376.000000 1.661928 0.641759 0.692480 -2.809989 1.776997 4.442391 -2.097239 0.997375
Cyclist -1 -1 -10 7.000000 175.000000 155.000000 369.000000 1.649594 0.640058 0.607695 -3.292007 1.780426 4.770703 0.381890 0.059000
Cyclist -1 -1 -10 43.000000 187.000000 108.000000 311.000000 1.706507 0.480638 1.639502 -7.989164 1.559385 11.009252 -2.179227 0.041252
Cyclist -1 -1 -10 367.000000 172.000000 388.000000 225.000000 1.617456 0.606471 0.696261 -7.362159 1.426058 23.568600 -1.852830 0.014991
Cyclist -1 -1 -10 2.000000 183.000000 34.000000 320.000000 1.752813 0.579793 0.644046 -7.601611 1.966901 9.781853 -2.267892 0.014648
Cyclist -1 -1 -10 68.000000 191.000000 119.000000 285.000000 1.822599 0.594663 0.682527 -4.035016 1.709571 4.422076 1.021100 0.012661
