Car -1 -1 -10 376.000000 193.000000 455.000000 243.000000 1.546033 1.602361 3.757178 -6.203687 2.207262 23.610586 1.659711 0.998925
Car -1 -1 -10 661.000000 176.000000 720.000000 221.000000 1.455070 1.568696 3.998503 3.227672 1.659288 26.207216 1.252012 0.989906
Car -1 -1 -10 420.000000 191.000000 488.000000 229.000000 1.488892 1.552614 3.712324 -6.127263 2.253395 29.156161 1.501687 0.989850
Car -1 -1 -10 42.000000 205.000000 162.000000 244.000000 1.514086 1.701390 3.945671 -21.038027 2.761994 29.858638 0.404591 0.961838
Car -1 -1 -10 1039.000000 135.000000 1150.000000 181.000000 1.799888 1.698034 4.343532 24.923021 -0.027191 36.770153 -0.443605 0.783504
Car -1 -1 -10 6.000000 209.000000 96.000000 247.000000 1.451274 1.583663 4.095282 -22.673596 3.044656 30.254547 0.336763 0.537267
Car -1 -1 -10 0.000000 210.000000 52.000000 245.000000 1.442875 1.563947 3.930313 -24.187905 2.996370 30.576606 0.352366 0.164307
Car -1 -1 -10 468.000000 181.000000 512.000000 217.000000 1.543070 1.563682 3.623451 -6.612653 2.109715 34.094041 -1.153273 0.162309
Car -1 -1 -10 487.000000 184.000000 527.000000 211.000000 1.492547 1.573792 3.786434 -6.298470 2.267255 38.294127 1.888695 0.156981
Car -1 -1 -10 118.000000 206.000000 219.000000 241.000000 1.451676 1.570456 3.794076 -19.029090 2.911013 30.201737 0.507506 0.033772
