Car -1 -1 -10 634.000000 177.000000 706.000000 230.000000 1.439080 1.574551 3.828255 2.089716 1.618581 22.204092 -1.595293 0.999234
Car -1 -1 -10 616.000000 172.000000 654.000000 204.000000 1.527029 1.564751 3.763613 1.539834 1.801835 36.951425 1.526670 0.964314
Car -1 -1 -10 885.000000 159.000000 1238.000000 369.000000 1.576722 1.660604 4.106035 4.704137 1.506858 7.776793 1.650378 0.921692
Car -1 -1 -10 185.000000 182.000000 428.000000 249.000000 1.423046 1.609844 4.218028 -6.788151 1.413681 17.555127 2.213942 0.878726
Car -1 -1 -10 426.000000 178.000000 496.000000 211.000000 1.480005 1.621203 3.832693 -6.798129 1.702728 32.226226 -1.160928 0.649467
Car -1 -1 -10 306.000000 181.000000 437.000000 238.000000 1.450975 1.602813 3.939162 -6.372019 1.584781 19.338758 0.742552 0.532325
Car -1 -1 -10 405.000000 181.000000 472.000000 213.000000 1.479739 1.499194 3.494396 -7.785416 1.772436 31.510295 -1.772860 0.039999
Car -1 -1 -10 1203.000000 266.000000 1240.000000 373.000000 1.463001 1.659051 3.494105 2.877092 1.443470 4.299814 2.348130 0.033027
Car -1 -1 -10 252.000000 183.000000 379.000000 241.000000 1.454208 1.577784 3.834345 -7.858167 1.383805 19.525520 1.182711 0.014707
Car -1 -1 -10 912.000000 162.000000 1180.000000 281.000000 1.507012 1.619369 3.832899 5.921685 0.944221 9.412762 -1.044107 0.012769
Cyclist -1 -1 -10 343.000000 176.000000 423.000000 304.000000 1.694436 0.572055 0.749407 -3.124360 2.002547 10.272968 -1.812733 0.999326
Cyclist -1 -1 -10 295.000000 180.000000 432.000000 252.000000 1.478153 1.565930 3.839966 -6.201940 1.786138 16.580675 1.751142 0.147038
