Car -1 -1 -10 667.000000 188.000000 745.000000 241.000000 1.443359 1.570589 3.847884 3.110636 1.997949 21.526390 -1.560172 0.998943
Car -1 -1 -10 14.000000 190.000000 313.000000 308.000000 1.542068 1.633336 4.020050 -6.522434 1.664832 11.037206 -2.124628 0.992431
Car -1 -1 -10 245.000000 191.000000 439.000000 254.000000 1.531066 1.589130 3.932743 -6.266560 1.885799 18.454893 -3.057232 0.989095
Car -1 -1 -10 967.000000 193.000000 1239.000000 334.000000 1.523783 1.671499 3.949953 7.116057 1.810003 9.748079 -0.402764 0.981034
Car -1 -1 -10 313.000000 186.000000 481.000000 236.000000 1.502819 1.549571 3.839317 -6.289058 1.949341 23.694338 1.761216 0.977256
Car -1 -1 -10 642.000000 184.000000 691.000000 221.000000 1.438624 1.601426 3.779007 2.567474 1.876999 30.850332 -1.571809 0.975010
Car -1 -1 -10 429.000000 186.000000 523.000000 218.000000 1.463150 1.625803 3.893034 -5.988429 2.044069 36.004048 1.440259 0.593324
Car -1 -1 -10 133.000000 194.000000 342.000000 283.000000 1.522682 1.588108 3.704140 -6.170182 1.829051 11.866459 -2.657792 0.533556
Car -1 -1 -10 4.000000 165.000000 194.000000 346.000000 1.507746 1.615195 3.717649 -4.713148 1.504142 5.488768 -2.142872 0.335517
Car -1 -1 -10 382.000000 185.000000 506.000000 226.000000 1.629576 1.604766 4.027510 -6.563209 1.976273 28.576673 1.823470 0.175282
