Car -1 -1 -10 615.000000 198.000000 700.000000 259.000000 1.464820 1.566865 3.834333 1.562835 2.147631 20.065799 -1.588903 0.998752
Car -1 -1 -10 681.000000 190.000000 774.000000 226.000000 1.522230 1.654261 3.926261 5.288580 2.288096 32.018765 2.299564 0.995565
Car -1 -1 -10 745.000000 188.000000 832.000000 221.000000 1.613841 1.604451 3.828877 8.400670 2.337072 34.554230 -0.771536 0.995540
Car -1 -1 -10 553.000000 192.000000 632.000000 226.000000 1.502700 1.693365 4.016404 -1.046909 2.550979 35.631765 -0.574018 0.988639
Car -1 -1 -10 812.000000 195.000000 1241.000000 373.000000 1.453221 1.640658 4.117743 3.304038 1.536722 4.773178 1.558964 0.979655
Car -1 -1 -10 809.000000 189.000000 876.000000 218.000000 1.544396 1.606187 3.786268 11.698185 2.298926 37.114683 2.451831 0.806672
Car -1 -1 -10 854.000000 183.000000 926.000000 216.000000 1.522177 1.658553 3.760355 14.205245 2.390238 38.884263 2.557261 0.066967
Car -1 -1 -10 953.000000 192.000000 1211.000000 300.000000 1.514589 1.653063 3.614158 3.258505 1.306146 4.218436 -0.979389 0.038563
Car -1 -1 -10 663.000000 193.000000 716.000000 223.000000 1.373569 1.690506 3.823224 4.716019 2.611800 38.579520 -1.467946 0.029114
Cyclist -1 -1 -10 860.000000 183.000000 1240.000000 367.000000 1.450876 1.665295 3.976318 2.778633 1.440532 4.431960 1.579454 0.060524
Cyclist -1 -1 -10 937.000000 194.000000 1070.000000 245.000000 1.671311 0.594631 0.632822 17.104064 2.449903 31.817616 -1.084104 0.020885
