Car -1 -1 -10 20.000000 203.000000 292.000000 331.000000 1.535926 1.665031 3.755565 -6.272484 2.015103 10.260252 1.521903 0.999581
Car -1 -1 -10 690.000000 179.000000 790.000000 250.000000 1.464144 1.569494 3.777890 3.071500 1.583175 16.660722 -1.506283 0.998664
Car -1 -1 -10 449.000000 182.000000 502.000000 217.000000 1.519920 1.573114 3.789684 -6.148825 2.013466 32.139268 1.823760 0.993744
Car -1 -1 -10 827.000000 155.000000 1049.000000 220.000000 1.519531 1.655623 3.982505 8.573130 1.167181 19.295971 -0.055823 0.967454
Car -1 -1 -10 343.000000 182.000000 449.000000 245.000000 1.587150 1.577641 3.722007 -6.155327 1.994585 20.367422 1.765183 0.920272
Car -1 -1 -10 1025.000000 146.000000 1236.000000 264.000000 1.543534 1.648508 4.027908 8.499337 1.144309 11.885018 1.726808 0.823547
Car -1 -1 -10 704.000000 163.000000 788.000000 203.000000 1.444520 1.608861 3.857878 8.356052 1.399674 45.283334 1.226540 0.737061
Car -1 -1 -10 473.000000 183.000000 513.000000 211.000000 1.504551 1.533041 3.558058 -6.014208 2.191215 35.962353 -1.658459 0.414573
Car -1 -1 -10 918.000000 155.000000 1199.000000 240.000000 1.457426 1.649950 3.873152 9.261318 0.926026 15.878196 1.633849 0.247506
Car -1 -1 -10 307.000000 200.000000 399.000000 256.000000 1.448065 1.571767 3.782253 -6.415286 2.085184 18.199525 1.251331 0.111784
Car -1 -1 -10 486.000000 181.000000 525.000000 207.000000 1.439912 1.549240 3.778966 -6.132680 2.144532 40.597229 1.551288 0.042275
Car -1 -1 -10 2.000000 234.000000 60.000000 351.000000 1.522373 1.608397 3.682938 -6.708393 2.571558 9.112633 -2.213004 0.026972
Cyclist -1 -1 -10 693.000000 178.000000 790.000000 247.000000 1.422813 1.601244 3.819384 2.863349 1.591880 15.902838 -1.500604 0.018324
