Pedestrian -1 -1 -10 658.000000 162.000000 698.000000 274.000000 1.711006 0.604548 0.754044 1.141823 1.609399 11.156524 -1.429143 0.998250
Pedestrian -1 -1 -10 560.000000 161.000000 611.000000 309.000000 1.682174 0.607305 0.740656 -0.173761 1.717131 8.470055 -1.554189 0.997379
Pedestrian -1 -1 -10 926.000000 151.000000 1075.000000 374.000000 1.611761 0.609525 0.635316 2.421716 1.525193 4.528001 -1.026362 0.996768
Pedestrian -1 -1 -10 737.000000 168.000000 801.000000 338.000000 1.747167 0.592612 0.739037 1.601455 1.723587 7.005522 -1.290118 0.994163
Pedestrian -1 -1 -10 771.000000 163.000000 827.000000 329.000000 1.733694 0.582390 0.730202 1.801404 1.820939 7.221289 0.821721 0.982993
Pedestrian -1 -1 -10 891.000000 160.000000 964.000000 373.000000 1.651720 0.597832 0.602955 2.501544 1.664638 4.948258 0.997349 0.968792
Pedestrian -1 -1 -10 701.000000 166.000000 744.000000 267.000000 1.645017 0.620740 0.684984 2.024723 1.622901 11.662155 0.714793 0.960975
Pedestrian -1 -1 -10 792.000000 161.000000 835.000000 297.000000 1.717072 0.576436 0.675455 2.258818 1.679458 8.235628 0.847087 0.932050
Pedestrian -1 -1 -10 613.000000 167.000000 638.000000 218.000000 1.681510 0.608149 0.724032 0.695002 1.324803 23.122131 -1.503041 0.696644
Pedestrian -1 -1 -10 575.000000 164.000000 600.000000 226.000000 1.769333 0.583993 0.613010 0.075194 2.135990 34.855280 -1.600602 0.274257
Pedestrian -1 -1 -10 656.000000 164.000000 674.000000 219.000000 1.668725 0.600037 0.714472 2.205687 1.227293 25.456710 -1.447692 0.256212
Pedestrian -1 -1 -10 517.000000 167.000000 527.000000 199.000000 1.621443 0.591520 0.563209 -4.227947 0.539131 38.260255 -1.661387 0.162725
Pedestrian -1 -1 -10 406.000000 157.000000 458.000000 259.000000 1.695704 0.609726 0.757836 -3.158053 1.538629 13.237359 -1.764382 0.144985
Pedestrian -1 -1 -10 734.000000 171.000000 774.000000 282.000000 1.621547 0.602659 0.599912 1.666891 1.522833 7.483393 -1.321632 0.137988
Car -1 -1 -10 490.000000 173.000000 569.000000 233.000000 1.492309 1.592183 3.768236 -1.988011 1.324882 20.007313 1.585123 0.998930
Car -1 -1 -10 516.000000 173.000000 569.000000 211.000000 1.627798 1.533789 3.210534 -3.364912 1.211239 32.241041 1.586883 0.010941
Cyclist -1 -1 -10 403.000000 158.000000 463.000000 261.000000 1.698714 0.623329 0.739224 -3.150224 1.486855 13.199411 -1.795275 0.970704
Cyclist -1 -1 -10 732.000000 169.000000 770.000000 262.000000 1.612276 0.599313 0.655425 2.288775 1.744186 12.095256 -1.345450 0.053954
Cyclist -1 -1 -10 572.000000 165.000000 602.000000 226.000000 1.752813 0.579793 0.644045 0.005771 2.079075 34.904567 -1.606498 0.047998
Cyclist -1 -1 -10 570.000000 166.000000 586.000000 212.000000 1.718930 0.576432 0.634538 -1.982381 1.745826 49.629183 -1.618425 0.036635
Cyclist -1 -1 -10 564.000000 163.000000 609.000000 299.000000 1.664311 0.592601 0.732792 -0.176685 1.637902 8.476036 -1.561318 0.030003
Cyclist -1 -1 -10 705.000000 166.000000 748.000000 271.000000 1.638111 0.620736 0.537519 2.094539 1.376928 10.870827 1.211606 0.023149
Cyclist -1 -1 -10 114.000000 211.000000 331.000000 371.000000 1.727264 0.523844 1.757094 -2.532203 1.848202 5.883913 -2.023708 0.020129
Cyclist -1 -1 -10 937.000000 159.000000 1043.000000 332.000000 1.605581 0.608976 0.612831 2.462206 1.446694 4.430925 -1.058011 0.011961
Cyclist -1 -1 -10 656.000000 164.000000 674.000000 219.000000 1.656476 0.590024 0.726086 2.211379 1.202021 25.441895 -1.452588 0.011417
