Pedestrian -1 -1 -10 43.000000 161.000000 97.000000 315.000000 1.800168 0.603903 0.646421 -2.484209 1.275773 2.691651 0.989929 0.254531
Pedestrian -1 -1 -10 10.000000 175.000000 114.000000 291.000000 1.769333 0.583993 0.613010 -12.147800 1.821537 16.010006 -2.230693 0.026284
Pedestrian -1 -1 -10 700.000000 173.000000 732.000000 208.000000 1.633187 0.662221 0.523140 4.625788 1.390349 29.130543 1.180363 0.025323
Car -1 -1 -10 675.000000 175.000000 817.000000 270.000000 1.457234 1.585251 3.898088 2.381312 1.503730 12.538134 1.320927 0.999591
Car -1 -1 -10 633.000000 172.000000 704.000000 221.000000 1.472507 1.562762 3.934180 2.235984 1.505427 25.012173 -1.656393 0.997785
Car -1 -1 -10 485.000000 172.000000 539.000000 223.000000 1.556600 1.626053 3.738321 -3.479461 1.674299 25.964843 -1.651034 0.997761
Car -1 -1 -10 84.000000 186.000000 283.000000 260.000000 1.478166 1.617786 3.879314 -9.414077 1.772712 16.782797 -3.180733 0.995300
Car -1 -1 -10 -4.000000 203.000000 261.000000 372.000000 1.475763 1.584367 3.734080 -3.747498 1.715888 4.075388 1.558882 0.983509
Car -1 -1 -10 528.000000 176.000000 553.000000 205.000000 1.542944 1.643048 3.630774 -3.311722 1.826420 39.361442 -1.613731 0.587161
Car -1 -1 -10 623.000000 173.000000 673.000000 209.000000 1.469423 1.542311 3.464798 1.485962 1.835290 30.556135 -1.489450 0.521455
Car -1 -1 -10 617.000000 169.000000 656.000000 202.000000 1.478696 1.646837 3.870463 1.992522 1.498449 40.876585 -1.527456 0.480196
Car -1 -1 -10 6.000000 180.000000 168.000000 329.000000 1.445013 1.640096 3.734994 -3.298124 1.596438 4.345131 -2.158091 0.146554
Car -1 -1 -10 18.000000 174.000000 118.000000 283.000000 1.483960 1.598899 3.749504 -12.858009 1.634659 16.555815 0.947340 0.070333
Car -1 -1 -10 610.000000 169.000000 640.000000 196.000000 1.519136 1.589170 3.680747 0.794361 1.493405 41.194278 -1.515959 0.054535
Car -1 -1 -10 506.000000 174.000000 544.000000 208.000000 1.506883 1.533125 3.693191 -3.835869 1.461428 31.259366 -1.666066 0.034700
Cyclist -1 -1 -10 25.000000 163.000000 107.000000 294.000000 1.518869 1.537792 3.784321 -11.472414 2.347932 13.120340 0.909867 0.045007
Cyclist -1 -1 -10 701.000000 173.000000 731.000000 208.000000 1.419185 1.537876 3.594033 4.631647 1.198508 28.499915 1.211860 0.043723
