Car -1 -1 -10 574.000000 174.000000 611.000000 208.000000 1.502556 1.591460 3.868043 -0.787068 1.136267 37.014812 -1.603719 0.999569
Car -1 -1 -10 463.000000 180.000000 512.000000 217.000000 1.509795 1.606889 3.728907 -4.949845 1.260714 29.095611 -1.639689 0.998965
Car -1 -1 -10 172.000000 182.000000 393.000000 319.000000 1.554990 1.611731 3.730574 -4.442341 1.628957 9.851242 -1.473205 0.998830
Car -1 -1 -10 384.000000 181.000000 478.000000 239.000000 1.535471 1.588262 3.707327 -4.864136 1.429372 19.722648 -1.364456 0.997764
Car -1 -1 -10 197.000000 174.000000 328.000000 254.000000 1.551077 1.692314 3.817823 -8.705319 1.188437 17.923519 -1.420114 0.933558
Car -1 -1 -10 336.000000 180.000000 411.000000 221.000000 1.484555 1.653374 3.836251 -9.158909 1.210643 26.381584 -1.853068 0.426122
Car -1 -1 -10 0.000000 158.000000 145.000000 272.000000 1.711138 1.664243 3.849279 -12.253159 1.516024 15.753104 -1.625132 0.364792
Car -1 -1 -10 130.000000 161.000000 210.000000 203.000000 1.509624 1.573765 3.696332 -17.589185 0.722287 29.802416 1.535032 0.053802
Car -1 -1 -10 388.000000 178.000000 442.000000 205.000000 1.429222 1.623216 3.608596 -10.792775 1.080092 42.272369 0.841564 0.015192
Car -1 -1 -10 1017.000000 184.000000 1226.000000 371.000000 1.470839 1.584830 3.627163 4.477255 1.633251 6.099339 2.776657 0.011084
Car -1 -1 -10 453.000000 172.000000 484.000000 199.000000 1.556473 1.610329 3.865905 -9.247788 0.743149 48.296763 -1.746716 0.010884
