Car -1 -1 -10 73.000000 187.000000 412.000000 286.000000 1.478275 1.570422 4.210167 -5.976314 1.589564 12.157882 0.025631 0.999537
Car -1 -1 -10 748.000000 189.000000 1093.000000 374.000000 1.464795 1.594305 3.982950 3.141705 1.614771 7.065357 -1.682576 0.999477
Car -1 -1 -10 691.000000 183.000000 785.000000 240.000000 1.422507 1.562835 3.837721 3.533869 1.703617 18.684500 -1.531632 0.998694
Car -1 -1 -10 657.000000 172.000000 698.000000 206.000000 1.478429 1.629687 3.772948 3.660183 1.627905 37.650571 -1.507433 0.993647
Car -1 -1 -10 449.000000 173.000000 535.000000 208.000000 1.567716 1.609644 4.033594 -5.294915 1.377998 33.999310 1.846547 0.937374
Car -1 -1 -10 221.000000 174.000000 407.000000 249.000000 1.501826 1.611380 3.889440 -5.836886 1.442085 15.757018 1.640414 0.907952
Car -1 -1 -10 0.000000 209.000000 109.000000 374.000000 1.485386 1.617885 3.805682 -5.841565 1.958168 6.269894 -2.218747 0.696692
Car -1 -1 -10 418.000000 178.000000 524.000000 219.000000 1.469174 1.580121 3.781784 -4.472401 1.817147 28.746961 1.391507 0.452047
Car -1 -1 -10 479.000000 172.000000 555.000000 202.000000 1.549024 1.599899 3.793880 -5.029869 1.532011 42.852944 1.830000 0.441687
Car -1 -1 -10 374.000000 178.000000 479.000000 232.000000 1.508136 1.596322 3.928587 -5.162819 1.568627 22.728597 -1.818651 0.230551
