Pedestrian -1 -1 -10 571.000000 146.000000 623.000000 307.000000 1.689978 0.606640 0.719785 -0.010826 1.501196 7.465445 2.043781 0.996046
Pedestrian -1 -1 -10 738.000000 138.000000 795.000000 300.000000 1.699189 0.603971 0.742743 2.000357 1.376441 8.181933 -1.303304 0.995769
Pedestrian -1 -1 -10 688.000000 150.000000 739.000000 305.000000 1.664619 0.596457 0.712073 1.260760 1.467944 8.068585 -1.381708 0.994144
Pedestrian -1 -1 -10 495.000000 149.000000 586.000000 368.000000 1.656783 0.596287 0.709744 -0.330956 1.661258 4.338582 -1.627012 0.992750
Pedestrian -1 -1 -10 1113.000000 153.000000 1220.000000 367.000000 1.638281 0.600022 0.684960 3.173350 1.557551 3.750333 -0.869579 0.986874
Pedestrian -1 -1 -10 959.000000 135.000000 1079.000000 368.000000 1.704198 0.588077 0.592410 1.707462 1.537660 3.169591 2.590328 0.986296
Pedestrian -1 -1 -10 808.000000 131.000000 1093.000000 362.000000 1.716778 0.576781 0.687418 1.601152 1.519397 3.135486 2.517702 0.981820
Pedestrian -1 -1 -10 790.000000 158.000000 908.000000 370.000000 1.662299 0.574844 0.641804 1.196280 1.610462 2.938523 0.900414 0.978022
Pedestrian -1 -1 -10 862.000000 126.000000 988.000000 366.000000 1.691255 0.591326 0.597533 1.310554 1.096511 2.180859 -1.151609 0.972063
Pedestrian -1 -1 -10 602.000000 140.000000 627.000000 211.000000 1.721046 0.619196 0.778175 0.216999 0.887700 19.588960 -1.512791 0.832229
Pedestrian -1 -1 -10 816.000000 133.000000 876.000000 260.000000 1.754322 0.593504 0.606839 0.374341 1.157033 1.829746 -1.264134 0.824821
Pedestrian -1 -1 -10 615.000000 147.000000 636.000000 207.000000 1.689729 0.635716 0.581700 1.140681 1.391586 25.828584 2.080846 0.619982
Pedestrian -1 -1 -10 245.000000 135.000000 282.000000 254.000000 1.689876 0.613135 0.756191 -5.416538 1.206205 11.500354 1.593163 0.613482
Pedestrian -1 -1 -10 592.000000 141.000000 625.000000 252.000000 1.635141 0.704680 0.662038 -0.633204 1.413291 10.809159 1.588919 0.374982
Pedestrian -1 -1 -10 638.000000 145.000000 656.000000 198.000000 1.610430 0.610245 0.668644 1.885944 0.367999 26.599403 -1.479300 0.254691
Pedestrian -1 -1 -10 236.000000 126.000000 265.000000 274.000000 1.712331 0.608475 0.752309 -5.421295 1.213908 11.421723 1.574455 0.223363
Pedestrian -1 -1 -10 551.000000 145.000000 569.000000 195.000000 1.663955 0.633084 0.658059 -1.904502 0.864395 28.983040 1.987423 0.170736
Cyclist -1 -1 -10 535.000000 144.000000 560.000000 191.000000 1.495219 1.546899 3.637735 -2.049681 0.898156 28.821331 1.483659 0.467408
Cyclist -1 -1 -10 288.000000 151.000000 384.000000 212.000000 1.657304 0.589459 0.641718 -8.098552 0.491722 20.524249 -1.909203 0.433744
Cyclist -1 -1 -10 305.000000 147.000000 356.000000 203.000000 1.711009 0.575489 0.628612 -7.808109 0.234480 21.050878 -1.953348 0.272222
Cyclist -1 -1 -10 552.000000 144.000000 569.000000 195.000000 1.762897 0.601651 1.671648 -1.712998 0.949656 28.816029 -1.623351 0.164661
Cyclist -1 -1 -10 269.000000 146.000000 323.000000 217.000000 1.455974 1.609274 3.913062 -8.749400 0.255029 20.556364 1.167063 0.113153
Cyclist -1 -1 -10 328.000000 150.000000 380.000000 201.000000 1.656028 0.600081 0.562943 -11.428067 0.710307 32.276765 -1.885398 0.102413
Cyclist -1 -1 -10 586.000000 143.000000 623.000000 207.000000 1.686746 0.589879 0.594670 0.193807 1.471649 26.097043 -1.590214 0.081250
Cyclist -1 -1 -10 244.000000 132.000000 285.000000 257.000000 1.679189 0.584412 0.755295 -5.529287 1.037826 11.600793 -1.979841 0.052145
Cyclist -1 -1 -10 796.000000 155.000000 908.000000 369.000000 1.634086 0.580271 0.557207 1.336288 1.308676 3.027539 -1.221118 0.042274
Cyclist -1 -1 -10 811.000000 140.000000 883.000000 285.000000 1.740035 0.579878 0.633769 0.483248 1.106472 2.339245 -1.257557 0.041984
Cyclist -1 -1 -10 427.000000 145.000000 451.000000 181.000000 1.811868 0.582368 1.744380 -8.722144 0.214279 37.810721 0.811608 0.028484
Cyclist -1 -1 -10 495.000000 151.000000 592.000000 376.000000 1.625500 0.586260 0.708077 -0.297536 1.611396 4.396848 -1.626245 0.011561
