Car -1 -1 -10 566.000000 202.000000 957.000000 377.000000 1.475257 1.610155 3.919012 1.470112 1.713378 6.373650 1.224849 0.999545
Car -1 -1 -10 450.000000 216.000000 669.000000 341.000000 1.492410 1.511341 3.778725 0.764999 1.989444 7.657744 0.919935 0.998518
Car -1 -1 -10 336.000000 204.000000 433.000000 275.000000 1.517873 1.621803 4.127150 -5.366238 2.414227 18.228425 0.808518 0.996061
Car -1 -1 -10 0.000000 234.000000 110.000000 329.000000 1.560358 1.622685 3.389449 -7.037412 2.717994 7.363130 0.999793 0.990535
Car -1 -1 -10 289.000000 212.000000 342.000000 253.000000 1.471111 1.516879 3.484454 -8.425418 2.362903 20.615086 -1.967239 0.990494
Car -1 -1 -10 393.000000 212.000000 529.000000 294.000000 1.453003 1.515303 3.769964 -0.615431 2.219905 10.459629 0.791378 0.990098
Car -1 -1 -10 73.000000 213.000000 159.000000 274.000000 1.460639 1.610506 3.695841 -10.311810 2.529284 14.122978 0.969945 0.936622
Car -1 -1 -10 142.000000 218.000000 181.000000 245.000000 1.503011 1.499827 3.436336 -17.232697 2.882127 26.653246 -2.088407 0.817418
Car -1 -1 -10 309.000000 209.000000 384.000000 263.000000 1.466065 1.521275 3.790401 -6.343465 2.399024 19.365793 0.600400 0.664396
Car -1 -1 -10 278.000000 214.000000 321.000000 247.000000 1.452503 1.587972 3.768702 -11.811854 3.319026 29.091015 0.615244 0.244556
Car -1 -1 -10 -1.000000 242.000000 48.000000 373.000000 1.491549 1.637908 3.467689 -5.423264 2.217669 5.266174 0.979817 0.118662
