Pedestrian -1 -1 -10 1.000000 192.000000 66.000000 369.000000 1.638600 0.595465 0.649759 -5.045318 2.063421 5.956476 -2.221847 0.080073
Car -1 -1 -10 -8.000000 194.000000 344.000000 304.000000 1.518405 1.608423 4.010379 -6.435595 1.753193 11.221703 -3.252287 0.999596
Car -1 -1 -10 692.000000 188.000000 818.000000 270.000000 1.440744 1.570474 3.859603 3.138192 1.834798 14.658488 -1.507277 0.999567
Car -1 -1 -10 651.000000 181.000000 717.000000 229.000000 1.447414 1.583730 3.895249 2.612399 1.735852 23.992213 -1.600100 0.998123
Car -1 -1 -10 210.000000 189.000000 428.000000 250.000000 1.490966 1.572537 3.850863 -6.196594 1.673678 17.888756 1.650770 0.975442
Car -1 -1 -10 291.000000 185.000000 456.000000 238.000000 1.563682 1.587961 3.906190 -6.314691 1.787735 20.433104 1.695850 0.916792
Car -1 -1 -10 377.000000 182.000000 506.000000 224.000000 1.446598 1.650083 4.045382 -5.983269 1.767933 29.260095 0.827224 0.890132
Car -1 -1 -10 116.000000 189.000000 378.000000 273.000000 1.475022 1.589522 3.957303 -6.433084 1.711729 13.976593 0.495543 0.716493
Car -1 -1 -10 0.000000 196.000000 61.000000 368.000000 1.492085 1.601074 3.671869 -5.833599 1.877768 6.382819 -2.208612 0.277436
Car -1 -1 -10 642.000000 180.000000 679.000000 210.000000 1.434358 1.568930 3.727146 2.653272 1.758376 35.167747 -1.526722 0.090013
