Car -1 -1 -10 766.000000 176.000000 1024.000000 338.000000 1.464938 1.589143 3.865535 3.431199 1.541634 8.365271 -1.272512 0.999635
Car -1 -1 -10 403.000000 184.000000 479.000000 233.000000 1.530305 1.609726 3.739843 -5.534629 2.043851 24.399698 1.678821 0.998961
Car -1 -1 -10 1009.000000 143.000000 1242.000000 256.000000 1.556031 1.698454 3.899197 8.337573 1.236943 11.105563 2.719078 0.983411
Car -1 -1 -10 449.000000 183.000000 502.000000 222.000000 1.514434 1.587624 3.691017 -5.557347 2.058824 29.885723 1.778150 0.969178
Car -1 -1 -10 177.000000 184.000000 378.000000 293.000000 1.615296 1.590980 3.802734 -6.030889 1.923420 12.762159 -1.469135 0.772997
Car -1 -1 -10 656.000000 174.000000 689.000000 199.000000 1.418265 1.544840 3.576492 4.003006 1.554030 37.246452 -1.440327 0.489615
Car -1 -1 -10 747.000000 161.000000 846.000000 194.000000 1.555824 1.652553 4.001999 10.309517 1.018492 37.537949 1.266349 0.473899
Car -1 -1 -10 13.000000 229.000000 236.000000 341.000000 1.488371 1.611586 3.873687 -6.405919 2.119605 9.352246 -2.146898 0.401736
Car -1 -1 -10 472.000000 183.000000 514.000000 216.000000 1.443747 1.523303 3.715444 -5.675911 1.976405 33.748302 1.835003 0.354214
Car -1 -1 -10 1027.000000 147.000000 1134.000000 184.000000 1.511857 1.581044 3.986330 23.376839 0.493593 36.083332 1.574145 0.347651
Car -1 -1 -10 492.000000 182.000000 531.000000 208.000000 1.478722 1.570782 3.636320 -5.612694 1.895408 35.799316 -1.649867 0.254881
Car -1 -1 -10 722.000000 164.000000 807.000000 191.000000 1.421952 1.501189 3.748717 9.106760 1.297626 42.034579 1.338385 0.107194
