Pedestrian -1 -1 -10 1040.000000 118.000000 1240.000000 372.000000 1.648236 0.582439 0.535291 2.416746 1.897900 2.461323 -0.929961 0.026850
Pedestrian -1 -1 -10 407.000000 185.000000 429.000000 217.000000 1.827968 0.686749 0.890989 -3.012616 2.099548 8.020786 1.344632 0.017064
Car -1 -1 -10 736.000000 186.000000 928.000000 309.000000 1.464048 1.597115 3.927309 3.202314 1.630263 10.361079 -1.742004 0.999646
Car -1 -1 -10 287.000000 186.000000 449.000000 296.000000 1.564045 1.570213 3.700080 -4.244354 1.992714 13.103338 1.680813 0.998889
Car -1 -1 -10 5.000000 180.000000 336.000000 375.000000 1.539119 1.654569 3.705403 -4.526788 1.944136 7.729335 1.544623 0.996588
Car -1 -1 -10 696.000000 183.000000 817.000000 258.000000 1.463767 1.548091 3.861785 3.503382 1.775779 16.404131 -1.543654 0.993256
Car -1 -1 -10 1040.000000 168.000000 1239.000000 368.000000 1.474752 1.623958 3.651484 2.968617 1.673033 2.749391 1.653054 0.929133
Car -1 -1 -10 630.000000 184.000000 660.000000 209.000000 1.515782 1.589056 3.826944 2.328979 2.168427 45.295351 -1.531350 0.088465
Car -1 -1 -10 651.000000 183.000000 683.000000 218.000000 1.429112 1.555281 3.612994 2.571182 2.089849 31.510218 -1.473973 0.028245
Cyclist -1 -1 -10 1037.000000 137.000000 1240.000000 378.000000 1.660788 0.581775 0.558000 2.415149 1.866906 2.536652 -0.941768 0.045729
