Pedestrian -1 -1 -10 450.000000 156.000000 501.000000 320.000000 1.719204 0.593004 0.753825 -1.385237 1.599211 7.808593 -1.696815 0.997852
Pedestrian -1 -1 -10 632.000000 159.000000 657.000000 240.000000 1.709853 0.603256 0.756308 1.023460 1.448491 15.598636 -1.462522 0.996652
Pedestrian -1 -1 -10 393.000000 164.000000 459.000000 329.000000 1.694073 0.610664 0.732864 -1.713261 1.658965 7.462709 -1.773347 0.993409
Pedestrian -1 -1 -10 676.000000 159.000000 702.000000 237.000000 1.636990 0.609136 0.661726 1.999666 1.377476 15.761336 -1.402773 0.967380
Pedestrian -1 -1 -10 703.000000 165.000000 725.000000 228.000000 1.682136 0.593733 0.687293 2.916528 1.372860 18.513337 0.701532 0.859206
Pedestrian -1 -1 -10 626.000000 160.000000 645.000000 223.000000 1.627089 0.593108 0.594328 1.276647 0.965134 23.805844 -1.518958 0.656107
Pedestrian -1 -1 -10 5.000000 244.000000 169.000000 370.000000 1.878405 0.606615 0.728665 -2.130159 1.494054 2.369084 -2.204862 0.571135
Pedestrian -1 -1 -10 495.000000 163.000000 514.000000 216.000000 1.600601 0.599584 0.604316 -3.072751 1.263987 24.989079 0.426027 0.533896
Pedestrian -1 -1 -10 159.000000 232.000000 322.000000 371.000000 1.818682 0.605744 0.675957 -1.812848 1.191578 2.899839 -2.062384 0.480375
Pedestrian -1 -1 -10 388.000000 164.000000 420.000000 253.000000 1.625928 0.603366 0.658947 -4.480515 1.313330 16.033471 -1.818927 0.278483
Pedestrian -1 -1 -10 732.000000 158.000000 753.000000 222.000000 1.623667 0.615469 0.581118 4.999209 0.978770 23.598540 -1.346780 0.067752
Pedestrian -1 -1 -10 1145.000000 153.000000 1233.000000 363.000000 1.861854 0.624741 0.699197 2.715067 1.560797 4.252437 2.328426 0.055693
Pedestrian -1 -1 -10 672.000000 162.000000 691.000000 219.000000 1.746943 0.583600 0.609112 3.185935 0.511793 24.818587 -1.470722 0.030683
Pedestrian -1 -1 -10 740.000000 155.000000 764.000000 223.000000 1.675034 0.604644 0.755182 4.888961 0.985526 22.769715 -1.319875 0.017113
Pedestrian -1 -1 -10 1203.000000 117.000000 1236.000000 325.000000 1.635281 0.600322 0.585761 6.669551 0.721739 7.602929 -0.852410 0.014530
Pedestrian -1 -1 -10 348.000000 191.000000 387.000000 291.000000 1.652781 0.605279 0.538418 -3.490893 1.892149 11.760361 -1.827400 0.013990
Car -1 -1 -10 567.000000 170.000000 600.000000 196.000000 1.467668 1.578680 3.729965 -1.065280 1.000632 43.540682 1.997559 0.997485
Car -1 -1 -10 1088.000000 179.000000 1234.000000 367.000000 1.495560 1.639918 3.582678 2.460767 1.448206 2.795555 2.234251 0.064140
Cyclist -1 -1 -10 0.000000 242.000000 172.000000 373.000000 1.874705 0.583442 0.735977 -2.528069 1.358130 2.722299 0.993122 0.226351
Cyclist -1 -1 -10 733.000000 160.000000 763.000000 223.000000 1.675987 0.625460 0.632904 4.647289 1.030879 22.110128 2.285097 0.123692
Cyclist -1 -1 -10 157.000000 230.000000 323.000000 370.000000 1.885908 0.585139 0.756235 -1.713691 1.400351 2.578899 1.167773 0.120369
Cyclist -1 -1 -10 1146.000000 158.000000 1235.000000 367.000000 1.842136 0.594978 0.698898 2.754905 1.672612 4.398378 2.321501 0.094015
Cyclist -1 -1 -10 1041.000000 188.000000 1243.000000 367.000000 1.715831 0.578994 0.635291 2.053064 1.645224 2.311208 -0.939278 0.074765
Cyclist -1 -1 -10 734.000000 166.000000 796.000000 238.000000 1.625135 0.583704 0.618066 4.224591 1.383590 19.592916 -1.342216 0.018039
Cyclist -1 -1 -10 977.000000 180.000000 1161.000000 364.000000 1.676842 0.492670 1.684712 2.014608 1.628649 3.783524 -0.996734 0.010479
