Pedestrian -1 -1 -10 802.000000 143.000000 850.000000 272.000000 1.713863 0.605890 0.760874 3.177859 1.415059 10.167709 -1.223871 0.997485
Pedestrian -1 -1 -10 1053.000000 137.000000 1111.000000 284.000000 1.760161 0.585364 0.717727 5.982491 1.357072 8.971965 1.148635 0.989322
Pedestrian -1 -1 -10 367.000000 164.000000 419.000000 310.000000 1.706733 0.592210 0.679325 -2.478310 1.779225 7.435705 1.770699 0.941863
Pedestrian -1 -1 -10 494.000000 166.000000 512.000000 214.000000 1.656536 0.610978 0.713868 -3.644737 1.312031 27.345119 -1.670951 0.928002
Pedestrian -1 -1 -10 1149.000000 140.000000 1235.000000 312.000000 1.669560 0.593389 0.722999 5.758231 1.490026 7.041532 -0.838085 0.788721
Pedestrian -1 -1 -10 355.000000 162.000000 390.000000 304.000000 1.691189 0.603570 0.591638 -2.344094 1.621623 6.978450 1.742744 0.700617
Pedestrian -1 -1 -10 599.000000 165.000000 617.000000 219.000000 1.666794 0.600948 0.716840 0.219162 1.289048 23.718941 -1.526491 0.506339
Pedestrian -1 -1 -10 388.000000 163.000000 427.000000 277.000000 1.691768 0.594147 0.623827 -2.842070 1.769074 9.763718 0.301688 0.304218
Pedestrian -1 -1 -10 578.000000 163.000000 598.000000 221.000000 1.649445 0.611521 0.704853 -0.400295 1.310432 23.562529 -1.561061 0.176706
Pedestrian -1 -1 -10 360.000000 161.000000 452.000000 254.000000 1.706393 0.599729 0.762809 -4.368016 1.598372 16.050625 -1.805861 0.143841
Pedestrian -1 -1 -10 629.000000 162.000000 646.000000 209.000000 1.669164 0.613045 0.644721 1.561189 0.832464 31.142430 -1.490126 0.089250
Pedestrian -1 -1 -10 686.000000 177.000000 710.000000 233.000000 1.640626 0.591582 0.546610 2.532998 1.613410 18.273566 -1.429104 0.076494
Pedestrian -1 -1 -10 301.000000 165.000000 432.000000 293.000000 1.703804 0.579756 0.657776 -2.779049 1.653357 8.522560 -1.832825 0.031561
Pedestrian -1 -1 -10 1209.000000 131.000000 1236.000000 196.000000 1.720394 0.589957 0.607952 15.311231 0.183345 17.205684 -0.865662 0.030118
Pedestrian -1 -1 -10 717.000000 176.000000 739.000000 222.000000 1.610023 0.586004 0.546548 4.076598 1.216533 20.993133 -1.389736 0.020890
Pedestrian -1 -1 -10 396.000000 164.000000 420.000000 242.000000 1.655608 0.631247 0.545567 -4.931049 1.163528 18.017384 1.795829 0.013555
Car -1 -1 -10 6.000000 150.000000 394.000000 372.000000 1.532708 1.567483 3.758834 -2.551797 1.449421 3.885678 1.583073 0.989835
Car -1 -1 -10 423.000000 162.000000 492.000000 219.000000 1.529731 1.566114 3.817212 -5.151000 1.106044 26.688737 1.770861 0.368970
Car -1 -1 -10 379.000000 160.000000 468.000000 234.000000 1.664696 1.601829 3.853323 -5.155825 1.196120 20.584982 1.753405 0.342294
Car -1 -1 -10 305.000000 164.000000 430.000000 308.000000 1.508969 1.590967 3.652409 -2.872688 1.493660 7.951324 -1.827874 0.012655
Cyclist -1 -1 -10 362.000000 166.000000 424.000000 297.000000 1.713517 0.587445 0.711676 -2.532353 1.626205 7.765393 1.753635 0.028135
Cyclist -1 -1 -10 494.000000 167.000000 512.000000 214.000000 1.619979 0.595478 0.708651 -3.642940 1.206253 27.350535 -1.678937 0.020230
Cyclist -1 -1 -10 1209.000000 131.000000 1236.000000 196.000000 1.705092 0.582842 0.636403 15.297384 0.131517 17.296975 -0.869369 0.012302
Cyclist -1 -1 -10 367.000000 161.000000 467.000000 234.000000 1.578305 1.491755 3.750442 -4.936045 1.244299 19.678936 1.783341 0.011064
