Pedestrian -1 -1 -10 1152.000000 136.000000 1201.000000 236.000000 1.603292 0.612354 0.684727 9.960301 1.032780 12.035299 -0.846151 0.956306
Pedestrian -1 -1 -10 1190.000000 137.000000 1223.000000 235.000000 1.619891 0.594724 0.578848 10.091061 0.777604 11.414137 -0.862683 0.869916
Pedestrian -1 -1 -10 1172.000000 140.000000 1213.000000 224.000000 1.611977 0.698351 0.663390 8.248257 2.145917 11.514176 2.268507 0.113305
Pedestrian -1 -1 -10 881.000000 153.000000 900.000000 196.000000 1.747174 0.603785 0.792761 13.222599 0.861602 33.066255 0.917798 0.017178
Pedestrian -1 -1 -10 1183.000000 146.000000 1214.000000 195.000000 1.621553 0.595671 0.603257 27.139372 0.227566 32.628364 -0.859294 0.016745
Pedestrian -1 -1 -10 1171.000000 141.000000 1197.000000 202.000000 1.769334 0.583993 0.613010 19.399529 1.692266 23.303383 -0.894568 0.013257
Car -1 -1 -10 633.000000 168.000000 769.000000 216.000000 1.539644 1.634428 3.814142 3.552881 0.736105 23.862303 1.725497 0.999271
Car -1 -1 -10 -1.000000 204.000000 294.000000 365.000000 1.493482 1.628027 3.819847 -3.190730 1.602975 3.679994 1.602041 0.977375
Cyclist -1 -1 -10 1189.000000 137.000000 1223.000000 237.000000 1.624090 0.581485 0.595451 10.099289 0.725660 11.471524 -0.866499 0.115202
Cyclist -1 -1 -10 1152.000000 136.000000 1207.000000 240.000000 1.607361 0.599061 0.693484 9.995689 0.942708 12.065509 -0.860678 0.034750
Cyclist -1 -1 -10 18.000000 199.000000 278.000000 360.000000 1.659631 0.593220 0.731379 -2.695388 1.846307 3.188799 1.517995 0.017752
Cyclist -1 -1 -10 1176.000000 141.000000 1219.000000 201.000000 1.664918 0.715463 0.736319 5.043094 1.417847 7.027503 2.264208 0.016858
