Pedestrian -1 -1 -10 1088.000000 187.000000 1239.000000 373.000000 1.800993 0.601283 0.726779 1.588812 1.332478 2.280667 -0.944252 0.601798
Pedestrian -1 -1 -10 727.000000 179.000000 805.000000 239.000000 1.643550 0.676747 0.601122 4.330125 2.026898 18.265802 1.279547 0.018428
Car -1 -1 -10 805.000000 188.000000 1053.000000 333.000000 1.473140 1.601162 4.034684 4.267241 1.774586 9.540065 1.583432 0.999576
Car -1 -1 -10 749.000000 184.000000 864.000000 262.000000 1.421272 1.540601 3.841522 4.433078 1.846901 15.904492 -1.439631 0.994497
Car -1 -1 -10 728.000000 180.000000 804.000000 236.000000 1.450940 1.529921 3.813179 4.858947 1.843335 20.928056 -1.487362 0.988069
Car -1 -1 -10 553.000000 173.000000 595.000000 207.000000 1.511648 1.617747 3.864455 -1.758147 1.556239 33.914341 1.542639 0.971966
Car -1 -1 -10 709.000000 177.000000 765.000000 222.000000 1.442695 1.559985 3.800703 5.018463 1.782607 29.129571 -1.492195 0.938412
Car -1 -1 -10 689.000000 177.000000 738.000000 214.000000 1.412559 1.571998 3.797921 5.129243 1.615718 31.873120 -1.480576 0.749788
Car -1 -1 -10 480.000000 174.000000 555.000000 250.000000 1.467669 1.549047 3.741674 -2.382449 1.704430 17.275584 -1.572936 0.571325
Car -1 -1 -10 1017.000000 180.000000 1241.000000 374.000000 1.456819 1.510625 3.601511 3.446943 1.634218 3.376772 -0.956909 0.375336
Car -1 -1 -10 383.000000 155.000000 537.000000 288.000000 1.609733 1.614293 3.880637 -2.404621 1.493529 12.221187 -1.659443 0.267079
Car -1 -1 -10 682.000000 176.000000 719.000000 206.000000 1.465868 1.459785 3.493426 4.893047 1.779057 32.696096 -1.504646 0.110352
Cyclist -1 -1 -10 1048.000000 182.000000 1242.000000 373.000000 1.592639 0.600902 0.613745 2.699347 1.678371 3.044911 -0.921406 0.545732
