Pedestrian -1 -1 -10 1208.000000 153.000000 1241.000000 271.000000 1.603065 0.595891 0.608930 8.679356 1.950272 10.129008 -0.843035 0.453942
Pedestrian -1 -1 -10 1149.000000 151.000000 1219.000000 266.000000 1.669088 0.619142 0.761062 7.980159 1.593648 10.010505 -0.859389 0.203909
Pedestrian -1 -1 -10 1168.000000 157.000000 1240.000000 243.000000 1.825624 0.681159 0.874293 4.173989 1.813162 6.141620 2.281723 0.036392
Pedestrian -1 -1 -10 1056.000000 147.000000 1232.000000 291.000000 1.742156 0.600967 0.694904 6.577519 1.628528 8.689923 -0.865360 0.022000
Pedestrian -1 -1 -10 1166.000000 155.000000 1188.000000 212.000000 1.864881 0.626037 0.701036 2.972398 1.706076 4.886167 2.308641 0.014324
Pedestrian -1 -1 -10 1183.000000 162.000000 1240.000000 206.000000 1.798269 0.667464 0.848689 4.379905 1.707173 6.210736 -0.894148 0.013039
Cyclist -1 -1 -10 1064.000000 144.000000 1217.000000 306.000000 1.655096 0.633097 0.743501 6.168478 1.512244 7.878819 -0.918524 0.999840
Cyclist -1 -1 -10 810.000000 165.000000 831.000000 214.000000 1.606278 0.597083 0.689705 7.419693 1.513777 25.188347 -1.265942 0.935261
Cyclist -1 -1 -10 1124.000000 153.000000 1224.000000 272.000000 1.695058 0.567706 0.765700 7.844598 1.596159 9.895721 -0.861544 0.745262
Cyclist -1 -1 -10 1208.000000 145.000000 1242.000000 273.000000 1.639368 0.592722 0.720770 8.679413 1.558327 9.817407 -0.826389 0.326861
Cyclist -1 -1 -10 1169.000000 156.000000 1236.000000 252.000000 1.589445 0.588609 0.613027 8.693253 1.830380 10.240916 -0.865698 0.179379
Cyclist -1 -1 -10 1188.000000 162.000000 1241.000000 218.000000 1.867629 0.677866 0.864733 4.127920 1.994901 6.351728 2.323581 0.036092
Cyclist -1 -1 -10 1091.000000 165.000000 1204.000000 214.000000 1.621942 0.594424 0.630264 25.958405 2.315555 38.291928 -0.917269 0.032004
Cyclist -1 -1 -10 1068.000000 165.000000 1163.000000 204.000000 1.707539 0.519125 1.710916 25.564683 2.085441 38.415992 -0.928391 0.014726
