Car -1 -1 -10 854.000000 168.000000 979.000000 215.000000 1.539644 1.669830 3.821910 10.252699 1.274662 24.336103 -1.770473 0.998434
Car -1 -1 -10 1011.000000 158.000000 1163.000000 206.000000 1.465377 1.621197 3.870262 15.588925 0.998875 24.137061 2.209789 0.988932
Car -1 -1 -10 94.000000 180.000000 280.000000 250.000000 1.675807 1.711760 4.076718 -12.846285 1.949242 22.685293 -3.211039 0.632737
Car -1 -1 -10 237.000000 187.000000 327.000000 220.000000 1.478861 1.610341 3.850075 -13.913874 2.155575 31.805025 1.207728 0.378111
Car -1 -1 -10 1141.000000 159.000000 1241.000000 229.000000 1.449970 1.640139 3.507110 16.413965 1.007504 20.624491 2.233840 0.084956
Car -1 -1 -10 1.000000 203.000000 29.000000 258.000000 1.491311 1.601610 3.714170 -19.890034 2.785588 23.225227 -2.238255 0.057274
Car -1 -1 -10 28.000000 198.000000 108.000000 232.000000 1.428657 1.534427 3.766032 -21.622814 2.776507 29.315451 0.427941 0.037889
Car -1 -1 -10 289.000000 183.000000 385.000000 213.000000 1.414026 1.592622 4.090989 -12.955687 2.079557 34.520458 0.601645 0.019561
Car -1 -1 -10 90.000000 192.000000 198.000000 228.000000 1.450685 1.580703 3.839171 -20.802785 2.227797 32.092594 0.476257 0.011215
Car -1 -1 -10 1197.000000 149.000000 1237.000000 244.000000 1.478512 1.629377 3.336013 4.059828 1.741232 6.233675 2.351872 0.010254
Cyclist -1 -1 -10 773.000000 172.000000 822.000000 210.000000 1.673543 0.518517 1.699310 8.157292 1.472301 31.956418 -1.329581 0.017566
