Pedestrian -1 -1 -10 773.000000 176.000000 805.000000 271.000000 1.632698 0.635545 0.625579 3.031863 1.938541 11.635406 1.265740 0.705311
Pedestrian -1 -1 -10 802.000000 167.000000 853.000000 303.000000 1.654764 0.595707 0.718528 2.800782 1.809615 8.822580 -1.222305 0.058756
Pedestrian -1 -1 -10 807.000000 176.000000 839.000000 213.000000 1.614196 0.598184 0.586534 12.058328 1.921683 37.503175 -1.274902 0.022933
Pedestrian -1 -1 -10 805.000000 176.000000 845.000000 247.000000 1.895774 0.651278 0.751136 0.822209 1.561566 4.845811 1.927156 0.013620
Car -1 -1 -10 578.000000 180.000000 633.000000 217.000000 1.534926 1.615019 3.757242 -0.193444 1.887924 31.681346 1.953506 0.998947
Car -1 -1 -10 141.000000 193.000000 437.000000 367.000000 1.511455 1.636339 3.739727 -3.541020 1.857118 8.218379 1.658579 0.998084
Car -1 -1 -10 379.000000 174.000000 473.000000 217.000000 1.596965 1.598559 3.922788 -6.801661 1.482927 28.163976 -1.363683 0.969142
Car -1 -1 -10 605.000000 176.000000 652.000000 213.000000 1.515916 1.538927 3.743996 0.292011 1.864596 32.914492 2.092618 0.929509
Car -1 -1 -10 635.000000 178.000000 676.000000 205.000000 1.568670 1.610672 3.848616 2.804793 2.173538 44.256203 1.692992 0.629918
Car -1 -1 -10 756.000000 173.000000 786.000000 202.000000 1.512980 1.627920 3.808716 9.824015 1.729274 42.904959 -1.346433 0.606426
Car -1 -1 -10 950.000000 176.000000 1079.000000 219.000000 1.471631 1.529811 3.758123 12.804055 1.484582 23.977648 1.548739 0.074023
Car -1 -1 -10 832.000000 146.000000 950.000000 196.000000 1.760288 1.700134 4.077693 14.394903 0.885221 37.914788 -2.378731 0.029952
Cyclist -1 -1 -10 797.000000 165.000000 864.000000 316.000000 1.695966 0.596275 0.731887 2.798777 1.786403 8.842023 -1.232448 0.999097
Cyclist -1 -1 -10 772.000000 176.000000 805.000000 272.000000 1.640690 0.647851 0.618970 3.028861 1.899584 11.635693 1.274431 0.773336
Cyclist -1 -1 -10 805.000000 173.000000 840.000000 227.000000 1.829024 0.595766 0.684721 0.856390 1.552420 5.276813 1.923250 0.016031
