Pedestrian -1 -1 -10 572.000000 170.000000 583.000000 199.000000 1.776688 0.593890 0.831854 -1.847082 1.407685 46.109426 0.521567 0.211934
Pedestrian -1 -1 -10 509.000000 170.000000 522.000000 203.000000 1.617708 0.618410 0.538357 -4.533871 2.084034 39.859668 0.880824 0.207511
Pedestrian -1 -1 -10 587.000000 167.000000 602.000000 196.000000 1.740279 0.601263 0.830174 -0.488090 1.365313 47.530570 0.530120 0.103395
Pedestrian -1 -1 -10 456.000000 172.000000 469.000000 205.000000 1.610843 0.589730 0.634419 -9.227974 1.766992 44.611950 -1.745071 0.084860
Pedestrian -1 -1 -10 575.000000 168.000000 599.000000 198.000000 1.820727 0.650872 0.842367 -1.292455 1.282968 47.419093 2.597937 0.020543
Car -1 -1 -10 518.000000 176.000000 555.000000 203.000000 1.510157 1.601022 3.696661 -3.831030 1.191056 40.351024 -1.633368 0.996244
Car -1 -1 -10 918.000000 148.000000 1042.000000 191.000000 1.464724 1.782669 3.991259 17.861491 -0.248302 34.586760 1.571016 0.967429
Cyclist -1 -1 -10 388.000000 177.000000 411.000000 216.000000 1.677196 0.565392 0.727330 -10.614486 1.829859 35.777075 -1.818161 0.965521
Cyclist -1 -1 -10 635.000000 168.000000 668.000000 196.000000 1.734267 0.643185 0.851477 3.005304 1.154134 45.359458 -1.512261 0.906671
Cyclist -1 -1 -10 578.000000 169.000000 609.000000 197.000000 1.822941 0.687837 0.871079 -0.938332 1.345522 47.623295 2.607928 0.253429
Cyclist -1 -1 -10 586.000000 168.000000 601.000000 195.000000 1.713803 0.631406 0.781299 -0.558421 1.153400 47.892960 -1.556916 0.119488
Cyclist -1 -1 -10 508.000000 171.000000 522.000000 203.000000 1.598849 0.624269 0.543664 -4.585840 2.011794 39.771843 0.891096 0.030936
Cyclist -1 -1 -10 571.000000 170.000000 591.000000 199.000000 1.728633 0.582170 0.804178 -1.847377 1.348966 46.518174 -1.568764 0.023696
