Car -1 -1 -10 555.000000 178.000000 608.000000 227.000000 1.500011 1.631656 3.870771 -0.861216 1.323693 25.704309 -1.609431 0.999472
Car -1 -1 -10 414.000000 175.000000 515.000000 250.000000 1.587127 1.626578 3.751840 -3.393672 1.457215 17.599494 -1.612993 0.999228
Car -1 -1 -10 353.000000 181.000000 421.000000 223.000000 1.580351 1.618315 3.742474 -8.434903 1.373256 27.370031 -1.400196 0.999033
Car -1 -1 -10 158.000000 176.000000 329.000000 260.000000 1.585533 1.642173 3.809586 -8.001178 1.491759 15.793137 -1.459790 0.995188
Car -1 -1 -10 485.000000 182.000000 533.000000 218.000000 1.520797 1.636078 3.720416 -4.331140 1.221455 31.059315 -1.581666 0.982346
Car -1 -1 -10 316.000000 180.000000 365.000000 212.000000 1.536730 1.636633 3.885843 -13.103525 1.266508 35.206986 -1.887046 0.979285
Car -1 -1 -10 147.000000 180.000000 272.000000 237.000000 1.523423 1.641340 3.636641 -12.519400 1.536614 21.951685 -2.023787 0.624602
Car -1 -1 -10 -6.000000 218.000000 198.000000 374.000000 1.482447 1.602886 3.763439 -2.848109 1.704751 3.320180 -2.145716 0.613427
Car -1 -1 -10 0.000000 200.000000 34.000000 268.000000 1.469625 1.602582 3.665230 -11.954646 1.804922 14.233081 -2.245559 0.035109
Car -1 -1 -10 3.000000 200.000000 93.000000 370.000000 1.460812 1.598265 3.651112 -2.732537 1.578026 3.473649 -2.216241 0.024678
