Pedestrian -1 -1 -10 770.000000 154.000000 810.000000 261.000000 1.670355 0.593879 0.593521 3.292479 0.912371 11.869980 -1.314057 0.855462
Pedestrian -1 -1 -10 504.000000 162.000000 522.000000 213.000000 1.782620 0.614190 0.618997 -4.137100 0.974945 35.245500 1.489675 0.469180
Pedestrian -1 -1 -10 1150.000000 128.000000 1236.000000 328.000000 1.646661 0.598080 0.602140 7.389997 0.650758 9.005249 -0.879153 0.422921
Pedestrian -1 -1 -10 597.000000 163.000000 609.000000 193.000000 1.727688 0.628173 0.731593 -0.003056 0.849456 43.733818 0.542711 0.230026
Pedestrian -1 -1 -10 614.000000 164.000000 623.000000 194.000000 1.667244 0.621756 0.763869 1.154503 1.046364 42.786989 2.053125 0.183959
Pedestrian -1 -1 -10 559.000000 163.000000 576.000000 196.000000 1.660576 0.626363 0.653745 -1.989147 1.069945 43.451372 1.005131 0.056033
Pedestrian -1 -1 -10 604.000000 164.000000 614.000000 193.000000 1.698160 0.605338 0.609009 0.318805 0.857750 45.949741 -1.530270 0.033807
Pedestrian -1 -1 -10 568.000000 163.000000 577.000000 189.000000 1.648362 0.644050 0.714512 -1.887649 0.628553 56.459180 2.540740 0.031993
Pedestrian -1 -1 -10 1079.000000 150.000000 1232.000000 301.000000 1.657777 0.591942 0.589708 7.320067 0.895165 8.971125 -0.911966 0.028102
Pedestrian -1 -1 -10 537.000000 169.000000 561.000000 202.000000 1.837038 0.645672 0.648678 -2.917100 0.835035 40.927455 1.517710 0.024613
Pedestrian -1 -1 -10 576.000000 163.000000 584.000000 190.000000 1.646739 0.598068 0.710244 -1.407778 0.726814 53.387382 -1.562467 0.017742
Pedestrian -1 -1 -10 426.000000 154.000000 442.000000 200.000000 1.728546 0.590399 0.765104 -6.685008 0.723560 28.560148 -1.740090 0.017665
Pedestrian -1 -1 -10 495.000000 165.000000 527.000000 221.000000 1.776727 0.626334 0.643443 -3.852826 1.265756 32.491122 -1.716909 0.017617
Car -1 -1 -10 471.000000 174.000000 582.000000 263.000000 1.485558 1.586330 3.772986 -1.370570 1.418553 13.748277 1.604497 0.999346
Car -1 -1 -10 1042.000000 154.000000 1228.000000 248.000000 1.479364 1.617464 3.383234 2.743017 1.274931 4.890404 2.264206 0.089340
Car -1 -1 -10 1136.000000 140.000000 1238.000000 314.000000 1.527454 1.617875 3.785380 7.568261 0.758590 10.067463 -0.857943 0.014705
Cyclist -1 -1 -10 1141.000000 138.000000 1236.000000 330.000000 1.651846 0.581715 0.670247 7.381429 0.788437 9.174010 -0.855844 0.256410
Cyclist -1 -1 -10 769.000000 156.000000 812.000000 262.000000 1.650588 0.578954 0.615969 3.260366 0.805030 12.048386 -1.319781 0.087649
Cyclist -1 -1 -10 557.000000 163.000000 574.000000 201.000000 1.368130 1.623732 3.851701 -1.820715 1.524979 42.355160 1.517814 0.064803
Cyclist -1 -1 -10 497.000000 165.000000 523.000000 215.000000 1.478010 1.588469 3.800897 -4.566972 1.138432 36.106384 1.493147 0.061242
Cyclist -1 -1 -10 535.000000 167.000000 568.000000 206.000000 1.512360 1.554338 3.855012 -2.950555 0.726384 41.232249 1.598000 0.052982
Cyclist -1 -1 -10 1052.000000 153.000000 1232.000000 294.000000 1.699514 0.698700 0.785011 3.777304 1.155907 5.431310 2.228526 0.020130
