Pedestrian -1 -1 -10 734.000000 164.000000 743.000000 191.000000 1.668878 0.615486 0.714636 9.363837 1.672174 50.823754 -1.347795 0.264477
Car -1 -1 -10 652.000000 166.000000 700.000000 206.000000 1.482186 1.559750 3.821986 3.198756 1.409612 32.496543 -1.462937 0.999332
Car -1 -1 -10 801.000000 176.000000 870.000000 239.000000 1.460423 1.585702 3.809832 6.242494 1.644374 19.573942 -1.325346 0.999180
Car -1 -1 -10 496.000000 174.000000 630.000000 270.000000 1.518604 1.586836 3.682170 -0.777618 1.567398 13.076329 -1.120825 0.998928
Car -1 -1 -10 128.000000 173.000000 511.000000 375.000000 1.515476 1.652831 3.770056 -2.376966 1.605704 6.138380 1.727776 0.997286
Car -1 -1 -10 892.000000 201.000000 1244.000000 374.000000 1.450188 1.579578 3.848042 3.416642 1.676332 4.837129 1.636446 0.991249
Car -1 -1 -10 509.000000 163.000000 607.000000 228.000000 1.456510 1.529437 3.682509 -2.176455 1.027958 23.773134 1.977978 0.975170
Car -1 -1 -10 679.000000 168.000000 713.000000 199.000000 1.505717 1.605020 3.716870 4.875283 1.593076 39.064162 -1.404307 0.949163
Car -1 -1 -10 5.000000 234.000000 165.000000 367.000000 1.464866 1.657396 3.507490 -3.528440 1.421374 3.833531 1.028245 0.398889
Car -1 -1 -10 795.000000 176.000000 845.000000 224.000000 1.478253 1.517991 3.749941 6.720852 1.929538 22.485624 1.295545 0.258867
Cyclist -1 -1 -10 733.000000 164.000000 744.000000 191.000000 1.660176 0.611734 0.713332 9.332242 1.613865 50.816610 -1.360519 0.527538
