Pedestrian -1 -1 -10 91.000000 167.000000 142.000000 274.000000 1.687421 0.593451 0.655676 -9.604065 1.582752 14.298410 -2.112161 0.070042
Car -1 -1 -10 272.000000 176.000000 414.000000 239.000000 1.551248 1.670678 4.090755 -7.132839 1.672750 20.021665 0.657400 0.998246
Car -1 -1 -10 743.000000 189.000000 948.000000 331.000000 1.491114 1.533353 3.888218 3.197493 1.813846 7.962040 1.342931 0.992906
Car -1 -1 -10 344.000000 179.000000 475.000000 230.000000 1.541402 1.591181 3.901350 -6.074644 1.744292 22.569871 0.704614 0.979033
Car -1 -1 -10 642.000000 180.000000 679.000000 211.000000 1.514641 1.616738 3.723472 2.898809 1.841775 37.210281 -1.451572 0.965798
Car -1 -1 -10 0.000000 187.000000 163.000000 368.000000 1.507288 1.592233 3.685673 -4.969382 1.654031 5.599083 1.526992 0.875751
Car -1 -1 -10 396.000000 179.000000 495.000000 222.000000 1.514834 1.530552 3.950807 -6.068920 1.611893 26.149325 -2.940818 0.550728
Car -1 -1 -10 434.000000 178.000000 520.000000 214.000000 1.449162 1.608838 3.919038 -6.410565 1.693507 37.223259 1.928206 0.107292
Car -1 -1 -10 -1.000000 195.000000 78.000000 373.000000 1.489968 1.602987 3.679137 -4.682059 1.676856 5.137261 -2.168747 0.043317
Car -1 -1 -10 858.000000 7.000000 1242.000000 369.000000 1.521575 1.565934 3.939541 3.208258 1.264019 3.280868 1.517249 0.030267
Car -1 -1 -10 832.000000 183.000000 1044.000000 367.000000 1.461004 1.530606 3.726249 3.096888 1.538321 4.282971 1.386049 0.029789
Car -1 -1 -10 668.000000 181.000000 727.000000 216.000000 1.570712 1.626156 3.583383 0.454388 1.782846 11.734257 1.702489 0.029491
Car -1 -1 -10 476.000000 177.000000 545.000000 205.000000 1.520601 1.646007 3.814077 -5.471888 1.615592 40.997089 0.855284 0.025736
Car -1 -1 -10 652.000000 181.000000 704.000000 211.000000 1.488828 1.611361 3.679548 2.915995 1.895646 37.185924 -1.452112 0.011921
Car -1 -1 -10 672.000000 171.000000 762.000000 227.000000 1.486854 1.511485 3.665113 2.855595 1.633252 21.363546 1.114940 0.010600
Cyclist -1 -1 -10 73.000000 174.000000 150.000000 277.000000 1.663594 0.527121 1.749681 -9.931992 1.648856 14.081705 -2.181992 0.169893
