Pedestrian -1 -1 -10 656.000000 168.000000 676.000000 218.000000 1.668241 0.611356 0.623176 1.958065 1.734133 22.828077 0.626817 0.307559
Pedestrian -1 -1 -10 117.000000 176.000000 142.000000 227.000000 1.622558 0.614189 0.637998 -15.712836 2.139694 23.694560 1.450269 0.100414
Pedestrian -1 -1 -10 667.000000 165.000000 699.000000 224.000000 1.710464 0.600183 0.652463 2.447967 1.589422 21.425893 0.668039 0.091041
Pedestrian -1 -1 -10 403.000000 176.000000 426.000000 212.000000 1.587328 0.595324 0.630581 -8.100149 2.102377 29.527010 -1.822562 0.049807
Pedestrian -1 -1 -10 2.000000 186.000000 19.000000 229.000000 1.684130 0.677309 0.744167 -9.981324 2.547699 10.143576 -2.325069 0.010071
Car -1 -1 -10 397.000000 174.000000 521.000000 266.000000 1.595054 1.634897 3.781352 -2.974672 1.612232 14.320448 -1.625366 0.998751
Car -1 -1 -10 587.000000 171.000000 613.000000 198.000000 1.533485 1.607765 3.818743 -0.596974 1.495094 46.347762 -1.573013 0.996362
Car -1 -1 -10 189.000000 186.000000 292.000000 236.000000 1.539429 1.658604 3.805668 -12.679308 2.013376 25.098015 1.562792 0.994193
Cyclist -1 -1 -10 667.000000 161.000000 731.000000 223.000000 1.713295 0.602403 1.777428 2.825922 1.486773 20.620901 -1.440580 0.999580
Cyclist -1 -1 -10 662.000000 165.000000 701.000000 220.000000 1.710548 0.660983 0.655857 2.537881 1.546312 21.924355 1.108635 0.861539
Cyclist -1 -1 -10 656.000000 168.000000 677.000000 217.000000 1.638920 0.633889 0.617848 1.992841 1.634455 22.709750 1.090210 0.677353
Cyclist -1 -1 -10 674.000000 168.000000 709.000000 203.000000 1.756147 0.597247 0.652598 2.867012 1.160733 23.946890 -1.441469 0.017964
Cyclist -1 -1 -10 403.000000 177.000000 430.000000 214.000000 1.752812 0.579793 0.644045 -8.048715 1.849835 29.276635 -1.849105 0.012735
Cyclist -1 -1 -10 662.000000 168.000000 673.000000 209.000000 1.615556 0.597857 0.595255 1.912029 1.470995 22.752513 -1.441370 0.010547
