Car -1 -1 -10 561.000000 179.000000 620.000000 235.000000 1.488960 1.649438 3.820971 -0.462461 1.425235 23.032716 -1.591284 0.999374
Car -1 -1 -10 483.000000 180.000000 544.000000 227.000000 1.515671 1.618469 3.809407 -3.350976 1.389555 25.367524 -1.594564 0.999001
Car -1 -1 -10 339.000000 176.000000 493.000000 286.000000 1.598920 1.615091 3.771623 -3.311535 1.542070 12.575750 -1.382533 0.998941
Car -1 -1 -10 15.000000 194.000000 369.000000 373.000000 1.525655 1.618733 3.789275 -3.093544 1.672940 4.737783 1.652386 0.996225
Car -1 -1 -10 332.000000 179.000000 412.000000 234.000000 1.525614 1.608586 3.870940 -7.982156 1.407788 24.249338 -1.865387 0.965017
Car -1 -1 -10 289.000000 185.000000 347.000000 219.000000 1.469289 1.615802 3.893017 -12.880160 1.417192 31.482724 -1.950095 0.955090
Car -1 -1 -10 36.000000 183.000000 284.000000 273.000000 1.574844 1.699405 4.096222 -13.434477 1.356823 21.535937 -3.652344 0.553490
Car -1 -1 -10 118.000000 187.000000 257.000000 250.000000 1.417394 1.631917 3.835139 -15.878538 1.245272 26.590145 1.709994 0.020820
Car -1 -1 -10 465.000000 179.000000 506.000000 207.000000 1.389853 1.585440 3.687007 -8.288981 1.754283 44.705323 1.447359 0.014359
Car -1 -1 -10 436.000000 182.000000 477.000000 209.000000 1.523868 1.602676 3.851036 -8.416069 1.074399 37.736435 1.505804 0.013815
Car -1 -1 -10 3.000000 192.000000 167.000000 365.000000 1.540781 1.646036 3.762312 -10.557012 2.159795 12.658628 -2.297660 0.010691
Car -1 -1 -10 571.000000 180.000000 613.000000 213.000000 1.560829 1.610861 3.620631 -1.539197 2.269517 13.919643 -1.652193 0.010169
