Car -1 -1 -10 674.000000 184.000000 742.000000 236.000000 1.451441 1.562675 3.771568 3.028709 1.740354 21.402653 -1.523124 0.998857
Car -1 -1 -10 277.000000 181.000000 480.000000 245.000000 1.493109 1.581626 3.986536 -5.959677 1.661777 19.665365 0.623683 0.997205
Car -1 -1 -10 760.000000 168.000000 1044.000000 372.000000 1.500887 1.611551 3.950408 3.160798 1.624801 7.560660 -1.689487 0.993868
Car -1 -1 -10 -2.000000 179.000000 269.000000 335.000000 1.482912 1.595649 3.823448 -5.588237 1.769504 7.530944 1.497926 0.985543
Car -1 -1 -10 728.000000 175.000000 823.000000 221.000000 1.567170 1.718364 4.130725 5.969721 1.578812 27.219636 -1.384703 0.971080
Car -1 -1 -10 354.000000 178.000000 495.000000 225.000000 1.488017 1.495489 3.833935 -6.202198 1.643984 26.011708 1.862387 0.966915
Car -1 -1 -10 409.000000 179.000000 510.000000 215.000000 1.551292 1.621424 3.859380 -5.698903 1.480672 32.157423 -1.675927 0.760026
Car -1 -1 -10 45.000000 165.000000 325.000000 283.000000 1.619479 1.630144 3.942391 -6.596030 1.405257 11.860741 -3.214897 0.327697
Car -1 -1 -10 189.000000 188.000000 389.000000 264.000000 1.453811 1.557374 3.647846 -6.354355 1.849498 15.672120 1.736084 0.290165
Car -1 -1 -10 679.000000 174.000000 726.000000 204.000000 1.453357 1.648081 3.932968 5.322837 1.615283 40.283690 1.208540 0.217168
