Pedestrian -1 -1 -10 948.000000 139.000000 1066.000000 372.000000 1.694427 0.608724 0.747064 2.564574 1.593325 4.610169 -1.022420 0.997712
Pedestrian -1 -1 -10 586.000000 162.000000 610.000000 234.000000 1.681361 0.602731 0.742365 0.013314 1.443161 17.521714 -1.529414 0.996377
Pedestrian -1 -1 -10 1039.000000 117.000000 1126.000000 331.000000 1.711853 0.597784 0.668265 3.727672 1.469729 5.916096 2.634797 0.993046
Pedestrian -1 -1 -10 501.000000 160.000000 534.000000 259.000000 1.719521 0.611533 0.783874 -1.575196 1.584134 13.384033 0.414999 0.992372
Pedestrian -1 -1 -10 470.000000 166.000000 506.000000 259.000000 1.683213 0.611915 0.760473 -1.933771 1.617943 13.389564 -1.683388 0.986623
Pedestrian -1 -1 -10 634.000000 164.000000 658.000000 230.000000 1.670298 0.588032 0.609263 1.476263 1.304564 18.302990 0.617149 0.964493
Pedestrian -1 -1 -10 143.000000 216.000000 264.000000 369.000000 1.664487 0.599992 0.612672 -2.040184 1.762604 3.426682 -2.077765 0.768270
Pedestrian -1 -1 -10 74.000000 235.000000 232.000000 373.000000 1.884835 0.606138 0.751933 -3.107755 1.966440 3.834766 -2.155124 0.540667
Pedestrian -1 -1 -10 672.000000 166.000000 694.000000 224.000000 1.626717 0.592382 0.626966 2.232384 1.283803 19.876132 -1.425901 0.317572
Pedestrian -1 -1 -10 614.000000 163.000000 631.000000 212.000000 1.637930 0.602713 0.697620 0.729628 1.023984 25.686214 -1.515335 0.287873
Pedestrian -1 -1 -10 1035.000000 125.000000 1087.000000 295.000000 1.642298 0.605556 0.600399 4.799982 1.105976 7.314217 -0.945482 0.261209
Pedestrian -1 -1 -10 279.000000 215.000000 339.000000 315.000000 1.874164 0.601757 0.742320 -1.703921 1.505166 3.160342 -1.982908 0.249988
Pedestrian -1 -1 -10 116.000000 211.000000 197.000000 345.000000 1.808700 0.605975 0.663426 -2.092104 1.201843 2.722641 -2.147824 0.247037
Pedestrian -1 -1 -10 173.000000 219.000000 249.000000 314.000000 1.850206 0.610597 0.701668 -2.153041 1.407718 3.049738 -2.086939 0.239655
Pedestrian -1 -1 -10 963.000000 150.000000 993.000000 230.000000 1.771290 0.594410 0.619798 0.974154 1.159929 2.491991 -1.112910 0.226010
Pedestrian -1 -1 -10 1034.000000 143.000000 1065.000000 232.000000 1.894400 0.648439 0.751085 1.296239 1.188727 2.829644 2.193732 0.147433
Cyclist -1 -1 -10 696.000000 158.000000 736.000000 229.000000 1.686164 0.624691 0.653209 3.317864 1.322751 20.767020 2.240333 0.293287
Cyclist -1 -1 -10 115.000000 223.000000 268.000000 368.000000 1.822342 0.592739 0.675062 -2.007203 1.145975 2.756326 1.116543 0.166114
Cyclist -1 -1 -10 68.000000 240.000000 215.000000 372.000000 1.832178 0.602203 0.697350 -4.583811 2.062214 5.517324 1.074221 0.084142
Cyclist -1 -1 -10 675.000000 165.000000 708.000000 225.000000 1.685326 0.563486 0.637580 2.392492 1.261838 20.295229 -1.359498 0.062784
Cyclist -1 -1 -10 111.000000 213.000000 206.000000 339.000000 1.494644 1.645035 3.563605 -3.806234 1.588278 4.827400 1.105983 0.017201
