Pedestrian -1 -1 -10 615.000000 140.000000 665.000000 264.000000 1.716459 0.605494 0.757906 0.610744 1.366793 10.282756 -1.474984 0.998767
Pedestrian -1 -1 -10 672.000000 135.000000 720.000000 262.000000 1.714558 0.613951 0.783823 1.446653 1.268196 10.486094 -1.395175 0.998425
Pedestrian -1 -1 -10 558.000000 138.000000 596.000000 237.000000 1.678932 0.599780 0.671814 -0.535724 1.152561 13.572542 0.499012 0.995201
Pedestrian -1 -1 -10 585.000000 142.000000 624.000000 235.000000 1.634608 0.611168 0.659342 -0.065258 1.118131 13.473031 -1.532595 0.991240
Pedestrian -1 -1 -10 504.000000 138.000000 541.000000 229.000000 1.659079 0.605845 0.671284 -1.681923 0.966764 14.327420 -1.634137 0.987870
Pedestrian -1 -1 -10 1080.000000 138.000000 1221.000000 367.000000 1.624193 0.602437 0.684599 3.032764 1.499379 3.381012 -0.883899 0.966409
Pedestrian -1 -1 -10 484.000000 145.000000 519.000000 229.000000 1.704161 0.585042 0.703289 -1.952373 1.072516 14.201503 1.903701 0.901145
Pedestrian -1 -1 -10 450.000000 140.000000 482.000000 235.000000 1.622974 0.601824 0.669748 -2.439614 0.917266 12.703706 -1.737145 0.853534
Pedestrian -1 -1 -10 543.000000 145.000000 569.000000 231.000000 1.681124 0.581691 0.622903 -0.744286 1.168169 13.977742 0.494636 0.623976
Pedestrian -1 -1 -10 528.000000 139.000000 556.000000 205.000000 1.529214 1.557777 3.694102 -1.576674 1.210289 10.815468 1.504354 0.477962
Pedestrian -1 -1 -10 279.000000 134.000000 309.000000 232.000000 1.634322 0.592657 0.582865 -7.533896 0.385898 17.240212 -1.983407 0.435465
Pedestrian -1 -1 -10 503.000000 141.000000 526.000000 211.000000 1.742439 0.585918 0.607134 -2.504499 0.308304 19.518366 -1.707613 0.319467
Pedestrian -1 -1 -10 640.000000 141.000000 666.000000 225.000000 1.527283 1.522116 3.703714 0.298656 1.241421 13.420440 1.676871 0.305861
Pedestrian -1 -1 -10 599.000000 141.000000 622.000000 213.000000 1.749559 0.609387 0.801602 0.048111 0.754035 20.145971 -1.522832 0.275258
Cyclist -1 -1 -10 446.000000 140.000000 484.000000 253.000000 1.736689 0.599006 0.705814 -2.445132 1.210045 12.152930 1.846012 0.587164
Cyclist -1 -1 -10 279.000000 138.000000 321.000000 226.000000 1.623294 0.570693 0.643615 -7.687357 0.667996 17.914723 -1.929078 0.439119
Cyclist -1 -1 -10 392.000000 149.000000 443.000000 204.000000 1.654118 0.659761 0.675541 -6.560389 0.711125 24.790924 -1.836040 0.410533
Cyclist -1 -1 -10 402.000000 144.000000 428.000000 195.000000 1.733253 0.618166 0.731740 -6.802744 0.549500 25.233187 -1.811933 0.237886
Cyclist -1 -1 -10 291.000000 150.000000 350.000000 211.000000 1.727593 0.644639 0.644829 -9.122018 0.515966 24.127576 -1.959587 0.224278
Cyclist -1 -1 -10 312.000000 151.000000 371.000000 204.000000 1.680046 0.491016 1.669508 -11.512309 0.727471 30.776867 -1.907517 0.159449
Cyclist -1 -1 -10 329.000000 151.000000 405.000000 204.000000 1.691474 0.597362 0.731629 -11.207957 0.765862 30.956548 -1.870576 0.100025
Cyclist -1 -1 -10 410.000000 149.000000 468.000000 219.000000 1.618840 0.581801 0.599152 -3.850810 0.713236 19.125295 -1.798805 0.069102
Cyclist -1 -1 -10 491.000000 145.000000 513.000000 201.000000 1.681616 0.708502 0.755656 -1.935136 1.516488 8.653325 -1.761570 0.025074
Cyclist -1 -1 -10 482.000000 145.000000 516.000000 229.000000 1.668501 0.564802 0.675528 -2.033342 0.962016 14.159179 -1.652793 0.023113
Cyclist -1 -1 -10 487.000000 141.000000 505.000000 195.000000 1.713229 0.437731 1.548470 -5.873858 0.013169 37.346013 -1.709754 0.022047
Cyclist -1 -1 -10 600.000000 140.000000 620.000000 204.000000 1.688685 0.585068 0.527131 0.631200 1.513587 26.467922 -1.551851 0.013098
Cyclist -1 -1 -10 1080.000000 135.000000 1220.000000 368.000000 1.609759 0.588965 0.690468 3.037793 1.459200 3.401523 -0.887099 0.010688
