Pedestrian -1 -1 -10 674.000000 167.000000 689.000000 210.000000 1.649974 0.611666 0.723222 3.372152 1.675910 31.625330 -1.437272 0.971011
Car -1 -1 -10 0.000000 190.000000 266.000000 349.000000 1.513152 1.609194 3.714246 -5.970458 1.827820 8.646006 1.481865 0.999013
Car -1 -1 -10 465.000000 178.000000 518.000000 209.000000 1.434654 1.593962 3.904576 -5.636334 1.710990 35.235885 1.009079 0.998772
Car -1 -1 -10 821.000000 184.000000 1248.000000 375.000000 1.452100 1.606237 3.990059 3.418078 1.466290 5.151718 1.546787 0.996823
Car -1 -1 -10 341.000000 179.000000 414.000000 206.000000 1.551723 1.669154 4.151890 -13.129958 1.779063 41.746574 0.718311 0.990483
Car -1 -1 -10 73.000000 181.000000 174.000000 234.000000 1.477658 1.616694 3.925996 -17.582832 1.496341 26.870524 0.953340 0.694945
Car -1 -1 -10 145.000000 179.000000 239.000000 254.000000 1.570023 1.574803 3.697726 -14.648847 1.840696 25.586257 1.063781 0.275359
Car -1 -1 -10 672.000000 171.000000 691.000000 197.000000 1.546749 1.576925 3.685447 0.672153 2.232062 18.368206 -1.609983 0.066384
Car -1 -1 -10 26.000000 186.000000 205.000000 254.000000 1.503299 1.660855 3.681064 -17.456137 1.920720 26.123593 0.969408 0.013383
Car -1 -1 -10 110.000000 183.000000 269.000000 286.000000 1.491357 1.629137 3.710298 -5.765803 1.811966 9.614516 1.620841 0.010340
Cyclist -1 -1 -10 674.000000 170.000000 691.000000 206.000000 1.639434 0.602013 0.727114 3.361074 1.630172 31.551473 -1.443308 0.010599
