Pedestrian -1 -1 -10 828.000000 164.000000 847.000000 216.000000 1.698291 0.596415 0.702236 7.441509 1.784272 23.388582 -1.235854 0.300074
Pedestrian -1 -1 -10 855.000000 166.000000 871.000000 217.000000 1.643480 0.613588 0.709503 8.283972 1.542644 23.340632 -1.201304 0.253103
Pedestrian -1 -1 -10 738.000000 169.000000 751.000000 204.000000 1.659654 0.603869 0.717687 6.677933 1.803201 35.396757 -1.352608 0.062524
Pedestrian -1 -1 -10 1160.000000 158.000000 1241.000000 331.000000 1.633143 0.592932 0.700040 4.419761 1.718847 4.977101 -0.847268 0.040605
Car -1 -1 -10 1135.000000 167.000000 1238.000000 201.000000 1.548872 1.547210 3.623646 39.728098 2.112958 48.706475 -0.981997 0.010848
Cyclist -1 -1 -10 799.000000 160.000000 835.000000 227.000000 1.662626 0.613012 0.745859 5.603970 1.552651 19.064708 -1.261184 0.998725
Cyclist -1 -1 -10 1157.000000 141.000000 1241.000000 371.000000 1.614728 0.581079 0.691101 4.385052 1.617512 4.960575 -0.857546 0.975270
Cyclist -1 -1 -10 826.000000 166.000000 847.000000 219.000000 1.812866 0.519989 1.711805 7.390871 1.841244 23.362251 -1.244541 0.266921
Cyclist -1 -1 -10 738.000000 169.000000 752.000000 205.000000 1.658749 0.591405 0.732833 6.678263 1.767308 35.430899 -1.358724 0.175078
Cyclist -1 -1 -10 1169.000000 159.000000 1240.000000 256.000000 1.469884 1.471022 3.777148 13.119058 4.626037 17.846729 2.178503 0.016908
