Pedestrian -1 -1 -10 682.000000 171.000000 701.000000 216.000000 1.708286 0.595724 0.753158 3.287443 1.866289 28.712242 -1.412822 0.848124
Car -1 -1 -10 457.000000 183.000000 508.000000 217.000000 1.427936 1.550889 3.808626 -5.129261 1.918948 30.524186 0.983218 0.997968
Car -1 -1 -10 336.000000 184.000000 417.000000 211.000000 1.504271 1.657378 4.280265 -12.096763 2.026735 38.083649 0.637163 0.995512
Car -1 -1 -10 77.000000 183.000000 184.000000 238.000000 1.481228 1.575079 3.788340 -15.037335 1.954254 23.272866 0.507082 0.982590
Car -1 -1 -10 920.000000 190.000000 1246.000000 373.000000 1.419179 1.599352 3.774671 3.234340 1.700787 2.795457 1.541162 0.969763
Car -1 -1 -10 0.000000 198.000000 150.000000 372.000000 1.505661 1.618741 3.712145 -5.975619 1.853073 6.768256 1.553080 0.860653
Car -1 -1 -10 2.000000 186.000000 121.000000 243.000000 1.451639 1.594545 4.033595 -17.753923 1.748637 23.880461 0.414851 0.448678
Car -1 -1 -10 503.000000 172.000000 559.000000 198.000000 1.526060 1.674893 3.648766 -4.429167 2.278300 47.960812 1.442950 0.035909
Car -1 -1 -10 674.000000 175.000000 706.000000 205.000000 1.495560 1.639917 3.582678 4.515458 1.381245 33.143182 1.681440 0.012013
Cyclist -1 -1 -10 683.000000 171.000000 701.000000 216.000000 1.693274 0.585975 0.764631 3.292960 1.820713 28.758799 -1.415547 0.192919
Cyclist -1 -1 -10 921.000000 185.000000 1251.000000 372.000000 1.405932 1.662223 3.789782 2.684141 1.744813 2.534646 1.579525 0.010940
