Car -1 -1 -10 10.000000 180.000000 366.000000 295.000000 1.562649 1.585412 4.071568 -6.481113 1.582424 11.314729 -0.036248 0.999587
Car -1 -1 -10 684.000000 184.000000 778.000000 252.000000 1.439223 1.555515 3.776068 2.939781 1.723152 16.726573 -1.514441 0.999556
Car -1 -1 -10 552.000000 176.000000 585.000000 202.000000 1.568699 1.620682 3.894620 -2.479511 1.930625 40.777642 -1.627070 0.996071
Car -1 -1 -10 353.000000 175.000000 508.000000 225.000000 1.488330 1.563098 4.005212 -5.582547 1.716282 24.515532 1.821888 0.987997
Car -1 -1 -10 666.000000 179.000000 717.000000 220.000000 1.408188 1.562489 3.798215 3.127127 1.716165 25.826632 -1.561919 0.909288
Car -1 -1 -10 421.000000 175.000000 515.000000 215.000000 1.464512 1.559523 3.965169 -5.633953 1.487124 30.415184 0.786627 0.852284
Car -1 -1 -10 291.000000 175.000000 464.000000 234.000000 1.566929 1.572529 4.086792 -6.073408 1.491799 19.084198 -3.067533 0.820737
Car -1 -1 -10 481.000000 175.000000 545.000000 200.000000 1.488497 1.611469 3.779236 -6.230699 1.788938 47.714593 0.941920 0.388285
Car -1 -1 -10 642.000000 172.000000 675.000000 198.000000 1.450675 1.603235 3.824669 3.062684 1.501793 44.295670 -1.573937 0.167537
Car -1 -1 -10 214.000000 174.000000 406.000000 242.000000 1.525805 1.674306 4.140421 -7.596417 1.355059 18.253845 0.578922 0.091388
