Car -1 -1 -10 659.000000 182.000000 718.000000 227.000000 1.433233 1.582326 3.853156 2.881913 1.810653 24.856983 -1.569294 0.998703
Car -1 -1 -10 179.000000 200.000000 419.000000 341.000000 1.481202 1.610559 3.723847 -3.920721 1.971882 9.468348 1.609871 0.997728
Car -1 -1 -10 838.000000 166.000000 1048.000000 231.000000 1.477567 1.652280 4.280018 8.469005 1.246315 18.804556 1.397610 0.997402
Car -1 -1 -10 403.000000 185.000000 481.000000 233.000000 1.484412 1.561310 3.806836 -6.302246 2.254959 27.132110 1.779870 0.991654
Car -1 -1 -10 476.000000 185.000000 515.000000 213.000000 1.546969 1.539292 3.680853 -6.930829 2.257515 37.647960 1.992380 0.978956
Car -1 -1 -10 0.000000 220.000000 174.000000 373.000000 1.486796 1.629480 3.777055 -3.674052 1.746154 3.642354 1.519755 0.599391
Car -1 -1 -10 764.000000 166.000000 882.000000 211.000000 1.508777 1.689110 3.930856 7.932590 1.212838 27.608161 -0.191961 0.257668
Car -1 -1 -10 812.000000 164.000000 952.000000 221.000000 1.492146 1.631117 3.829122 7.929612 1.245837 21.054341 -0.094344 0.237871
Car -1 -1 -10 300.000000 197.000000 412.000000 259.000000 1.476143 1.599394 3.800023 -6.528737 1.854505 19.088088 1.653947 0.119768
Car -1 -1 -10 950.000000 157.000000 1069.000000 192.000000 1.540134 1.637019 4.011942 20.944109 0.844175 37.213725 -2.066335 0.097324
Car -1 -1 -10 394.000000 198.000000 452.000000 235.000000 1.447143 1.565318 3.700037 -6.579219 2.274393 25.807396 1.429062 0.073005
Car -1 -1 -10 1012.000000 151.000000 1136.000000 188.000000 1.534438 1.627941 3.951165 21.706767 0.712029 34.467446 0.001158 0.041534
