Car -1 -1 -10 571.000000 181.000000 604.000000 210.000000 1.538086 1.614929 3.887045 -1.197847 1.429465 41.267984 -1.604120 0.999650
Car -1 -1 -10 168.000000 183.000000 322.000000 254.000000 1.578051 1.614050 3.923519 -8.529707 1.493979 16.533796 1.615844 0.989955
Car -1 -1 -10 -1.000000 206.000000 314.000000 373.000000 1.547246 1.620134 3.751724 -4.831852 1.705450 6.671318 1.590818 0.982542
Car -1 -1 -10 290.000000 187.000000 369.000000 237.000000 1.463374 1.545504 3.596640 -8.567453 1.560059 21.982065 -1.447527 0.978952
Car -1 -1 -10 467.000000 186.000000 524.000000 223.000000 1.425417 1.544389 3.707404 -4.614865 1.594179 30.537201 1.810544 0.892344
Car -1 -1 -10 68.000000 180.000000 202.000000 265.000000 1.496850 1.601786 3.803100 -12.321107 1.223665 18.896477 0.916252 0.507551
Car -1 -1 -10 15.000000 183.000000 218.000000 304.000000 1.533533 1.498964 3.570107 -11.467224 1.864854 16.221951 -2.346039 0.187568
Car -1 -1 -10 112.000000 184.000000 252.000000 256.000000 1.490436 1.628891 3.753702 -11.523648 1.270462 17.676415 1.568352 0.085737
Car -1 -1 -10 328.000000 191.000000 402.000000 235.000000 1.489068 1.610698 3.667730 -8.227497 1.651756 21.826031 -1.379928 0.084790
Car -1 -1 -10 495.000000 184.000000 536.000000 210.000000 1.473840 1.596200 3.689985 -5.182858 1.593148 42.600546 -1.659193 0.066237
Car -1 -1 -10 243.000000 182.000000 326.000000 227.000000 1.502373 1.600907 3.807991 -13.110812 1.108517 30.063880 1.222464 0.012590
