Pedestrian -1 -1 -10 763.000000 153.000000 782.000000 229.000000 1.674589 0.602493 0.640559 5.053337 1.206592 22.022890 -1.336616 0.123140
Pedestrian -1 -1 -10 768.000000 158.000000 801.000000 223.000000 1.592873 0.596059 0.585942 5.491072 1.001508 22.240471 -1.313288 0.021715
Car -1 -1 -10 221.000000 186.000000 380.000000 282.000000 1.569803 1.611582 3.737185 -5.942472 2.027674 13.951694 1.648738 0.999346
Car -1 -1 -10 335.000000 188.000000 438.000000 248.000000 1.464419 1.542695 3.688350 -5.769984 1.968224 18.995860 1.677314 0.996277
Car -1 -1 -10 775.000000 177.000000 1081.000000 360.000000 1.484147 1.606200 3.949980 3.349776 1.496188 7.758378 -1.712065 0.994362
Car -1 -1 -10 719.000000 176.000000 868.000000 272.000000 1.463760 1.600942 3.961471 3.560958 1.633209 12.895825 1.337979 0.992308
Car -1 -1 -10 700.000000 177.000000 785.000000 236.000000 1.400181 1.567521 3.789610 3.709562 1.552878 19.147222 -1.503347 0.988493
Car -1 -1 -10 847.000000 170.000000 940.000000 209.000000 1.451994 1.563903 3.753487 11.605016 0.999336 29.496494 1.907934 0.021485
Car -1 -1 -10 3.000000 199.000000 162.000000 263.000000 1.449958 1.553082 3.732306 -11.649694 1.845355 15.355136 0.427269 0.013778
Cyclist -1 -1 -10 852.000000 174.000000 870.000000 223.000000 1.729478 0.534896 1.629947 8.071312 1.416147 24.058109 -1.208333 0.015099
