Pedestrian -1 -1 -10 541.000000 163.000000 565.000000 220.000000 1.725134 0.608857 0.752804 -1.714075 1.417172 23.340520 0.460561 0.992353
Pedestrian -1 -1 -10 245.000000 178.000000 263.000000 226.000000 1.709440 0.580292 0.732414 -12.662523 1.871870 25.239546 -1.982141 0.306697
Pedestrian -1 -1 -10 940.000000 141.000000 971.000000 202.000000 1.680147 0.590662 0.592459 11.043130 0.023168 21.978836 -1.115707 0.152015
Pedestrian -1 -1 -10 416.000000 163.000000 433.000000 215.000000 1.704722 0.626158 0.639441 -6.382747 0.911876 23.906448 -1.816235 0.124388
Pedestrian -1 -1 -10 237.000000 179.000000 255.000000 229.000000 1.740503 0.581701 0.758996 -12.683915 1.951530 25.129702 -1.986855 0.056089
Pedestrian -1 -1 -10 416.000000 171.000000 452.000000 213.000000 1.668340 0.604467 0.536279 -6.475202 1.106486 25.413093 -1.773235 0.013329
Pedestrian -1 -1 -10 871.000000 155.000000 885.000000 190.000000 1.603540 0.600217 0.651535 9.768049 0.707206 24.581007 -1.174868 0.013108
Pedestrian -1 -1 -10 926.000000 142.000000 994.000000 205.000000 1.614109 0.583938 0.544897 10.415629 0.262866 20.822256 2.503895 0.011502
Pedestrian -1 -1 -10 867.000000 155.000000 893.000000 196.000000 1.634423 0.714021 0.657269 2.827983 1.229207 8.719389 1.950444 0.010402
Car -1 -1 -10 407.000000 178.000000 511.000000 249.000000 1.527427 1.586763 3.669818 -3.331374 1.438246 16.312515 -1.339469 0.999152
Car -1 -1 -10 982.000000 160.000000 1085.000000 189.000000 1.508289 1.620751 3.807874 20.368505 0.363527 33.037009 2.671863 0.693106
Car -1 -1 -10 1072.000000 147.000000 1196.000000 185.000000 1.650546 1.643747 4.009566 24.545154 0.129305 32.831438 0.023463 0.205866
Car -1 -1 -10 414.000000 171.000000 457.000000 212.000000 1.493226 1.638112 3.587602 -6.410265 0.927527 28.099570 1.327142 0.028280
Car -1 -1 -10 409.000000 173.000000 483.000000 223.000000 1.465691 1.495358 3.559481 -5.913809 1.175822 23.070355 -1.819346 0.016062
Car -1 -1 -10 443.000000 179.000000 487.000000 211.000000 1.596141 1.627861 3.479440 -3.042023 1.973485 10.550980 1.411908 0.011686
Cyclist -1 -1 -10 703.000000 159.000000 747.000000 200.000000 1.724685 0.579980 0.791992 5.690080 1.122479 33.647470 -0.926437 0.999476
Cyclist -1 -1 -10 289.000000 170.000000 360.000000 236.000000 1.658223 0.589907 1.725118 -8.370371 1.607754 20.751847 -1.468334 0.999447
Cyclist -1 -1 -10 825.000000 157.000000 850.000000 198.000000 1.695687 0.593780 0.724109 10.385235 0.805081 31.527782 -1.213474 0.935744
Cyclist -1 -1 -10 925.000000 142.000000 996.000000 205.000000 1.604130 0.581936 0.545917 10.465809 0.274639 20.604184 -1.070967 0.802875
Cyclist -1 -1 -10 243.000000 178.000000 263.000000 228.000000 1.687596 0.561075 0.732137 -12.707426 1.812027 25.221823 -1.987638 0.058024
Cyclist -1 -1 -10 939.000000 143.000000 972.000000 199.000000 1.752812 0.579793 0.644045 11.037364 -0.010391 22.266035 -1.126101 0.047558
Cyclist -1 -1 -10 858.000000 152.000000 913.000000 201.000000 1.721781 0.542356 1.621400 9.810722 0.751811 24.982188 -1.169735 0.028508
Cyclist -1 -1 -10 318.000000 174.000000 355.000000 215.000000 1.655516 0.564772 0.633374 -8.868750 1.616679 22.856404 1.689592 0.027518
Cyclist -1 -1 -10 415.000000 165.000000 439.000000 214.000000 1.693420 0.593456 0.576082 -6.441556 0.930131 24.313108 -1.798076 0.015093
