Pedestrian -1 -1 -10 814.000000 148.000000 845.000000 252.000000 1.698582 0.679447 0.754688 2.660551 2.090111 12.068322 -1.328713 0.832120
Pedestrian -1 -1 -10 788.000000 154.000000 815.000000 246.000000 1.696089 0.596164 0.642864 4.789526 1.358398 17.964511 -1.307247 0.639556
Pedestrian -1 -1 -10 800.000000 165.000000 863.000000 247.000000 1.630532 0.597948 0.583178 5.526000 1.246045 17.690559 -1.268751 0.042250
Pedestrian -1 -1 -10 722.000000 185.000000 840.000000 269.000000 1.398976 1.639862 3.908791 3.387098 1.735648 13.068503 -1.409104 0.023335
Pedestrian -1 -1 -10 782.000000 162.000000 837.000000 260.000000 1.661334 0.600715 0.566943 3.478631 1.574018 12.837595 -1.302632 0.013684
Pedestrian -1 -1 -10 826.000000 166.000000 849.000000 248.000000 1.620581 0.584733 0.639436 5.593682 1.333004 17.975216 -1.230230 0.012270
Car -1 -1 -10 762.000000 185.000000 1037.000000 349.000000 1.437601 1.607159 3.918048 3.245922 1.587393 7.714587 1.413353 0.999168
Car -1 -1 -10 0.000000 195.000000 270.000000 359.000000 1.548875 1.652097 3.753174 -6.075665 1.983654 9.280908 1.537777 0.998995
Car -1 -1 -10 232.000000 195.000000 376.000000 280.000000 1.487879 1.559153 3.703104 -5.992156 2.039685 14.123070 1.625448 0.997153
Car -1 -1 -10 723.000000 185.000000 838.000000 268.000000 1.430818 1.564423 3.847333 3.592754 1.638776 13.780229 -1.479083 0.986608
Car -1 -1 -10 912.000000 190.000000 1256.000000 374.000000 1.402016 1.611591 3.845231 3.229613 1.669994 2.761605 1.533292 0.951300
Car -1 -1 -10 327.000000 177.000000 432.000000 225.000000 1.587415 1.718099 4.062075 -12.006687 2.316350 38.887583 -2.990730 0.310123
Car -1 -1 -10 905.000000 169.000000 975.000000 207.000000 1.424352 1.535104 3.719375 14.014959 1.136274 29.533685 1.464881 0.041351
Car -1 -1 -10 291.000000 188.000000 338.000000 213.000000 1.443342 1.615020 3.969582 -19.258310 2.369714 47.767359 0.738896 0.021312
Car -1 -1 -10 1084.000000 203.000000 1239.000000 373.000000 1.462893 1.696391 3.553695 1.877374 1.013359 2.972859 -0.920682 0.012895
Cyclist -1 -1 -10 890.000000 176.000000 988.000000 223.000000 1.452743 1.535112 3.688982 11.942680 1.257815 25.317051 1.984257 0.212263
Cyclist -1 -1 -10 808.000000 162.000000 862.000000 244.000000 1.612878 0.585895 0.605129 5.478098 1.164109 17.828437 -1.254722 0.177946
Cyclist -1 -1 -10 737.000000 179.000000 765.000000 210.000000 1.525681 1.450353 3.644296 2.666601 3.040736 20.790409 1.723571 0.109084
Cyclist -1 -1 -10 840.000000 185.000000 957.000000 224.000000 1.702065 0.578176 0.620675 9.957993 1.607142 22.473204 -1.202903 0.058905
Cyclist -1 -1 -10 814.000000 185.000000 897.000000 237.000000 1.520704 1.592730 3.628709 2.921050 1.569298 10.966648 1.911829 0.054531
Cyclist -1 -1 -10 723.000000 181.000000 842.000000 272.000000 1.456534 1.581203 3.946740 3.292901 1.779733 12.869209 1.314435 0.041637
Cyclist -1 -1 -10 811.000000 182.000000 831.000000 252.000000 1.844463 0.596908 0.687234 0.712697 1.432111 4.452332 1.928354 0.016185
Cyclist -1 -1 -10 817.000000 145.000000 845.000000 259.000000 1.843074 0.595496 0.693066 0.770639 1.441508 4.459699 1.933527 0.014778
