Pedestrian -1 -1 -10 811.000000 167.000000 831.000000 218.000000 1.823817 0.678223 0.877195 1.612055 2.004358 8.297134 1.877161 0.034745
Car -1 -1 -10 506.000000 178.000000 548.000000 209.000000 1.521890 1.593240 3.762045 -4.130162 1.708824 36.077868 1.590879 0.999544
Car -1 -1 -10 794.000000 183.000000 1025.000000 315.000000 1.460820 1.616555 3.944849 3.899879 1.626323 9.169038 1.488521 0.999503
Car -1 -1 -10 305.000000 186.000000 447.000000 272.000000 1.535701 1.562614 3.711038 -4.658345 1.967365 14.417046 1.691536 0.999235
Car -1 -1 -10 54.000000 190.000000 354.000000 356.000000 1.526915 1.639709 3.736395 -4.901793 1.926657 8.950255 1.568604 0.998855
Car -1 -1 -10 396.000000 184.000000 488.000000 242.000000 1.490053 1.551694 3.726114 -4.475587 1.920370 19.639385 1.712573 0.998781
Car -1 -1 -10 731.000000 179.000000 861.000000 262.000000 1.446668 1.553742 3.945194 4.013146 1.656817 14.555127 1.385812 0.997020
Car -1 -1 -10 709.000000 177.000000 786.000000 238.000000 1.445277 1.516311 3.800567 4.168286 1.715533 19.560336 -1.482482 0.996988
Car -1 -1 -10 960.000000 188.000000 1237.000000 373.000000 1.428681 1.599670 3.951830 4.048786 1.685175 3.867805 1.548187 0.972869
Car -1 -1 -10 698.000000 176.000000 754.000000 222.000000 1.419760 1.542047 3.765546 4.430446 1.605310 25.404521 -1.515308 0.965417
Car -1 -1 -10 527.000000 176.000000 561.000000 205.000000 1.496497 1.556882 3.670086 -3.981024 1.887149 36.248331 -1.567114 0.926040
Car -1 -1 -10 688.000000 176.000000 730.000000 214.000000 1.405620 1.604466 3.687799 4.649322 1.674329 30.483289 -1.470462 0.709397
Car -1 -1 -10 1067.000000 171.000000 1191.000000 219.000000 1.472607 1.520630 3.505691 15.874375 1.191170 20.830850 -0.933975 0.521930
Car -1 -1 -10 924.000000 171.000000 989.000000 206.000000 1.487388 1.572171 3.736884 13.909251 1.106085 29.886090 -1.112181 0.244881
