Pedestrian -1 -1 -10 83.000000 166.000000 110.000000 210.000000 1.682996 0.573765 0.705080 -21.169704 1.752614 29.300752 -2.140935 0.274335
Pedestrian -1 -1 -10 68.000000 168.000000 91.000000 211.000000 1.632793 0.597164 0.684069 -21.014936 1.765313 29.051400 -2.174214 0.265793
Pedestrian -1 -1 -10 94.000000 168.000000 120.000000 208.000000 1.635079 0.602051 0.670111 -21.068821 1.730842 30.075311 -2.150991 0.142516
Pedestrian -1 -1 -10 596.000000 166.000000 605.000000 198.000000 1.702347 0.591246 0.743369 -0.566512 1.527407 40.775200 -1.541349 0.115681
Pedestrian -1 -1 -10 594.000000 167.000000 614.000000 196.000000 1.699042 0.593799 0.738384 -0.555940 1.537387 40.752272 -1.538243 0.023177
Pedestrian -1 -1 -10 592.000000 166.000000 601.000000 196.000000 1.624981 0.603608 0.652775 -0.632004 1.281337 40.839943 -1.570191 0.023063
Car -1 -1 -10 622.000000 168.000000 678.000000 193.000000 1.473628 1.676278 3.980437 2.800411 1.458019 47.383504 1.010160 0.968191
Car -1 -1 -10 541.000000 160.000000 596.000000 196.000000 1.475283 1.625164 3.882038 -2.464557 1.401809 45.212104 -2.167836 0.331753
Car -1 -1 -10 590.000000 167.000000 626.000000 195.000000 1.483670 1.595903 3.667880 -0.050746 1.565603 45.843402 2.073924 0.294113
Car -1 -1 -10 -2.000000 173.000000 59.000000 222.000000 1.465902 1.578107 3.705068 -18.857975 1.470325 23.657505 -2.235738 0.044332
Car -1 -1 -10 596.000000 167.000000 612.000000 197.000000 1.491943 1.519847 3.558020 -0.741167 1.662684 43.758201 -1.539051 0.012197
Cyclist -1 -1 -10 79.000000 167.000000 109.000000 210.000000 1.646645 0.563218 0.695663 -21.160753 1.714024 29.198069 -2.148165 0.134548
Cyclist -1 -1 -10 69.000000 166.000000 97.000000 211.000000 1.625861 0.580675 0.687138 -21.073331 1.721809 29.126304 -2.167046 0.029379
