Pedestrian -1 -1 -10 444.000000 168.000000 461.000000 200.000000 1.700140 0.636256 0.520537 -7.916277 1.160753 36.342843 -1.772948 0.047588
Pedestrian -1 -1 -10 515.000000 174.000000 552.000000 220.000000 1.629377 0.581501 0.623829 -2.706488 1.792471 22.047023 -1.633254 0.012152
Car -1 -1 -10 642.000000 176.000000 675.000000 205.000000 1.495769 1.616413 3.831331 2.769514 1.821500 39.862294 1.620300 0.999376
Car -1 -1 -10 403.000000 170.000000 521.000000 261.000000 1.567043 1.610418 3.712902 -3.030516 1.667031 15.265899 1.798947 0.998008
Car -1 -1 -10 740.000000 195.000000 1008.000000 367.000000 1.451091 1.568259 3.996623 2.779536 1.653915 7.109346 1.441421 0.997925
Car -1 -1 -10 2.000000 171.000000 257.000000 305.000000 1.539145 1.647511 3.938183 -6.635524 1.510227 9.767222 -3.244594 0.993432
Car -1 -1 -10 900.000000 194.000000 1246.000000 372.000000 1.462081 1.574181 3.721454 2.756054 1.595705 2.530955 1.554778 0.951171
Car -1 -1 -10 500.000000 175.000000 559.000000 223.000000 1.505604 1.613510 3.798940 -2.956773 1.717379 22.619260 2.004667 0.074868
Car -1 -1 -10 496.000000 172.000000 563.000000 281.000000 1.508752 1.589389 3.562959 -1.205099 1.676850 10.980086 -1.635915 0.014473
Cyclist -1 -1 -10 497.000000 168.000000 562.000000 301.000000 1.715507 0.580017 0.767213 -0.980336 1.829595 10.096694 -1.630425 0.999180
Cyclist -1 -1 -10 498.000000 174.000000 561.000000 233.000000 1.513794 1.537823 3.823457 -2.700008 1.769803 22.165946 1.905455 0.348865
Cyclist -1 -1 -10 520.000000 172.000000 554.000000 220.000000 1.648523 0.584496 1.766713 -2.806428 1.778495 21.972685 1.948986 0.036163
Cyclist -1 -1 -10 898.000000 196.000000 1241.000000 374.000000 1.405501 1.648685 3.721727 2.125004 1.651533 2.296906 1.589572 0.015134
Cyclist -1 -1 -10 406.000000 169.000000 524.000000 265.000000 1.492684 1.607642 3.849975 -2.873317 1.643486 14.699250 1.453916 0.013323
