Pedestrian -1 -1 -10 987.000000 125.000000 1052.000000 294.000000 1.702432 0.608440 0.769933 4.718999 1.450223 8.101746 -1.007876 0.997647
Pedestrian -1 -1 -10 1049.000000 126.000000 1123.000000 302.000000 1.714214 0.604550 0.765533 5.210670 1.456698 7.863595 -0.946261 0.985711
Pedestrian -1 -1 -10 1006.000000 176.000000 1237.000000 371.000000 1.652561 0.574842 0.546615 2.533656 1.939919 2.611508 -0.950613 0.395615
Pedestrian -1 -1 -10 986.000000 140.000000 1032.000000 245.000000 1.891632 0.648869 0.739754 1.906606 1.576298 4.676336 2.146288 0.116563
Pedestrian -1 -1 -10 987.000000 153.000000 1013.000000 223.000000 1.603795 0.597724 0.617066 19.357928 0.687830 36.262797 -1.054210 0.033733
Pedestrian -1 -1 -10 1011.000000 132.000000 1085.000000 272.000000 1.696926 0.617572 0.702136 5.120633 1.437095 8.322097 -0.989966 0.014371
Car -1 -1 -10 0.000000 205.000000 120.000000 246.000000 1.498517 1.641865 3.925670 -20.327763 2.535498 27.132620 0.333858 0.976258
Car -1 -1 -10 839.000000 169.000000 931.000000 209.000000 1.553350 1.626479 3.862192 10.538716 1.240980 27.689325 1.964329 0.964501
Car -1 -1 -10 1002.000000 202.000000 1246.000000 371.000000 1.506939 1.612694 3.649284 3.171177 1.767385 2.813724 1.629527 0.875121
Car -1 -1 -10 180.000000 178.000000 337.000000 236.000000 1.632660 1.717020 4.038811 -12.604178 1.930044 26.758193 -3.164473 0.299068
Car -1 -1 -10 284.000000 184.000000 363.000000 212.000000 1.585866 1.555512 3.749940 -13.252258 2.339887 35.613516 1.210476 0.062831
Car -1 -1 -10 949.000000 164.000000 1051.000000 207.000000 1.495560 1.639918 3.582678 13.991196 1.387925 27.029816 2.067079 0.053757
Car -1 -1 -10 0.000000 213.000000 52.000000 270.000000 1.595282 1.582601 3.323956 -10.612987 3.353126 10.824238 0.914447 0.032123
Car -1 -1 -10 1063.000000 160.000000 1191.000000 211.000000 1.495560 1.639917 3.582678 20.773962 0.740998 27.273846 2.193563 0.023226
Car -1 -1 -10 165.000000 192.000000 246.000000 219.000000 1.410016 1.564455 3.798066 -19.904393 2.485555 35.572791 0.525574 0.021780
Cyclist -1 -1 -10 983.000000 155.000000 1017.000000 217.000000 1.491354 1.582643 3.422090 1.730299 1.247041 4.446035 2.134057 0.126445
Cyclist -1 -1 -10 1004.000000 166.000000 1236.000000 372.000000 1.662401 0.579445 0.559202 2.548526 1.908214 2.679340 -0.959781 0.076528
Cyclist -1 -1 -10 1051.000000 126.000000 1148.000000 319.000000 1.721647 0.612927 0.791675 5.197145 1.441476 7.888068 -0.946065 0.030516
Cyclist -1 -1 -10 974.000000 150.000000 1042.000000 215.000000 1.466960 1.614012 3.446381 1.975417 1.342077 4.911003 2.147227 0.015378
