Pedestrian -1 -1 -10 769.000000 173.000000 794.000000 239.000000 1.769333 0.583993 0.613010 3.387100 1.385665 14.431203 -1.348573 0.023461
Pedestrian -1 -1 -10 772.000000 168.000000 800.000000 206.000000 1.801081 0.599017 0.754251 10.179557 1.675708 40.529787 1.825685 0.012707
Car -1 -1 -10 339.000000 188.000000 504.000000 293.000000 1.539048 1.587791 3.713567 -3.120270 1.931845 12.164918 1.772053 0.999310
Car -1 -1 -10 599.000000 178.000000 649.000000 210.000000 1.534378 1.573108 3.745936 0.701591 1.752418 35.999296 2.016637 0.998822
Car -1 -1 -10 623.000000 173.000000 665.000000 207.000000 1.542138 1.566373 3.678645 0.830960 1.913552 35.763323 2.061103 0.848754
Car -1 -1 -10 442.000000 173.000000 508.000000 209.000000 1.446073 1.586575 3.766976 -5.754151 1.507055 32.182600 -1.687683 0.774020
Car -1 -1 -10 654.000000 174.000000 692.000000 201.000000 1.530952 1.592857 3.812580 4.183602 2.205575 48.403559 1.805089 0.123802
Car -1 -1 -10 758.000000 171.000000 805.000000 196.000000 1.548111 1.612331 3.852066 10.356712 1.732832 46.438720 -1.329017 0.055576
Car -1 -1 -10 772.000000 168.000000 800.000000 206.000000 1.540587 1.616985 3.664987 10.715974 1.874698 45.946414 -1.308378 0.016563
Car -1 -1 -10 752.000000 170.000000 810.000000 234.000000 1.522810 1.569235 3.570786 3.409206 1.582852 15.427878 -1.270525 0.016029
Cyclist -1 -1 -10 766.000000 164.000000 819.000000 288.000000 1.690579 0.587487 0.732444 2.742531 1.779788 10.751300 -1.275959 0.999078
Cyclist -1 -1 -10 751.000000 170.000000 792.000000 256.000000 1.640213 0.598864 0.707005 3.072906 1.840926 14.067673 -1.323036 0.947566
Cyclist -1 -1 -10 758.000000 170.000000 806.000000 224.000000 1.490346 1.615676 3.415469 0.822612 1.712189 7.089733 1.882351 0.186362
Cyclist -1 -1 -10 769.000000 173.000000 794.000000 239.000000 1.527997 1.553053 3.363039 0.751124 1.673836 6.677079 1.868463 0.071078
Cyclist -1 -1 -10 772.000000 168.000000 800.000000 206.000000 1.513480 1.527571 3.353863 9.045686 1.332501 36.077041 -1.370456 0.022437
