Car -1 -1 -10 511.000000 176.000000 562.000000 209.000000 1.482373 1.576646 3.744411 -3.446594 1.757458 34.221779 1.611557 0.999537
Car -1 -1 -10 0.000000 195.000000 321.000000 374.000000 1.494518 1.608451 3.666215 -4.592296 1.885415 7.112417 1.498833 0.999172
Car -1 -1 -10 715.000000 172.000000 784.000000 224.000000 1.462661 1.530040 3.820764 5.016173 1.559291 23.603471 -1.496678 0.989578
Car -1 -1 -10 737.000000 178.000000 816.000000 241.000000 1.452449 1.522789 3.714885 4.595870 1.699278 18.004804 -1.439541 0.988866
Car -1 -1 -10 702.000000 172.000000 750.000000 211.000000 1.429564 1.536317 3.570272 4.850678 1.555524 28.864554 -1.432128 0.835136
Car -1 -1 -10 766.000000 157.000000 972.000000 287.000000 1.524196 1.610804 4.107273 4.208272 1.436316 11.675833 -1.659454 0.818406
Car -1 -1 -10 537.000000 175.000000 574.000000 203.000000 1.497170 1.525455 3.589062 -3.469154 1.776048 37.052397 -1.625741 0.584824
Car -1 -1 -10 695.000000 172.000000 729.000000 204.000000 1.505542 1.621063 3.737576 5.230715 1.417691 34.197180 -1.397841 0.557743
Car -1 -1 -10 175.000000 194.000000 314.000000 292.000000 1.470559 1.605764 3.708544 -4.437094 1.714972 7.741093 1.629869 0.206826
Cyclist -1 -1 -10 175.000000 194.000000 314.000000 292.000000 1.656944 0.576616 0.608431 -3.743638 1.996159 7.519569 -2.041536 0.014807
