Car -1 -1 -10 642.000000 186.000000 699.000000 225.000000 1.451662 1.576591 3.843790 2.579856 2.070708 27.972111 -1.606025 0.997164
Car -1 -1 -10 820.000000 183.000000 1001.000000 253.000000 1.522309 1.668642 4.019194 6.746071 1.737113 15.945248 -2.230924 0.993385
Car -1 -1 -10 304.000000 189.000000 465.000000 239.000000 1.460262 1.607287 3.924828 -6.500167 1.976293 24.379029 0.734957 0.971669
Car -1 -1 -10 -3.000000 198.000000 259.000000 337.000000 1.533886 1.611764 3.766323 -6.353450 1.829684 8.622174 -2.743665 0.823071
Car -1 -1 -10 250.000000 190.000000 413.000000 253.000000 1.516424 1.597174 3.733982 -6.266710 2.044208 17.770566 1.777247 0.697445
Car -1 -1 -10 376.000000 188.000000 488.000000 226.000000 1.464899 1.544171 3.814698 -6.846091 2.135320 29.951067 1.809361 0.692402
Car -1 -1 -10 621.000000 184.000000 666.000000 215.000000 1.511393 1.560888 3.752619 1.932079 2.167791 36.922602 1.507053 0.588461
Car -1 -1 -10 4.000000 200.000000 134.000000 370.000000 1.507988 1.607336 3.814139 -6.334769 1.813598 7.144275 -2.189554 0.575564
Car -1 -1 -10 82.000000 175.000000 402.000000 283.000000 1.523349 1.626292 3.873844 -5.421217 1.508944 12.295417 -2.036098 0.357675
Car -1 -1 -10 434.000000 189.000000 521.000000 215.000000 1.410839 1.599473 3.825928 -6.300406 2.672482 41.036374 1.916969 0.101715
