Pedestrian -1 -1 -10 1216.000000 136.000000 1241.000000 199.000000 1.753752 0.584424 0.609874 18.509000 1.120491 21.308345 -0.873151 0.010496
Car -1 -1 -10 683.000000 179.000000 864.000000 304.000000 1.496968 1.569081 3.985625 2.484115 1.633620 10.567041 -1.465833 0.999299
Car -1 -1 -10 583.000000 170.000000 696.000000 215.000000 1.516941 1.638015 4.111663 0.851278 1.397966 26.628759 1.000092 0.998041
Car -1 -1 -10 852.000000 162.000000 973.000000 211.000000 1.543092 1.617936 3.931441 10.628013 1.088942 25.132903 -0.692540 0.997095
Car -1 -1 -10 931.000000 164.000000 1031.000000 206.000000 1.493854 1.608621 3.791379 14.186171 1.050514 27.374814 2.539300 0.987967
Car -1 -1 -10 756.000000 166.000000 897.000000 220.000000 1.478142 1.671369 3.702977 9.333034 1.054020 23.930309 1.847586 0.964889
Car -1 -1 -10 992.000000 156.000000 1094.000000 201.000000 1.575608 1.609432 3.856881 17.759562 1.041135 29.550088 -0.476403 0.958777
Car -1 -1 -10 727.000000 168.000000 834.000000 218.000000 1.500251 1.677735 3.797398 6.547094 1.181961 29.751747 2.346466 0.311569
Car -1 -1 -10 1098.000000 158.000000 1170.000000 191.000000 1.528965 1.606545 3.788880 25.471228 1.145731 35.283431 -0.898399 0.020304
Cyclist -1 -1 -10 716.000000 179.000000 739.000000 222.000000 1.616665 0.649584 0.520870 5.467716 1.584362 30.260032 1.200597 0.129383
Cyclist -1 -1 -10 717.000000 175.000000 765.000000 223.000000 1.705817 0.449630 1.634607 5.595407 1.690099 28.658639 -1.397717 0.083897
Cyclist -1 -1 -10 734.000000 171.000000 756.000000 221.000000 1.644466 0.594982 0.591490 5.523996 1.626071 28.632250 -1.397501 0.076616
Cyclist -1 -1 -10 721.000000 169.000000 830.000000 216.000000 1.773853 0.494676 1.667178 6.398654 1.486631 28.876942 -1.304541 0.065267
Cyclist -1 -1 -10 728.000000 172.000000 746.000000 226.000000 1.471099 1.527278 3.580906 5.470967 1.362947 30.333113 1.753663 0.029268
Cyclist -1 -1 -10 1216.000000 136.000000 1241.000000 199.000000 1.740242 0.579026 0.639820 18.477870 1.069827 21.388526 -0.877769 0.024648
Cyclist -1 -1 -10 1151.000000 156.000000 1203.000000 203.000000 1.524431 1.583904 3.699935 7.515987 1.899800 11.121054 2.243191 0.023672
