Pedestrian -1 -1 -10 786.000000 133.000000 897.000000 371.000000 1.675614 0.596326 0.725291 1.300463 1.533912 3.823800 -1.211895 0.998776
Pedestrian -1 -1 -10 1042.000000 128.000000 1173.000000 370.000000 1.704236 0.607145 0.750207 3.156725 1.548393 4.208004 -0.908451 0.998561
Pedestrian -1 -1 -10 939.000000 150.000000 1049.000000 367.000000 1.666874 0.596797 0.718743 2.416015 1.618903 4.263868 -1.031759 0.997480
Pedestrian -1 -1 -10 636.000000 144.000000 656.000000 201.000000 1.655032 0.612564 0.623359 1.602484 0.462413 26.420651 -1.508253 0.948413
Pedestrian -1 -1 -10 418.000000 141.000000 449.000000 213.000000 1.705634 0.590333 0.742300 -5.450746 0.665804 21.809040 -1.769195 0.773064
Pedestrian -1 -1 -10 1152.000000 108.000000 1221.000000 368.000000 1.705296 0.588387 0.744964 3.765064 1.561481 4.336866 -0.829015 0.693021
Pedestrian -1 -1 -10 372.000000 136.000000 398.000000 197.000000 1.769333 0.583993 0.613010 -9.263123 1.527368 31.080630 -1.882986 0.376559
Pedestrian -1 -1 -10 303.000000 139.000000 343.000000 225.000000 1.609730 0.631834 0.552105 -6.520707 1.292009 16.194214 -1.926424 0.273112
Pedestrian -1 -1 -10 351.000000 139.000000 377.000000 199.000000 1.682479 0.601852 0.726107 -10.708391 0.876365 30.650755 -1.864566 0.192327
Pedestrian -1 -1 -10 967.000000 149.000000 1131.000000 370.000000 1.717570 0.608027 0.748594 2.831722 1.550909 4.378004 -0.973416 0.119644
Pedestrian -1 -1 -10 552.000000 144.000000 564.000000 185.000000 1.634758 0.618797 0.702071 -1.968903 0.289545 29.954070 -1.625327 0.101310
Pedestrian -1 -1 -10 431.000000 142.000000 452.000000 198.000000 1.769333 0.583993 0.613010 -7.215335 1.291241 34.240411 -1.808651 0.080042
Pedestrian -1 -1 -10 416.000000 141.000000 436.000000 189.000000 1.690283 0.599923 0.552976 -8.406270 1.466416 31.834387 -1.818796 0.047200
Pedestrian -1 -1 -10 361.000000 141.000000 388.000000 201.000000 1.769333 0.583993 0.613010 -6.789630 0.046684 22.347599 -1.896453 0.038317
Cyclist -1 -1 -10 299.000000 141.000000 344.000000 226.000000 1.390550 1.636513 3.889881 -6.611302 0.742060 17.114969 1.169864 0.786985
Cyclist -1 -1 -10 411.000000 143.000000 462.000000 216.000000 1.706462 0.590696 0.748979 -5.418291 0.863937 21.923053 -1.773232 0.634623
Cyclist -1 -1 -10 342.000000 142.000000 376.000000 211.000000 1.618378 0.576781 0.640380 -7.416290 0.264160 21.573945 -1.889223 0.330026
Cyclist -1 -1 -10 311.000000 141.000000 378.000000 220.000000 1.664441 0.551796 1.718908 -7.744980 0.561965 20.630421 0.692966 0.185933
Cyclist -1 -1 -10 329.000000 144.000000 352.000000 205.000000 1.641933 0.579279 0.619828 -11.345234 0.936266 30.562844 -1.924998 0.179642
Cyclist -1 -1 -10 369.000000 137.000000 399.000000 202.000000 1.711729 0.579768 0.625247 -9.080207 1.447970 31.003285 -1.888224 0.163175
Cyclist -1 -1 -10 426.000000 141.000000 453.000000 205.000000 1.685980 0.583277 0.631717 -5.053974 0.374794 22.326994 -1.808877 0.132803
Cyclist -1 -1 -10 418.000000 143.000000 443.000000 207.000000 1.665580 0.595186 0.696902 -5.575620 0.352546 21.909431 -1.793725 0.130968
Cyclist -1 -1 -10 362.000000 141.000000 386.000000 202.000000 1.584622 1.314593 3.350356 -5.874683 1.301892 15.785191 1.214573 0.098299
Cyclist -1 -1 -10 268.000000 146.000000 313.000000 199.000000 1.398751 1.541939 3.537759 -9.985539 0.456906 24.471702 0.631217 0.061474
Cyclist -1 -1 -10 1150.000000 105.000000 1222.000000 363.000000 1.685495 0.577548 0.742609 3.775839 1.491427 4.357733 -0.837718 0.020845
Cyclist -1 -1 -10 415.000000 140.000000 433.000000 190.000000 1.398226 1.607057 3.783227 -8.453766 1.243932 31.912907 1.341931 0.016462
