Pedestrian -1 -1 -10 789.000000 170.000000 858.000000 370.000000 1.612421 0.615024 0.671526 2.003132 1.807979 5.890953 -1.240334 0.989708
Pedestrian -1 -1 -10 410.000000 188.000000 440.000000 264.000000 1.590966 0.600030 0.578449 -3.557769 2.033600 13.450717 -1.788320 0.187904
Pedestrian -1 -1 -10 385.000000 187.000000 455.000000 265.000000 1.637784 0.647222 0.566599 -3.693724 2.094500 13.808793 1.784684 0.037225
Pedestrian -1 -1 -10 815.000000 189.000000 921.000000 363.000000 1.608499 0.608511 0.596953 2.083585 1.809198 5.288280 1.350759 0.030382
Pedestrian -1 -1 -10 790.000000 187.000000 1159.000000 376.000000 1.441244 1.630171 3.921458 2.209426 1.550931 5.670658 1.514891 0.024782
Pedestrian -1 -1 -10 770.000000 176.000000 839.000000 266.000000 1.602179 0.603189 0.582371 1.961257 1.559676 6.197375 -1.297236 0.013037
Car -1 -1 -10 828.000000 183.000000 1128.000000 376.000000 1.440583 1.602261 3.784086 2.725321 1.540805 6.016572 1.555642 0.998539
Car -1 -1 -10 763.000000 178.000000 824.000000 229.000000 1.418273 1.569890 3.763107 6.226088 1.701985 23.590023 -1.371326 0.984176
Car -1 -1 -10 351.000000 189.000000 481.000000 259.000000 1.490046 1.613811 3.770096 -4.166529 1.785544 16.394103 -1.792051 0.961164
Car -1 -1 -10 790.000000 191.000000 918.000000 358.000000 1.455227 1.546232 3.689430 2.724155 1.624259 6.092378 1.302178 0.089066
Car -1 -1 -10 751.000000 168.000000 789.000000 208.000000 1.595237 1.580606 3.978084 8.789552 1.486614 40.037175 -1.369444 0.047702
Car -1 -1 -10 772.000000 183.000000 860.000000 237.000000 1.517840 1.564674 3.687915 6.404455 1.604724 23.774452 1.876615 0.013662
Cyclist -1 -1 -10 788.000000 181.000000 865.000000 362.000000 1.667976 0.609070 0.657611 1.992727 1.750194 5.862334 -1.256751 0.367872
Cyclist -1 -1 -10 770.000000 176.000000 839.000000 266.000000 1.656217 0.580880 0.619450 1.920807 1.650852 6.149055 -1.312089 0.018494
