Pedestrian -1 -1 -10 878.000000 156.000000 888.000000 181.000000 1.505101 1.552921 3.745964 4.636058 1.923449 14.956460 1.966595 0.019749
Car -1 -1 -10 648.000000 178.000000 793.000000 278.000000 1.495588 1.575428 3.830362 2.106873 1.584095 13.036570 -1.501805 0.998684
Car -1 -1 -10 566.000000 172.000000 666.000000 214.000000 1.465649 1.654662 4.054640 0.147588 1.517016 28.682820 -0.521058 0.997792
Car -1 -1 -10 811.000000 163.000000 920.000000 207.000000 1.579985 1.624479 3.881886 9.664406 1.211781 27.475086 -0.740113 0.997644
Car -1 -1 -10 888.000000 166.000000 970.000000 202.000000 1.505026 1.598408 3.753129 13.347230 1.134441 30.117898 2.509843 0.990039
Car -1 -1 -10 942.000000 157.000000 1030.000000 198.000000 1.576684 1.601896 3.870121 17.031661 1.099154 32.857029 -0.510523 0.969210
Car -1 -1 -10 712.000000 169.000000 856.000000 213.000000 1.512772 1.618538 3.946504 6.299907 1.203619 24.926293 2.356165 0.906860
Car -1 -1 -10 713.000000 171.000000 790.000000 207.000000 1.489268 1.579717 3.762533 5.930491 1.172852 32.371771 2.270039 0.050092
Cyclist -1 -1 -10 678.000000 178.000000 696.000000 208.000000 1.623813 0.583646 0.622448 3.516677 1.634819 34.207251 -1.454796 0.084637
Cyclist -1 -1 -10 684.000000 175.000000 705.000000 214.000000 1.472516 1.575818 3.752295 4.221051 1.589906 33.922876 1.164699 0.020145
Cyclist -1 -1 -10 700.000000 170.000000 745.000000 209.000000 1.483055 1.607813 3.730116 5.264780 1.423271 31.372493 -1.366326 0.016107
