Pedestrian -1 -1 -10 167.000000 164.000000 234.000000 338.000000 1.680578 0.608639 0.754165 -4.217450 1.707493 7.734371 -2.036372 0.997313
Pedestrian -1 -1 -10 795.000000 153.000000 857.000000 319.000000 1.692852 0.612357 0.760167 2.554667 1.546873 7.944157 -1.227452 0.997250
Pedestrian -1 -1 -10 1012.000000 137.000000 1143.000000 362.000000 1.707201 0.604648 0.760956 3.695882 1.578591 5.627828 -0.941795 0.995968
Pedestrian -1 -1 -10 518.000000 167.000000 541.000000 231.000000 1.704856 0.599148 0.752798 -2.010463 1.546736 20.007386 -1.625633 0.989753
Pedestrian -1 -1 -10 59.000000 174.000000 136.000000 304.000000 1.713881 0.599533 0.779756 -7.051118 1.918201 10.080607 -2.141881 0.940130
Pedestrian -1 -1 -10 613.000000 166.000000 637.000000 231.000000 1.638136 0.616914 0.697081 0.790422 1.461458 20.749162 -1.499168 0.909341
Pedestrian -1 -1 -10 600.000000 164.000000 622.000000 230.000000 1.693420 0.593144 0.672329 0.566415 1.430986 21.436087 0.585057 0.731325
Pedestrian -1 -1 -10 768.000000 183.000000 795.000000 260.000000 1.651054 0.604548 0.644668 3.461945 1.830455 13.437887 0.786540 0.525513
Pedestrian -1 -1 -10 0.000000 191.000000 44.000000 360.000000 1.630374 0.598384 0.650194 -3.922266 1.817821 4.820447 -2.228574 0.520385
Pedestrian -1 -1 -10 120.000000 159.000000 155.000000 264.000000 1.699696 0.599131 0.732419 -7.722547 1.513165 12.364967 1.481593 0.499737
Pedestrian -1 -1 -10 107.000000 156.000000 186.000000 268.000000 1.736177 0.594295 0.726804 -7.614175 1.679662 11.422565 1.511654 0.211614
Pedestrian -1 -1 -10 133.000000 155.000000 170.000000 256.000000 1.751099 0.605763 0.734767 -7.773009 1.545416 12.837422 -0.014803 0.181317
Pedestrian -1 -1 -10 103.000000 163.000000 145.000000 278.000000 1.672765 0.595420 0.709907 -6.981926 1.852642 10.059758 -2.125382 0.148728
Pedestrian -1 -1 -10 737.000000 180.000000 761.000000 230.000000 1.720463 0.605378 0.586694 5.361908 1.563406 24.365603 -1.382334 0.066231
Pedestrian -1 -1 -10 173.000000 168.000000 211.000000 267.000000 1.671482 0.594671 0.715618 -7.143201 1.615923 12.802302 -2.029852 0.062087
Pedestrian -1 -1 -10 177.000000 168.000000 201.000000 233.000000 1.769333 0.583993 0.613010 -10.283418 0.873351 17.981297 -2.101997 0.051105
Pedestrian -1 -1 -10 777.000000 180.000000 816.000000 265.000000 1.612226 0.589049 0.652422 3.210241 1.801591 12.787997 -1.257627 0.041497
Car -1 -1 -10 361.000000 158.000000 493.000000 254.000000 1.683936 1.654836 3.875270 -3.985154 1.349220 16.394857 1.767467 0.977914
Car -1 -1 -10 437.000000 163.000000 523.000000 228.000000 1.582544 1.537514 3.780566 -3.228799 1.255882 23.046583 1.488689 0.242608
Cyclist -1 -1 -10 0.000000 193.000000 43.000000 361.000000 1.629965 0.595928 0.663108 -3.954567 1.793496 4.828931 -2.230833 0.047069
