Pedestrian -1 -1 -10 331.000000 178.000000 342.000000 211.000000 1.607666 0.599810 0.651171 -15.328023 1.960089 40.557798 -1.902961 0.039926
Pedestrian -1 -1 -10 343.000000 179.000000 353.000000 209.000000 1.604755 0.621311 0.629812 -14.919560 1.948420 41.275954 -1.902033 0.037527
Pedestrian -1 -1 -10 700.000000 159.000000 721.000000 193.000000 1.694096 0.617291 0.678907 5.328812 0.758429 36.400677 0.684708 0.028061
Pedestrian -1 -1 -10 565.000000 166.000000 582.000000 195.000000 1.707177 0.607349 0.746985 -2.038133 1.136203 45.461994 0.491583 0.010016
Car -1 -1 -10 497.000000 175.000000 546.000000 210.000000 1.485088 1.574243 3.655008 -3.813273 1.196984 31.149523 -1.607224 0.998985
Car -1 -1 -10 1071.000000 134.000000 1225.000000 199.000000 1.549508 1.650383 3.743495 8.081889 1.827537 12.048877 -0.998789 0.850759
Cyclist -1 -1 -10 632.000000 162.000000 671.000000 197.000000 1.732599 0.629724 0.863584 2.599337 0.972758 39.506656 -1.491711 0.997885
Cyclist -1 -1 -10 353.000000 175.000000 384.000000 218.000000 1.710521 0.560251 0.751666 -10.328223 1.723431 30.286081 -1.832256 0.988048
Cyclist -1 -1 -10 696.000000 160.000000 727.000000 194.000000 1.767310 0.669441 0.728920 5.394206 0.837251 36.427637 -1.439037 0.699295
Cyclist -1 -1 -10 559.000000 169.000000 588.000000 194.000000 1.670420 0.594277 1.682009 -2.128639 1.052675 45.852385 -1.639316 0.101024
