Pedestrian -1 -1 -10 1023.000000 146.000000 1077.000000 291.000000 1.691448 0.581613 0.722281 5.382389 1.555127 8.696399 1.104476 0.965984
Pedestrian -1 -1 -10 457.000000 169.000000 478.000000 225.000000 1.671264 0.603023 0.726468 -4.182267 1.487698 22.941391 0.354717 0.924532
Pedestrian -1 -1 -10 535.000000 180.000000 554.000000 225.000000 1.565180 0.615120 0.584148 -1.819206 1.669832 23.106933 -1.623239 0.188877
Pedestrian -1 -1 -10 515.000000 181.000000 535.000000 227.000000 1.650364 0.580639 0.689848 -2.410016 1.796650 22.669117 -1.629798 0.038985
Pedestrian -1 -1 -10 433.000000 165.000000 448.000000 216.000000 1.658835 0.599448 0.521522 -5.157606 1.130798 22.801601 -1.741554 0.017288
Pedestrian -1 -1 -10 528.000000 180.000000 544.000000 225.000000 1.579604 0.604039 0.569670 -2.081778 1.673581 23.171178 -1.622398 0.013742
Car -1 -1 -10 690.000000 162.000000 781.000000 238.000000 1.522450 1.570997 3.912933 3.730666 1.148543 19.277108 -1.522566 0.995674
Car -1 -1 -10 1009.000000 225.000000 1239.000000 364.000000 1.481554 1.663181 3.610296 3.267161 1.659104 3.885496 2.186998 0.018338
Cyclist -1 -1 -10 1021.000000 147.000000 1079.000000 293.000000 1.672609 0.567448 0.722419 5.388599 1.486770 8.701889 -0.965663 0.326187
Cyclist -1 -1 -10 456.000000 171.000000 481.000000 224.000000 1.622898 0.636213 0.659794 -4.170255 1.518794 23.098833 -1.722553 0.244358
Cyclist -1 -1 -10 462.000000 179.000000 489.000000 215.000000 1.664942 0.645487 0.578647 -5.049211 1.685972 29.482578 1.864341 0.011811
