Pedestrian -1 -1 -10 708.000000 169.000000 719.000000 197.000000 1.706197 0.591201 0.719742 7.107064 1.711996 48.258473 0.688512 0.240142
Pedestrian -1 -1 -10 668.000000 168.000000 677.000000 196.000000 1.674867 0.606155 0.746630 4.432247 1.817061 48.195705 -1.440708 0.209066
Pedestrian -1 -1 -10 726.000000 170.000000 734.000000 195.000000 1.625255 0.585788 0.602527 7.940028 1.380884 45.154988 -1.386242 0.067784
Car -1 -1 -10 376.000000 180.000000 468.000000 239.000000 1.537106 1.599125 3.670382 -5.039699 1.814292 19.655384 1.760702 0.999371
Car -1 -1 -10 726.000000 179.000000 859.000000 262.000000 1.435244 1.581639 3.983071 3.897599 1.658097 14.558232 -1.512327 0.997347
Car -1 -1 -10 787.000000 183.000000 1027.000000 330.000000 1.465036 1.593530 4.031588 3.682113 1.574340 8.926254 -1.653751 0.997308
Car -1 -1 -10 432.000000 177.000000 501.000000 225.000000 1.499624 1.561658 3.728364 -4.761907 1.720753 24.037635 1.557838 0.995711
Car -1 -1 -10 709.000000 177.000000 785.000000 231.000000 1.428539 1.565670 3.824828 4.175427 1.634191 20.032223 -1.499123 0.995052
Car -1 -1 -10 932.000000 196.000000 1248.000000 376.000000 1.433003 1.587308 3.892540 3.760632 1.677253 3.873655 1.561132 0.991121
Car -1 -1 -10 1083.000000 170.000000 1233.000000 238.000000 1.466311 1.550604 3.703313 12.554397 1.119351 17.089706 -0.927061 0.522045
Car -1 -1 -10 4.000000 221.000000 136.000000 371.000000 1.519963 1.599186 3.704473 -4.947520 1.950667 5.528961 -2.168006 0.330547
