Car -1 -1 -10 415.000000 189.000000 477.000000 230.000000 1.532992 1.600204 3.720135 -6.225996 2.164400 27.726121 1.687782 0.998078
Car -1 -1 -10 652.000000 175.000000 703.000000 212.000000 1.451824 1.561012 3.985205 3.051582 1.521037 30.497946 1.263422 0.987626
Car -1 -1 -10 450.000000 187.000000 501.000000 220.000000 1.488048 1.604041 3.714947 -6.209556 2.224770 32.912862 1.796615 0.986761
Car -1 -1 -10 131.000000 200.000000 209.000000 234.000000 1.511455 1.657261 3.890702 -20.836845 2.786421 34.240217 1.614358 0.963448
Car -1 -1 -10 84.000000 204.000000 157.000000 236.000000 1.447164 1.591171 3.963783 -22.971402 2.978436 34.810049 0.386461 0.886628
Car -1 -1 -10 29.000000 206.000000 115.000000 240.000000 1.480397 1.637027 3.866470 -25.578673 3.021994 35.093095 -1.572794 0.612767
Car -1 -1 -10 189.000000 200.000000 258.000000 233.000000 1.556164 1.615622 3.885256 -18.565259 2.833592 33.784636 -2.042163 0.534658
Car -1 -1 -10 -1.000000 216.000000 80.000000 372.000000 1.480176 1.624431 3.662319 -5.696091 2.272562 6.834354 -2.195595 0.310262
Car -1 -1 -10 481.000000 179.000000 519.000000 209.000000 1.452243 1.550056 3.736149 -6.205739 1.922541 36.785410 1.470105 0.149569
Car -1 -1 -10 0.000000 199.000000 29.000000 241.000000 1.499896 1.607967 3.721372 -31.051532 3.674345 38.681701 0.835439 0.012814
