Pedestrian -1 -1 -10 270.000000 158.000000 316.000000 283.000000 1.709494 0.610682 0.738329 -4.629619 1.600186 10.812861 0.125243 0.996989
Pedestrian -1 -1 -10 1084.000000 44.000000 1123.000000 180.000000 1.818500 0.672833 0.863034 3.362109 1.618202 5.773621 2.193514 0.808034
Pedestrian -1 -1 -10 436.000000 184.000000 478.000000 276.000000 1.630189 0.595093 0.630799 -2.329623 1.832501 11.013827 -1.721309 0.385093
Pedestrian -1 -1 -10 394.000000 188.000000 439.000000 274.000000 1.641005 0.575525 0.680772 -2.780279 1.775039 10.738523 -1.775752 0.158667
Pedestrian -1 -1 -10 452.000000 184.000000 477.000000 241.000000 1.629007 0.579143 0.563080 -5.540778 1.554441 26.553318 1.853102 0.061487
Pedestrian -1 -1 -10 397.000000 190.000000 428.000000 245.000000 1.691437 0.572346 0.598685 -5.917241 1.805440 20.966071 1.792076 0.058780
Pedestrian -1 -1 -10 1099.000000 67.000000 1155.000000 182.000000 1.801481 0.665161 0.853687 3.104538 1.391554 5.015337 -0.960073 0.058751
Pedestrian -1 -1 -10 411.000000 188.000000 468.000000 269.000000 1.639141 0.588253 0.568010 -2.730356 1.488046 12.829219 -1.763493 0.036606
Pedestrian -1 -1 -10 1121.000000 85.000000 1167.000000 174.000000 1.775542 0.663871 0.827914 2.774708 1.074467 4.089143 -0.952263 0.034226
Pedestrian -1 -1 -10 427.000000 189.000000 458.000000 246.000000 1.604013 0.589766 0.578137 -5.493069 1.671458 23.623564 -1.760434 0.030374
Car -1 -1 -10 771.000000 138.000000 1102.000000 360.000000 1.592232 1.610268 4.089797 3.443648 1.288272 7.568153 -1.632495 0.992869
Car -1 -1 -10 3.000000 221.000000 160.000000 368.000000 1.463156 1.663957 3.472713 -3.947388 1.504855 4.238175 1.021670 0.010616
Cyclist -1 -1 -10 374.000000 191.000000 425.000000 239.000000 1.657750 0.600643 0.579692 -5.610182 1.774000 18.914652 -1.798738 0.013209
Cyclist -1 -1 -10 392.000000 190.000000 440.000000 271.000000 1.495612 1.638207 3.563787 -2.304017 1.830187 5.897421 1.393263 0.012098
