Car -1 -1 -10 102.000000 190.000000 315.000000 306.000000 1.620023 1.677111 3.834340 -6.713013 1.769614 12.303941 -1.554530 0.999321
Car -1 -1 -10 667.000000 181.000000 729.000000 239.000000 1.537425 1.651032 3.850396 2.934201 1.535295 22.438609 -1.411804 0.999309
Car -1 -1 -10 305.000000 192.000000 403.000000 249.000000 1.590162 1.623475 3.739875 -7.343794 1.729329 20.724287 -1.406034 0.997194
Car -1 -1 -10 9.000000 206.000000 148.000000 263.000000 1.434569 1.602542 3.705307 -14.916218 2.253121 20.955099 -2.174525 0.465629
Car -1 -1 -10 82.000000 198.000000 247.000000 279.000000 1.527608 1.620497 3.661611 -11.054457 2.127826 16.546374 -2.091451 0.228396
Car -1 -1 -10 0.000000 213.000000 75.000000 299.000000 1.430873 1.644200 3.529452 -3.265500 1.004218 3.331233 0.976940 0.088802
Car -1 -1 -10 268.000000 189.000000 320.000000 223.000000 1.383054 1.646799 3.789011 -16.006223 1.814154 38.178787 1.153229 0.047890
Car -1 -1 -10 351.000000 191.000000 402.000000 221.000000 1.564191 1.634554 3.849298 -13.284088 1.566826 42.462735 1.278267 0.047454
Car -1 -1 -10 214.000000 192.000000 275.000000 241.000000 1.611176 1.644922 3.457409 -4.698712 1.674721 7.355169 1.125677 0.018981
Car -1 -1 -10 241.000000 197.000000 300.000000 225.000000 1.503852 1.658971 3.622495 -16.506285 1.820357 38.656323 -1.989582 0.012737
Car -1 -1 -10 291.000000 196.000000 344.000000 230.000000 1.424905 1.607694 3.706822 -12.541831 2.013489 30.324002 -1.896612 0.010522
