Pedestrian -1 -1 -10 816.000000 146.000000 854.000000 249.000000 1.616437 0.600650 0.643795 4.733606 1.088859 15.024150 -1.253293 0.939486
Pedestrian -1 -1 -10 852.000000 144.000000 886.000000 243.000000 1.625587 0.623347 0.693889 5.246116 1.168389 14.841404 -1.209180 0.507491
Pedestrian -1 -1 -10 770.000000 165.000000 918.000000 262.000000 1.672548 0.595601 0.587856 4.637215 1.376787 14.805993 -1.269295 0.016671
Pedestrian -1 -1 -10 837.000000 148.000000 868.000000 249.000000 1.584184 0.607187 0.593034 5.099256 1.011335 14.795025 -1.234992 0.010290
Pedestrian -1 -1 -10 1037.000000 147.000000 1058.000000 192.000000 1.769332 0.583993 0.613010 14.628833 0.536927 23.809037 -1.036322 0.010259
Car -1 -1 -10 58.000000 194.000000 298.000000 324.000000 1.492478 1.607531 3.696705 -6.100684 1.953481 10.357299 1.504868 0.997518
Car -1 -1 -10 748.000000 180.000000 938.000000 302.000000 1.453784 1.593462 3.974265 3.476797 1.449678 10.183230 1.481969 0.997175
Car -1 -1 -10 841.000000 185.000000 1232.000000 372.000000 1.459453 1.585528 3.907746 3.347445 1.553961 4.172870 1.481304 0.990410
Car -1 -1 -10 289.000000 173.000000 409.000000 222.000000 1.616082 1.687354 3.932172 -12.272837 1.819159 35.051934 -3.056975 0.900268
Car -1 -1 -10 1.000000 209.000000 95.000000 374.000000 1.499644 1.610514 3.721670 -6.100101 1.929436 6.790025 -2.193903 0.832336
Car -1 -1 -10 156.000000 193.000000 244.000000 226.000000 1.474041 1.616135 3.777995 -19.274212 2.380893 34.974299 0.565572 0.089505
Car -1 -1 -10 1024.000000 155.000000 1129.000000 187.000000 1.486299 1.640973 3.579856 20.607558 0.830677 34.886673 2.146415 0.073773
Car -1 -1 -10 780.000000 164.000000 904.000000 268.000000 1.551197 1.613649 3.700497 5.176058 0.969290 15.846024 -1.244955 0.019490
Cyclist -1 -1 -10 802.000000 159.000000 865.000000 236.000000 1.757476 0.603249 0.655236 4.954779 0.992363 15.813553 -1.266213 0.577083
Cyclist -1 -1 -10 770.000000 165.000000 918.000000 262.000000 1.626192 0.600061 0.609596 4.900827 1.167988 15.012747 -1.265319 0.276690
Cyclist -1 -1 -10 811.000000 164.000000 835.000000 232.000000 1.747723 0.579419 0.641885 6.563316 1.604287 22.545868 -1.299945 0.038915
Cyclist -1 -1 -10 847.000000 147.000000 891.000000 243.000000 1.766815 0.494181 1.606504 5.383774 1.130336 14.995113 -1.206735 0.029385
