Car -1 -1 -10 801.000000 183.000000 1226.000000 373.000000 1.482586 1.603613 4.032364 3.131455 1.522132 5.565286 1.591687 0.996986
Car -1 -1 -10 635.000000 177.000000 671.000000 205.000000 1.464676 1.574995 3.810744 2.671838 1.809927 39.429329 -1.551703 0.995459
Car -1 -1 -10 738.000000 180.000000 891.000000 236.000000 1.414494 1.582038 4.046030 6.049197 1.649727 21.112230 -0.211304 0.986392
Car -1 -1 -10 140.000000 180.000000 398.000000 264.000000 1.543357 1.580610 3.887668 -5.942594 1.637317 14.050285 1.610519 0.982132
Car -1 -1 -10 -8.000000 174.000000 295.000000 309.000000 1.512737 1.597510 3.955119 -5.858546 1.544292 8.571027 0.448765 0.977286
Car -1 -1 -10 790.000000 182.000000 959.000000 255.000000 1.458416 1.618779 4.120188 5.829857 1.651387 15.519957 1.409470 0.959557
Car -1 -1 -10 260.000000 166.000000 457.000000 239.000000 1.578559 1.581974 3.810336 -6.473100 1.551161 20.478756 -3.091972 0.945620
Car -1 -1 -10 3.000000 175.000000 148.000000 365.000000 1.475277 1.639753 3.827839 -5.614070 1.735578 6.676985 1.023940 0.599971
Car -1 -1 -10 413.000000 176.000000 517.000000 210.000000 1.506955 1.713807 3.960892 -6.351865 1.417353 34.974207 1.982049 0.517402
Car -1 -1 -10 724.000000 174.000000 832.000000 225.000000 1.483951 1.636199 3.993006 5.256283 1.509662 24.671679 1.754139 0.308716
Car -1 -1 -10 863.000000 174.000000 1152.000000 311.000000 1.544306 1.715200 4.071046 6.108316 1.365886 11.191627 -2.178302 0.295967
Car -1 -1 -10 832.000000 179.000000 1036.000000 280.000000 1.449431 1.537260 3.991074 5.736439 1.556571 11.839649 1.482534 0.185500
Cyclist -1 -1 -10 539.000000 174.000000 556.000000 209.000000 1.629323 0.588416 0.687860 -2.961594 1.900940 34.954558 -1.626187 0.715721
