Car -1 -1 -10 632.000000 178.000000 700.000000 229.000000 1.427715 1.578143 3.849592 1.991869 1.665356 23.240118 -1.602090 0.999233
Car -1 -1 -10 614.000000 174.000000 652.000000 205.000000 1.551889 1.607023 3.797461 1.340374 1.909153 37.916601 -1.530978 0.980501
Car -1 -1 -10 856.000000 172.000000 1238.000000 354.000000 1.553648 1.653910 4.072646 4.906721 1.618636 8.151934 1.572407 0.947994
Car -1 -1 -10 185.000000 182.000000 448.000000 248.000000 1.438078 1.611321 4.256981 -6.789867 1.407398 18.333094 2.217509 0.815201
Car -1 -1 -10 1074.000000 203.000000 1241.000000 371.000000 1.474963 1.545198 3.784143 4.934607 1.947879 5.491508 1.675324 0.668844
Car -1 -1 -10 439.000000 179.000000 497.000000 210.000000 1.466926 1.523530 3.628204 -6.611909 1.664745 32.346213 -1.245570 0.621593
Car -1 -1 -10 1.000000 179.000000 108.000000 369.000000 1.479362 1.646682 3.738900 -6.050812 1.891784 6.521824 -2.163774 0.543693
Car -1 -1 -10 318.000000 182.000000 450.000000 260.000000 1.518066 1.586830 3.823304 -6.181064 1.867464 17.327210 1.718861 0.049060
Car -1 -1 -10 892.000000 168.000000 1171.000000 281.000000 1.533920 1.623208 3.801080 5.914060 0.968093 10.402729 2.086748 0.016383
Car -1 -1 -10 304.000000 181.000000 413.000000 232.000000 1.462250 1.560860 3.760596 -7.057375 1.389728 20.291606 1.225157 0.013368
Car -1 -1 -10 389.000000 181.000000 483.000000 214.000000 1.497848 1.655941 3.631791 -7.494472 2.085049 34.494801 -1.794204 0.011241
Cyclist -1 -1 -10 369.000000 178.000000 442.000000 289.000000 1.692856 0.570593 0.744315 -3.151678 1.997112 11.607389 -1.785479 0.999464
Cyclist -1 -1 -10 399.000000 186.000000 447.000000 232.000000 1.681944 0.512747 1.598829 -5.663403 1.966959 20.155884 -1.834603 0.131027
Cyclist -1 -1 -10 293.000000 182.000000 432.000000 243.000000 1.500049 1.532294 3.808387 -6.460321 1.780025 17.735286 1.761311 0.079584
