Pedestrian -1 -1 -10 728.000000 153.000000 739.000000 209.000000 1.636546 0.601350 0.615587 5.212794 0.869495 30.299264 -1.395755 0.196498
Pedestrian -1 -1 -10 742.000000 156.000000 755.000000 207.000000 1.622053 0.609352 0.582295 5.798876 0.916288 30.352417 -1.369376 0.185547
Car -1 -1 -10 391.000000 177.000000 468.000000 229.000000 1.548036 1.565110 3.682563 -5.857044 1.814277 23.095484 1.761244 0.998761
Car -1 -1 -10 777.000000 173.000000 1074.000000 346.000000 1.463471 1.598886 4.004899 3.567645 1.474861 8.111215 1.472433 0.998726
Car -1 -1 -10 695.000000 172.000000 798.000000 239.000000 1.509203 1.606294 3.796624 3.247221 1.404656 17.037023 -1.490442 0.997244
Car -1 -1 -10 -2.000000 195.000000 289.000000 370.000000 1.539903 1.646986 3.781809 -5.807210 1.913429 8.745419 -1.577249 0.988777
Car -1 -1 -10 1004.000000 187.000000 1242.000000 373.000000 1.471150 1.565336 3.632537 3.718554 1.504377 3.628759 -0.931935 0.972496
Car -1 -1 -10 433.000000 175.000000 493.000000 216.000000 1.470147 1.530158 3.590982 -5.637168 1.702712 29.252499 -1.709353 0.953490
Car -1 -1 -10 677.000000 170.000000 746.000000 217.000000 1.444249 1.537282 3.785279 3.656520 1.422405 22.533679 -1.552163 0.872619
Car -1 -1 -10 95.000000 177.000000 240.000000 227.000000 1.486939 1.606533 3.879130 -14.500126 1.384493 24.745100 1.033554 0.186373
Car -1 -1 -10 678.000000 172.000000 717.000000 207.000000 1.426592 1.563150 3.632783 3.336598 1.549633 32.103656 -1.444442 0.031465
Car -1 -1 -10 798.000000 160.000000 877.000000 193.000000 1.488404 1.595548 3.799953 12.316743 0.815702 37.344909 1.355642 0.019046
Car -1 -1 -10 162.000000 181.000000 266.000000 222.000000 1.518863 1.633371 3.889840 -14.354536 1.471044 25.126403 -2.095989 0.018498
