Pedestrian -1 -1 -10 752.000000 175.000000 775.000000 255.000000 1.616267 0.605723 0.670456 3.160871 1.878109 15.013875 -1.324128 0.419890
Pedestrian -1 -1 -10 761.000000 167.000000 800.000000 272.000000 1.657839 0.598010 0.734801 2.839204 1.831070 11.734673 -1.284096 0.202733
Pedestrian -1 -1 -10 765.000000 171.000000 790.000000 201.000000 1.632996 0.597138 0.620783 8.804452 1.443730 35.087662 -1.334007 0.030154
Pedestrian -1 -1 -10 762.000000 174.000000 793.000000 223.000000 1.909016 0.672652 0.801099 0.804081 2.075831 7.515370 1.868371 0.022673
Pedestrian -1 -1 -10 775.000000 169.000000 798.000000 235.000000 1.769333 0.583993 0.613010 5.438591 2.365425 20.489571 -1.342017 0.011747
Car -1 -1 -10 389.000000 189.000000 524.000000 279.000000 1.530626 1.578500 3.684103 -2.988666 1.984938 14.260207 1.823444 0.999366
Car -1 -1 -10 609.000000 180.000000 656.000000 211.000000 1.480600 1.556755 3.704277 1.095495 2.024404 37.509902 2.008992 0.996917
Car -1 -1 -10 628.000000 177.000000 674.000000 208.000000 1.504248 1.515426 3.714327 1.369548 2.150390 37.668732 2.078003 0.787791
Car -1 -1 -10 466.000000 176.000000 521.000000 213.000000 1.536061 1.632938 3.876151 -5.504448 1.597193 34.309770 -1.712324 0.123308
Cyclist -1 -1 -10 758.000000 165.000000 801.000000 277.000000 1.683413 0.598724 0.748550 2.835030 1.806519 11.726775 -1.300014 0.995324
Cyclist -1 -1 -10 747.000000 173.000000 779.000000 253.000000 1.627939 0.593076 0.692226 3.208190 1.812638 15.150859 -1.327360 0.615670
Cyclist -1 -1 -10 762.000000 172.000000 788.000000 248.000000 1.632854 0.593101 0.686032 3.167854 1.800741 15.086913 -1.318069 0.014724
Cyclist -1 -1 -10 775.000000 169.000000 798.000000 235.000000 1.752813 0.579793 0.644046 5.384047 2.308509 20.554878 -1.347217 0.010206
