Pedestrian -1 -1 -10 673.000000 168.000000 702.000000 255.000000 1.683954 0.610229 0.754669 1.734203 1.637470 13.938985 -1.410039 0.994806
Pedestrian -1 -1 -10 707.000000 167.000000 741.000000 256.000000 1.692492 0.611342 0.739333 2.476298 1.590794 14.070338 -1.361542 0.956591
Pedestrian -1 -1 -10 429.000000 171.000000 462.000000 261.000000 1.694045 0.610275 0.756670 -2.923202 1.675487 13.627084 -1.743251 0.901959
Pedestrian -1 -1 -10 749.000000 165.000000 769.000000 208.000000 1.618244 0.653021 0.596207 6.141556 1.147232 26.678372 1.247377 0.061617
Cyclist -1 -1 -10 579.000000 168.000000 613.000000 223.000000 1.702617 0.572423 0.755629 -0.218809 1.500005 23.691056 -1.533343 0.998971
Cyclist -1 -1 -10 606.000000 173.000000 636.000000 212.000000 1.625901 0.610749 0.702500 0.797361 1.473640 31.047315 -1.530379 0.968584
Cyclist -1 -1 -10 565.000000 169.000000 588.000000 214.000000 1.655268 0.621106 0.719606 -1.078343 1.398804 31.253990 -1.591319 0.963992
Cyclist -1 -1 -10 706.000000 167.000000 741.000000 254.000000 1.676901 0.610090 0.755288 2.491356 1.545874 14.070963 -1.370591 0.817769
Cyclist -1 -1 -10 522.000000 172.000000 548.000000 213.000000 1.638190 0.627031 0.702615 -2.712941 1.423319 30.007554 -1.645316 0.695278
Cyclist -1 -1 -10 426.000000 171.000000 463.000000 261.000000 1.682954 0.602078 0.770819 -2.930423 1.637641 13.656465 -1.751831 0.270124
Cyclist -1 -1 -10 716.000000 167.000000 762.000000 234.000000 1.612446 0.584939 0.604427 3.867196 1.726938 18.700807 -1.376692 0.114488
Cyclist -1 -1 -10 820.000000 186.000000 902.000000 341.000000 1.730236 0.540864 1.734475 2.438917 1.836678 6.068150 -1.172058 0.114310
Cyclist -1 -1 -10 732.000000 164.000000 773.000000 221.000000 1.582965 0.586478 0.649102 5.852822 1.099999 24.038590 -1.339714 0.038290
Cyclist -1 -1 -10 727.000000 167.000000 747.000000 222.000000 1.622297 0.595721 0.647860 4.972597 1.091263 26.184331 -1.367374 0.014408
