Car -1 -1 -10 343.000000 185.000000 467.000000 261.000000 1.553156 1.595471 3.711219 -4.622817 1.992319 16.377763 1.734592 0.999516
Car -1 -1 -10 534.000000 178.000000 569.000000 204.000000 1.521860 1.570373 3.778476 -3.402991 1.876193 43.592891 1.583056 0.998538
Car -1 -1 -10 424.000000 184.000000 507.000000 236.000000 1.477026 1.544582 3.686987 -4.293076 2.044386 22.074014 1.791359 0.998301
Car -1 -1 -10 774.000000 187.000000 967.000000 297.000000 1.462014 1.617024 4.150654 4.115714 1.667534 10.768253 1.458399 0.996993
Car -1 -1 -10 882.000000 184.000000 1238.000000 373.000000 1.493139 1.617127 4.062352 4.246132 1.547194 6.122872 -1.611354 0.996034
Car -1 -1 -10 702.000000 179.000000 779.000000 233.000000 1.433721 1.516931 3.815454 4.308712 1.701020 21.994997 -1.539261 0.995867
Car -1 -1 -10 734.000000 181.000000 834.000000 253.000000 1.429804 1.573581 3.891927 4.309900 1.738264 16.949951 -1.477727 0.995217
Car -1 -1 -10 467.000000 183.000000 529.000000 224.000000 1.454135 1.600111 3.726344 -4.041666 2.029328 26.962616 1.827100 0.993112
Car -1 -1 -10 691.000000 178.000000 740.000000 219.000000 1.425115 1.518478 3.624461 4.541589 1.802292 28.624739 -1.499970 0.957085
Car -1 -1 -10 687.000000 177.000000 722.000000 209.000000 1.418877 1.539366 3.622000 4.682180 1.810549 35.062852 -1.429640 0.229771
Car -1 -1 -10 971.000000 178.000000 1086.000000 218.000000 1.514691 1.547259 3.620621 15.527370 1.717404 27.940236 2.123660 0.057064
Cyclist -1 -1 -10 960.000000 183.000000 1071.000000 225.000000 1.660863 0.577470 0.591429 15.379865 1.695107 25.376727 -1.076354 0.025746
