Pedestrian -1 -1 -10 810.000000 164.000000 830.000000 213.000000 1.655718 0.590229 0.719917 7.446160 1.537076 25.367024 -1.244246 0.194039
Pedestrian -1 -1 -10 831.000000 166.000000 852.000000 212.000000 1.606504 0.614129 0.670789 8.276793 1.454065 25.091541 -1.234084 0.173457
Pedestrian -1 -1 -10 786.000000 162.000000 814.000000 218.000000 1.664235 0.637389 0.692904 5.541991 1.604543 20.746004 -1.289962 0.013221
Cyclist -1 -1 -10 1033.000000 127.000000 1228.000000 352.000000 1.703401 0.633596 0.794432 4.578344 1.470686 6.095677 -0.924256 0.999768
Cyclist -1 -1 -10 784.000000 161.000000 817.000000 222.000000 1.656345 0.613965 0.754720 5.534033 1.537177 20.556239 -1.285683 0.998782
Cyclist -1 -1 -10 808.000000 166.000000 831.000000 214.000000 1.821370 0.506520 1.686738 7.414836 1.745318 25.250811 -1.255976 0.307490
Cyclist -1 -1 -10 828.000000 166.000000 852.000000 212.000000 1.620231 0.607617 0.716439 8.325179 1.501749 25.133520 -1.236360 0.277504
Cyclist -1 -1 -10 730.000000 170.000000 748.000000 203.000000 1.613230 0.599548 0.689346 6.622287 1.705949 36.678787 -1.375161 0.180799
Cyclist -1 -1 -10 817.000000 166.000000 840.000000 212.000000 1.681100 0.584273 0.747015 7.527044 1.545391 25.496356 -1.253229 0.072598
Cyclist -1 -1 -10 1049.000000 164.000000 1136.000000 227.000000 1.461980 1.636493 3.628672 1.826150 1.109892 3.575971 2.236797 0.025767
Cyclist -1 -1 -10 1050.000000 149.000000 1230.000000 250.000000 1.496198 1.680417 3.698790 9.116894 1.403974 10.966177 -0.327562 0.016774
