Pedestrian -1 -1 -10 2.000000 181.000000 96.000000 373.000000 1.633816 0.587601 0.682738 -4.277999 1.864958 5.078801 -2.201228 0.015762
Car -1 -1 -10 673.000000 184.000000 764.000000 245.000000 1.456997 1.577674 3.807949 2.931123 1.750399 18.519024 -1.523014 0.999393
Car -1 -1 -10 12.000000 177.000000 371.000000 299.000000 1.561050 1.617731 4.065108 -6.204457 1.605630 11.073521 -3.217282 0.998509
Car -1 -1 -10 745.000000 178.000000 861.000000 227.000000 1.448131 1.617464 3.877642 6.490302 1.635674 24.426322 1.321496 0.975828
Car -1 -1 -10 436.000000 173.000000 532.000000 209.000000 1.464205 1.591647 3.772089 -5.347045 1.508251 33.601842 -1.671148 0.949206
Car -1 -1 -10 308.000000 175.000000 494.000000 233.000000 1.532369 1.622293 3.973808 -5.274564 1.565436 21.669194 0.694635 0.879368
Car -1 -1 -10 693.000000 175.000000 756.000000 207.000000 1.455794 1.575922 3.878922 6.188179 1.288729 38.237326 1.722047 0.629424
Car -1 -1 -10 384.000000 175.000000 508.000000 218.000000 1.451360 1.571429 3.753569 -5.625059 1.534505 30.728408 -1.774436 0.584338
Car -1 -1 -10 218.000000 174.000000 400.000000 250.000000 1.518184 1.608745 3.928423 -6.443419 1.560686 16.257073 0.622226 0.533949
Car -1 -1 -10 0.000000 180.000000 97.000000 370.000000 1.496032 1.610362 3.714118 -5.045206 1.658756 5.508579 -2.193357 0.518834
Car -1 -1 -10 903.000000 -6.000000 1233.000000 371.000000 1.497602 1.553558 3.787243 3.148845 1.249492 2.853590 1.517131 0.271676
