Pedestrian -1 -1 -10 679.000000 160.000000 688.000000 191.000000 1.516190 1.558836 3.727843 0.514698 1.561278 13.252334 1.699968 0.017367
Car -1 -1 -10 654.000000 169.000000 713.000000 214.000000 1.451288 1.587709 3.806195 2.683007 1.254455 25.195138 -1.533495 0.998816
Car -1 -1 -10 419.000000 172.000000 532.000000 253.000000 1.501676 1.581795 3.708343 -2.810443 1.559026 15.658546 1.818511 0.997935
Car -1 -1 -10 8.000000 190.000000 400.000000 372.000000 1.487307 1.600895 3.732342 -2.618116 1.722633 3.806187 1.653267 0.996359
Car -1 -1 -10 543.000000 166.000000 577.000000 193.000000 1.474141 1.523038 3.713583 -2.969869 1.509917 42.504512 -1.655752 0.996300
Car -1 -1 -10 920.000000 190.000000 1253.000000 377.000000 1.452599 1.703887 3.572892 1.682814 1.022518 3.083268 -0.995736 0.909930
Car -1 -1 -10 770.000000 138.000000 1174.000000 371.000000 1.525703 1.611533 4.052498 2.868576 1.396455 6.201901 -1.636904 0.905150
Car -1 -1 -10 637.000000 166.000000 675.000000 198.000000 1.572495 1.636343 3.702383 2.597639 1.713097 37.222614 -1.490729 0.745038
Car -1 -1 -10 -3.000000 198.000000 212.000000 324.000000 1.420233 1.658326 3.570043 -2.452608 0.909131 2.956588 1.014235 0.051908
Car -1 -1 -10 1.000000 200.000000 179.000000 268.000000 1.473011 1.615826 3.361687 -4.983438 1.684263 5.337454 1.018064 0.032053
