Pedestrian -1 -1 -10 914.000000 141.000000 1008.000000 372.000000 1.737963 0.605900 0.683176 2.383256 1.634802 5.386075 1.001776 0.986967
Pedestrian -1 -1 -10 808.000000 171.000000 877.000000 336.000000 1.638271 0.605376 0.700202 2.241761 1.746294 7.031055 -1.224703 0.974440
Pedestrian -1 -1 -10 1079.000000 115.000000 1241.000000 365.000000 1.659176 0.607875 0.724248 2.804507 1.489365 3.400711 -0.885994 0.626708
Pedestrian -1 -1 -10 860.000000 163.000000 1075.000000 357.000000 1.743594 0.657021 0.675607 2.588194 1.678209 5.323273 1.501068 0.333459
Pedestrian -1 -1 -10 936.000000 155.000000 990.000000 299.000000 1.683645 0.575744 0.684441 2.630803 1.545316 5.569257 1.009646 0.123530
Pedestrian -1 -1 -10 34.000000 199.000000 56.000000 249.000000 1.608258 0.607040 0.655222 -14.890596 2.409478 19.260241 -2.205878 0.015557
Pedestrian -1 -1 -10 913.000000 173.000000 999.000000 252.000000 1.769333 0.583993 0.613010 8.984905 2.325620 17.290457 -1.134458 0.013322
Car -1 -1 -10 602.000000 180.000000 630.000000 207.000000 1.541995 1.623094 3.831280 0.357142 1.979390 46.272669 -1.563637 0.999181
Car -1 -1 -10 348.000000 191.000000 414.000000 229.000000 1.482372 1.580545 3.768045 -9.293328 2.358785 30.048952 1.767795 0.996480
Car -1 -1 -10 373.000000 189.000000 420.000000 216.000000 1.495524 1.577496 3.752771 -9.482394 2.155458 29.981872 1.686318 0.061421
Car -1 -1 -10 1002.000000 132.000000 1241.000000 369.000000 1.493550 1.528411 3.548293 3.891128 1.365481 4.309153 -0.950493 0.012497
Cyclist -1 -1 -10 1026.000000 116.000000 1246.000000 374.000000 1.639324 0.609533 0.750067 2.866814 1.512370 3.399378 -0.911259 0.937255
Cyclist -1 -1 -10 803.000000 167.000000 887.000000 339.000000 1.612810 0.604011 0.668662 2.305642 1.685984 6.930737 -1.238570 0.874964
Cyclist -1 -1 -10 870.000000 157.000000 1063.000000 363.000000 1.731382 0.661805 0.673390 2.503848 1.572738 5.484713 1.527709 0.731946
Cyclist -1 -1 -10 913.000000 139.000000 1001.000000 379.000000 1.723889 0.611415 0.693979 2.385719 1.588558 5.300376 -1.086031 0.077145
Cyclist -1 -1 -10 884.000000 168.000000 982.000000 278.000000 1.619285 0.591580 0.578981 2.661854 1.431106 5.367799 -1.143744 0.042996
Cyclist -1 -1 -10 922.000000 151.000000 991.000000 255.000000 1.824641 0.595115 0.680060 1.001894 1.149691 2.933806 2.088871 0.023529
Cyclist -1 -1 -10 1046.000000 232.000000 1065.000000 271.000000 1.559095 1.554406 3.324593 4.358343 2.416089 9.299189 2.192640 0.011121
