Pedestrian -1 -1 -10 303.000000 169.000000 353.000000 304.000000 1.699414 0.603102 0.767232 -3.691290 1.740001 9.818214 -1.889156 0.998352
Pedestrian -1 -1 -10 728.000000 164.000000 762.000000 246.000000 1.663352 0.595174 0.522295 2.770685 1.766725 14.347504 1.213591 0.980846
Pedestrian -1 -1 -10 480.000000 169.000000 502.000000 209.000000 1.680957 0.598000 0.705715 -4.979749 1.333336 32.748362 -1.665205 0.111881
Pedestrian -1 -1 -10 527.000000 177.000000 545.000000 210.000000 1.619888 0.600974 0.641637 -2.873568 1.508014 32.581469 -1.631336 0.047451
Pedestrian -1 -1 -10 534.000000 177.000000 551.000000 209.000000 1.601957 0.601689 0.639147 -2.615210 1.491748 32.701980 -1.620899 0.021470
Car -1 -1 -10 648.000000 166.000000 703.000000 213.000000 1.476117 1.557475 3.682370 2.979664 0.986605 28.915684 -1.527412 0.979640
Car -1 -1 -10 15.000000 89.000000 240.000000 371.000000 1.492286 1.602813 3.730722 -2.779485 1.112299 2.952410 -2.097383 0.102716
Car -1 -1 -10 669.000000 176.000000 708.000000 218.000000 1.472604 1.588020 3.676825 3.097055 1.227901 28.303939 2.196154 0.013187
Cyclist -1 -1 -10 480.000000 170.000000 502.000000 209.000000 1.656570 0.596087 0.704140 -4.972625 1.263681 32.755970 -1.674134 0.037277
Cyclist -1 -1 -10 648.000000 164.000000 704.000000 216.000000 1.712263 0.655436 0.585841 2.656953 1.415332 24.449912 1.125640 0.011639
Cyclist -1 -1 -10 727.000000 164.000000 763.000000 245.000000 1.680589 0.608758 0.540223 2.741182 1.645871 14.501643 1.241549 0.010630
