Car -1 -1 -10 569.000000 173.000000 656.000000 252.000000 1.474641 1.653581 3.760459 0.129088 1.330950 16.302258 -1.564768 0.999288
Car -1 -1 -10 88.000000 181.000000 228.000000 240.000000 1.525804 1.663238 3.875259 -13.249811 1.499911 20.819260 0.518503 0.999238
Car -1 -1 -10 342.000000 187.000000 455.000000 258.000000 1.540330 1.622590 3.713481 -4.784226 1.525837 16.145611 -1.378581 0.999180
Car -1 -1 -10 438.000000 180.000000 510.000000 227.000000 1.505472 1.590821 3.701776 -4.556793 1.268098 24.107977 -1.616360 0.999153
Car -1 -1 -10 254.000000 181.000000 366.000000 239.000000 1.561295 1.666859 3.822550 -8.540785 1.368736 20.497186 -1.407163 0.998547
Car -1 -1 -10 -4.000000 188.000000 189.000000 373.000000 1.485755 1.602701 3.815751 -4.185043 1.660799 4.234834 1.565962 0.676735
Car -1 -1 -10 606.000000 170.000000 643.000000 212.000000 1.555337 1.601767 3.705594 2.493438 1.112660 55.251649 -1.512366 0.213594
Car -1 -1 -10 0.000000 178.000000 109.000000 272.000000 1.510001 1.635928 3.822902 -12.312357 1.617943 14.281614 1.548288 0.042252
Car -1 -1 -10 407.000000 182.000000 447.000000 210.000000 1.490131 1.639578 3.617310 -8.135814 1.252100 32.870417 1.334718 0.037603
Car -1 -1 -10 359.000000 169.000000 410.000000 209.000000 1.563870 1.620492 3.890626 -12.550427 0.781886 39.702715 -1.865968 0.033601
Car -1 -1 -10 619.000000 179.000000 652.000000 207.000000 1.539419 1.610935 3.747962 2.616573 1.090755 55.422732 -1.501759 0.026485
