Car -1 -1 -10 214.000000 196.000000 386.000000 289.000000 1.541013 1.627954 3.739746 -5.875603 2.139851 13.894685 1.635117 0.999623
Car -1 -1 -10 807.000000 153.000000 931.000000 199.000000 1.466040 1.613616 4.028569 9.708777 0.434146 27.596396 1.441286 0.998326
Car -1 -1 -10 337.000000 193.000000 439.000000 255.000000 1.521293 1.551970 3.709142 -5.684132 2.132259 19.133531 1.645238 0.996585
Car -1 -1 -10 391.000000 190.000000 472.000000 238.000000 1.451653 1.537848 3.726256 -5.690035 2.054337 24.128661 1.517566 0.994262
Car -1 -1 -10 663.000000 175.000000 711.000000 209.000000 1.473645 1.476948 3.614418 3.653197 1.840751 31.697791 -1.505620 0.970577
Car -1 -1 -10 438.000000 187.000000 501.000000 223.000000 1.531645 1.592745 3.688440 -5.729933 2.121374 29.955790 1.539637 0.969629
Car -1 -1 -10 482.000000 184.000000 524.000000 215.000000 1.519994 1.609446 3.844524 -5.460435 2.344434 36.958699 1.823037 0.957084
Car -1 -1 -10 746.000000 160.000000 850.000000 196.000000 1.445255 1.610931 3.824463 8.299665 1.214872 33.588130 1.252064 0.479923
Car -1 -1 -10 1120.000000 132.000000 1242.000000 176.000000 1.413725 1.656038 4.047629 22.757986 0.264850 28.914298 1.665154 0.148936
Car -1 -1 -10 650.000000 175.000000 692.000000 203.000000 1.389325 1.522682 3.384052 3.548663 1.708019 40.546987 -1.495628 0.134517
