Pedestrian -1 -1 -10 852.000000 160.000000 862.000000 190.000000 1.735311 0.586045 0.598976 11.606438 1.465967 33.005326 -1.249177 0.019293
Car -1 -1 -10 630.000000 180.000000 735.000000 255.000000 1.507848 1.573619 3.794180 1.770865 1.634958 16.613785 -1.525954 0.998947
Car -1 -1 -10 558.000000 173.000000 648.000000 212.000000 1.542791 1.706937 3.928239 -0.509303 1.638934 32.087251 -0.577718 0.998113
Car -1 -1 -10 775.000000 166.000000 869.000000 205.000000 1.568152 1.633483 3.857500 9.248153 1.221029 31.353133 2.363924 0.996387
Car -1 -1 -10 706.000000 169.000000 809.000000 211.000000 1.549086 1.633634 3.929987 6.652820 1.352049 29.948789 -2.473653 0.990771
Car -1 -1 -10 846.000000 169.000000 915.000000 201.000000 1.526373 1.592228 3.721019 12.369682 1.253641 33.510580 2.497363 0.984341
Car -1 -1 -10 893.000000 161.000000 974.000000 197.000000 1.588796 1.598976 3.873916 15.708685 1.327838 36.025016 -0.561814 0.841325
Car -1 -1 -10 686.000000 172.000000 741.000000 204.000000 1.461321 1.614066 3.662509 5.151410 1.484321 35.574226 -1.398827 0.094792
Car -1 -1 -10 1093.000000 206.000000 1240.000000 367.000000 1.480035 1.652786 3.589124 2.935856 1.660010 3.144395 2.214531 0.032881
Cyclist -1 -1 -10 680.000000 172.000000 735.000000 204.000000 1.638291 0.586439 0.575582 4.934153 1.626684 35.044578 -1.437605 0.032464
Cyclist -1 -1 -10 662.000000 177.000000 684.000000 212.000000 1.680128 0.574587 0.600106 3.595664 1.802193 34.973364 -1.493330 0.029189
Cyclist -1 -1 -10 664.000000 176.000000 704.000000 208.000000 1.682303 0.574824 0.600089 3.588168 1.806014 34.969241 -1.477894 0.020493
Cyclist -1 -1 -10 651.000000 176.000000 675.000000 207.000000 1.458605 1.622330 3.762578 2.917735 1.640241 36.960825 1.139684 0.017904
Cyclist -1 -1 -10 689.000000 170.000000 712.000000 208.000000 1.656602 0.587872 0.588203 4.740543 1.669170 35.181860 -1.447628 0.012544
Cyclist -1 -1 -10 630.000000 180.000000 736.000000 254.000000 1.440135 1.590022 3.899257 1.532006 1.634176 15.660730 -1.604187 0.011739
Cyclist -1 -1 -10 670.000000 175.000000 690.000000 217.000000 1.694198 0.574556 0.605644 3.577550 1.793967 34.976676 -1.482604 0.011617
