Pedestrian -1 -1 -10 655.000000 170.000000 680.000000 217.000000 1.701525 0.627688 0.682549 2.268923 1.758065 26.318064 0.621108 0.026363
Pedestrian -1 -1 -10 440.000000 182.000000 451.000000 222.000000 1.668194 0.586161 0.593435 -5.865291 2.179602 24.800979 1.822116 0.025406
Car -1 -1 -10 446.000000 178.000000 535.000000 248.000000 1.562553 1.622952 3.743367 -3.069161 1.702982 18.459288 -1.611646 0.998781
Car -1 -1 -10 585.000000 176.000000 612.000000 202.000000 1.511915 1.608419 3.637181 -0.004302 1.992057 46.219829 -1.542023 0.994600
Car -1 -1 -10 293.000000 187.000000 362.000000 223.000000 1.587187 1.594341 3.774773 -12.873262 2.368251 32.825722 1.654282 0.993480
Car -1 -1 -10 -1.000000 195.000000 205.000000 300.000000 1.446730 1.579289 3.836363 -9.434146 2.110435 13.609455 1.485522 0.990266
Cyclist -1 -1 -10 653.000000 166.000000 705.000000 219.000000 1.777462 0.665398 0.740758 2.386517 1.616192 25.847047 1.127477 0.999090
Cyclist -1 -1 -10 650.000000 170.000000 681.000000 215.000000 1.712956 0.669105 0.663442 2.297966 1.664269 26.581619 -1.485208 0.485538
Cyclist -1 -1 -10 171.000000 194.000000 206.000000 230.000000 1.685211 0.580932 1.819817 -15.734580 2.429064 27.664432 -2.097223 0.114228
Cyclist -1 -1 -10 650.000000 172.000000 666.000000 211.000000 1.630514 0.627003 0.613486 1.772243 1.740583 26.673570 -1.467786 0.075038
Cyclist -1 -1 -10 668.000000 169.000000 694.000000 209.000000 1.650425 0.630328 0.614295 2.515117 1.559529 25.185961 -1.452957 0.016004
