Car -1 -1 -10 478.000000 185.000000 526.000000 221.000000 1.549100 1.591794 3.784169 -5.191314 2.232921 34.762693 1.562700 0.999616
Car -1 -1 -10 689.000000 187.000000 773.000000 249.000000 1.453096 1.561188 3.829462 3.291818 1.835536 19.155910 -1.511362 0.999185
Car -1 -1 -10 860.000000 177.000000 1003.000000 223.000000 1.440836 1.583672 4.075174 10.795738 1.437711 24.172381 1.367222 0.994455
Car -1 -1 -10 948.000000 203.000000 1240.000000 371.000000 1.421875 1.608303 3.859735 3.861061 1.813429 3.843366 1.555382 0.987399
Car -1 -1 -10 671.000000 184.000000 732.000000 230.000000 1.413224 1.561522 3.787866 3.435443 1.902954 24.564462 -1.561118 0.980739
Car -1 -1 -10 504.000000 182.000000 539.000000 215.000000 1.493344 1.515154 3.650451 -5.165380 2.343496 36.354882 1.913546 0.918017
Car -1 -1 -10 973.000000 165.000000 1161.000000 238.000000 1.467610 1.646032 3.930334 11.358555 1.487341 18.102213 -2.146512 0.884763
Car -1 -1 -10 655.000000 178.000000 682.000000 203.000000 1.532673 1.620106 3.787400 4.231563 2.033632 52.911251 -1.487761 0.846448
Car -1 -1 -10 3.000000 220.000000 166.000000 371.000000 1.490812 1.644308 3.775106 -4.905996 1.999593 5.324108 1.553329 0.606795
Car -1 -1 -10 274.000000 187.000000 358.000000 213.000000 1.398004 1.610805 3.635260 -14.405700 2.168298 36.054018 1.211717 0.548111
Car -1 -1 -10 948.000000 174.000000 1082.000000 232.000000 1.460232 1.645140 3.887110 10.876522 1.441423 19.123925 1.533367 0.112469
Cyclist -1 -1 -10 945.000000 200.000000 1232.000000 368.000000 1.408675 1.628372 3.819515 3.336112 1.856337 3.379417 1.548500 0.014715
