Car -1 -1 -10 670.000000 180.000000 746.000000 232.000000 1.464511 1.558401 3.810430 2.999120 1.685546 21.456963 -1.540527 0.998801
Car -1 -1 -10 228.000000 196.000000 373.000000 278.000000 1.518292 1.582266 3.699390 -6.278321 2.081093 14.760515 1.625130 0.998623
Car -1 -1 -10 894.000000 161.000000 1163.000000 241.000000 1.541746 1.642901 4.383525 8.582836 1.118499 15.351968 1.461136 0.998218
Car -1 -1 -10 466.000000 183.000000 510.000000 214.000000 1.539386 1.558589 3.688228 -6.724177 2.363394 35.013054 1.988763 0.991552
Car -1 -1 -10 375.000000 183.000000 470.000000 238.000000 1.525164 1.558960 3.869805 -6.434038 2.124202 24.038100 1.766688 0.980938
Car -1 -1 -10 3.000000 211.000000 312.000000 371.000000 1.464139 1.615433 3.695837 -3.782838 1.884204 5.344390 1.595379 0.943659
Car -1 -1 -10 792.000000 159.000000 940.000000 213.000000 1.468772 1.643323 3.937934 8.207124 1.107239 23.927233 2.996888 0.500525
Car -1 -1 -10 852.000000 161.000000 1048.000000 231.000000 1.489898 1.643263 3.865936 8.027708 1.185252 17.633278 -0.009840 0.316215
Car -1 -1 -10 1030.000000 149.000000 1139.000000 191.000000 1.492944 1.581881 3.786457 21.917541 0.648341 32.411459 0.031390 0.198930
Car -1 -1 -10 368.000000 199.000000 440.000000 242.000000 1.428939 1.559506 3.805981 -6.543808 2.122242 23.085664 1.289535 0.087354
Car -1 -1 -10 485.000000 183.000000 520.000000 209.000000 1.507077 1.540960 3.730400 -6.009836 2.297374 37.706082 1.541405 0.067367
Car -1 -1 -10 698.000000 167.000000 772.000000 192.000000 1.511601 1.651565 4.019084 9.128779 1.287820 50.420299 1.172148 0.052629
Car -1 -1 -10 1149.000000 139.000000 1238.000000 187.000000 1.500184 1.563493 3.800502 21.748786 0.600704 25.939154 1.674281 0.022672
Car -1 -1 -10 931.000000 160.000000 1056.000000 206.000000 1.591263 1.613710 3.580764 4.359914 1.931980 10.682178 2.043831 0.012055
Car -1 -1 -10 1193.000000 132.000000 1241.000000 188.000000 1.543928 1.498625 3.636464 21.454669 0.454273 24.055851 -0.909561 0.011080
