Pedestrian -1 -1 -10 1.000000 167.000000 39.000000 336.000000 1.778342 0.612082 0.600501 -6.146492 1.794799 7.496568 -2.239000 0.093434
Car -1 -1 -10 229.000000 176.000000 396.000000 247.000000 1.543285 1.640380 4.122073 -7.203452 1.655654 18.105442 -3.076249 0.997439
Car -1 -1 -10 779.000000 192.000000 1078.000000 375.000000 1.444168 1.574860 4.030134 3.252834 1.709437 6.986451 1.431294 0.996953
Car -1 -1 -10 644.000000 179.000000 681.000000 212.000000 1.499162 1.629886 3.719031 2.762162 1.878743 35.348346 -1.461245 0.995778
Car -1 -1 -10 295.000000 178.000000 467.000000 236.000000 1.470196 1.579115 4.041076 -6.302174 1.633984 20.322845 -3.095145 0.983856
Car -1 -1 -10 363.000000 179.000000 496.000000 224.000000 1.511932 1.528518 3.964756 -6.127008 1.552450 24.658526 1.818933 0.815879
Car -1 -1 -10 945.000000 75.000000 1223.000000 374.000000 1.510956 1.541997 3.638950 3.123984 1.315978 2.768471 -0.311159 0.241691
Car -1 -1 -10 421.000000 178.000000 514.000000 215.000000 1.454818 1.587379 3.902070 -6.417764 1.655375 35.371617 1.903875 0.187507
Car -1 -1 -10 936.000000 186.000000 1096.000000 375.000000 1.458891 1.485732 3.450313 2.972588 1.635183 3.832952 -1.061669 0.035343
Car -1 -1 -10 672.000000 174.000000 760.000000 225.000000 1.495560 1.639918 3.582678 2.103625 1.370449 21.317706 1.716904 0.018891
Car -1 -1 -10 458.000000 178.000000 541.000000 207.000000 1.531099 1.626055 3.923187 -5.403113 1.463052 40.088116 -1.735941 0.013590
Car -1 -1 -10 674.000000 135.000000 797.000000 250.000000 1.783662 1.609546 4.361670 2.880107 1.100133 17.037870 -1.576271 0.012819
