Car -1 -1 -10 556.000000 174.000000 626.000000 241.000000 1.475496 1.661689 3.829772 -0.433271 1.311256 19.116214 -1.590722 0.999085
Car -1 -1 -10 317.000000 192.000000 485.000000 290.000000 1.515949 1.557792 3.749519 -3.406219 1.571420 11.605348 1.699252 0.995232
Car -1 -1 -10 425.000000 181.000000 517.000000 244.000000 1.534601 1.592221 3.710360 -3.422601 1.403329 18.426235 -1.607375 0.994540
Car -1 -1 -10 480.000000 176.000000 537.000000 224.000000 1.543491 1.606592 3.777569 -3.606825 1.252965 25.592149 -1.589385 0.912236
Car -1 -1 -10 517.000000 176.000000 557.000000 208.000000 1.537971 1.481768 3.416368 -3.750670 1.612329 35.273927 -1.641840 0.662072
Car -1 -1 -10 399.000000 175.000000 449.000000 211.000000 1.499559 1.633920 3.900545 -8.534673 0.926031 33.052814 -1.831226 0.133533
Car -1 -1 -10 284.000000 178.000000 401.000000 253.000000 1.496488 1.598685 3.703623 -7.832207 1.362927 20.381544 1.781991 0.020388
Car -1 -1 -10 458.000000 180.000000 512.000000 221.000000 1.472501 1.631861 3.699140 -3.930241 0.902575 25.185129 1.423572 0.016102
Car -1 -1 -10 398.000000 181.000000 461.000000 230.000000 1.573984 1.635131 3.901850 -8.323142 1.150878 32.993476 -1.784501 0.015767
Car -1 -1 -10 563.000000 174.000000 609.000000 214.000000 1.574773 1.626571 3.652287 -1.258756 1.578096 11.217819 -1.663566 0.015319
Car -1 -1 -10 311.000000 181.000000 388.000000 227.000000 1.521963 1.687658 3.620062 -7.251263 0.971381 22.631108 1.196932 0.015029
