Pedestrian -1 -1 -10 836.000000 164.000000 871.000000 261.000000 1.668074 0.606916 0.737202 4.561358 1.728548 12.935505 -1.201064 0.993735
Pedestrian -1 -1 -10 396.000000 187.000000 410.000000 213.000000 1.769331 0.583993 0.613010 -11.633139 2.296152 40.028802 -1.861255 0.224482
Pedestrian -1 -1 -10 391.000000 185.000000 404.000000 212.000000 1.659644 0.599145 0.611592 -11.823574 2.192796 39.698896 -1.855078 0.133711
Pedestrian -1 -1 -10 384.000000 187.000000 413.000000 214.000000 1.657827 0.598503 0.609851 -11.825870 2.190041 39.691691 -1.854699 0.014923
Car -1 -1 -10 323.000000 189.000000 419.000000 266.000000 1.461322 1.604098 3.777695 -4.936534 1.918692 15.144995 1.226812 0.999460
Car -1 -1 -10 191.000000 180.000000 324.000000 227.000000 1.564868 1.683314 4.060413 -13.039743 1.877137 27.206223 -3.137903 0.993168
Car -1 -1 -10 482.000000 176.000000 579.000000 211.000000 1.453348 1.706503 4.159462 -3.723053 1.866283 34.243889 -0.641882 0.978077
Car -1 -1 -10 624.000000 175.000000 717.000000 205.000000 1.515920 1.701811 4.030302 3.286525 1.659226 37.691340 -2.662699 0.968258
Car -1 -1 -10 2.000000 216.000000 183.000000 374.000000 1.473805 1.628226 3.747449 -3.585264 1.771759 3.899331 1.528985 0.796795
Car -1 -1 -10 177.000000 181.000000 239.000000 214.000000 1.589685 1.074932 3.087438 -13.146953 4.172995 20.293918 0.889093 0.117830
Cyclist -1 -1 -10 8.000000 195.000000 55.000000 251.000000 1.745550 0.672851 0.922028 -8.564163 2.642114 8.726080 0.927953 0.174301
Cyclist -1 -1 -10 387.000000 187.000000 411.000000 213.000000 1.655324 0.583710 0.636097 -11.895871 2.152032 39.743414 -1.857740 0.073405
