Pedestrian -1 -1 -10 843.000000 153.000000 886.000000 270.000000 1.699787 0.604041 0.746445 3.730415 1.409279 10.056899 -1.180141 0.996539
Pedestrian -1 -1 -10 572.000000 160.000000 600.000000 249.000000 1.710261 0.603946 0.755959 -0.240916 1.516416 14.066867 0.510322 0.993269
Pedestrian -1 -1 -10 509.000000 158.000000 539.000000 241.000000 1.677611 0.619840 0.730783 -1.724518 1.392574 16.016397 0.418315 0.959461
Pedestrian -1 -1 -10 410.000000 157.000000 440.000000 251.000000 1.663015 0.598789 0.666724 -3.544623 1.494670 14.024266 0.297643 0.919560
Pedestrian -1 -1 -10 719.000000 146.000000 779.000000 269.000000 1.652393 0.632962 0.752153 2.171684 1.437750 10.570258 0.712236 0.822042
Pedestrian -1 -1 -10 607.000000 164.000000 625.000000 212.000000 1.638468 0.632232 0.651088 0.417880 0.997974 26.285593 -1.526985 0.311949
Pedestrian -1 -1 -10 591.000000 163.000000 608.000000 213.000000 1.580568 0.603588 0.629557 0.173412 1.199005 26.227444 -1.534642 0.221714
Pedestrian -1 -1 -10 555.000000 162.000000 572.000000 211.000000 1.660172 0.609629 0.715720 -1.370537 1.121052 27.085145 -1.593752 0.212659
Pedestrian -1 -1 -10 174.000000 160.000000 340.000000 378.000000 1.682370 0.598370 0.746743 -2.359745 1.695880 4.798205 0.095447 0.139550
Pedestrian -1 -1 -10 667.000000 155.000000 695.000000 221.000000 1.633112 0.612898 0.539792 2.109446 1.685054 20.522485 -1.429219 0.123948
Pedestrian -1 -1 -10 529.000000 163.000000 556.000000 228.000000 1.657439 0.599518 0.713449 -1.456813 1.348967 20.220298 -1.611631 0.120917
Pedestrian -1 -1 -10 652.000000 157.000000 677.000000 204.000000 1.646940 0.644182 0.602203 2.663684 0.827106 30.175201 -1.467730 0.016180
Car -1 -1 -10 1062.000000 227.000000 1237.000000 367.000000 1.464661 1.624437 3.400804 3.139495 1.415352 5.363878 2.288571 0.059283
Car -1 -1 -10 0.000000 244.000000 143.000000 369.000000 1.464710 1.662786 3.462884 -4.268961 1.665218 4.494041 1.002173 0.038158
Cyclist -1 -1 -10 165.000000 162.000000 341.000000 377.000000 1.696662 0.597029 0.767625 -2.335550 1.688610 4.811180 -1.984455 0.996079
Cyclist -1 -1 -10 712.000000 148.000000 787.000000 269.000000 1.676635 0.642517 0.729842 2.172659 1.420871 10.585865 -1.377654 0.955424
Cyclist -1 -1 -10 664.000000 157.000000 696.000000 219.000000 1.654278 0.591488 0.565782 2.793832 1.440500 23.067154 -1.469849 0.287486
Cyclist -1 -1 -10 2.000000 215.000000 47.000000 292.000000 1.479938 1.644199 3.561198 -4.576187 1.672982 4.482293 0.974024 0.012594
Cyclist -1 -1 -10 655.000000 157.000000 679.000000 208.000000 1.702658 0.522131 1.705527 2.752176 0.762974 30.049798 -1.466036 0.010687
