Car -1 -1 -10 331.000000 188.000000 443.000000 254.000000 1.528933 1.598546 3.742365 -5.734828 2.078049 18.472999 1.688788 0.999699
Car -1 -1 -10 396.000000 186.000000 476.000000 234.000000 1.482884 1.545422 3.694007 -5.572590 2.043689 24.006098 1.736512 0.996318
Car -1 -1 -10 961.000000 164.000000 1231.000000 371.000000 1.428229 1.598163 3.839161 3.369489 1.668021 2.838192 1.537099 0.981200
Car -1 -1 -10 437.000000 184.000000 499.000000 224.000000 1.489120 1.582947 3.734893 -5.471496 1.975472 29.062806 1.536903 0.977728
Car -1 -1 -10 785.000000 156.000000 884.000000 194.000000 1.435358 1.626101 3.873965 9.530730 0.933203 32.651303 -1.248983 0.961279
Car -1 -1 -10 1.000000 198.000000 233.000000 376.000000 1.574240 1.622423 3.818073 -5.946142 1.873459 7.574254 -1.590424 0.942135
Car -1 -1 -10 663.000000 174.000000 705.000000 202.000000 1.498806 1.540680 3.865350 4.347062 1.541578 34.275018 1.165107 0.774002
Car -1 -1 -10 1102.000000 135.000000 1241.000000 176.000000 1.609168 1.626143 4.028580 24.124388 0.079026 31.015127 2.782696 0.707685
Car -1 -1 -10 470.000000 182.000000 519.000000 214.000000 1.475160 1.539890 3.736437 -5.485170 1.963641 34.316634 1.578483 0.679585
Car -1 -1 -10 736.000000 159.000000 846.000000 191.000000 1.463705 1.534210 3.819380 8.881426 1.154244 36.002957 1.318240 0.275844
Car -1 -1 -10 1022.000000 144.000000 1117.000000 174.000000 1.522304 1.594365 4.019965 23.232520 0.052481 36.225963 1.683617 0.247546
Car -1 -1 -10 501.000000 180.000000 540.000000 207.000000 1.532052 1.605960 3.719678 -5.140600 2.370588 41.393688 -1.671293 0.202657
Car -1 -1 -10 1058.000000 139.000000 1163.000000 174.000000 1.460571 1.606373 3.985628 22.999630 0.084801 33.071235 1.684000 0.117285
Cyclist -1 -1 -10 958.000000 147.000000 1230.000000 381.000000 1.398661 1.658480 3.784632 2.793650 1.688388 2.663302 1.577578 0.018563
