Car -1 -1 -10 648.000000 174.000000 733.000000 235.000000 1.438604 1.569050 3.811387 2.354481 1.503067 19.233425 -1.570581 0.999117
Car -1 -1 -10 627.000000 168.000000 666.000000 203.000000 1.465151 1.595073 3.722087 2.262672 1.362333 34.226955 -1.517931 0.991300
Car -1 -1 -10 182.000000 183.000000 419.000000 255.000000 1.420445 1.528940 3.898307 -6.392877 1.644110 15.374932 -3.144443 0.977179
Car -1 -1 -10 1013.000000 148.000000 1240.000000 371.000000 1.532927 1.590844 3.946945 5.182655 1.431257 6.361691 -0.953863 0.945730
Car -1 -1 -10 397.000000 175.000000 496.000000 211.000000 1.505701 1.597324 3.701737 -7.413995 1.504566 31.709498 -1.715366 0.831898
Car -1 -1 -10 98.000000 179.000000 351.000000 277.000000 1.413495 1.626225 4.023777 -6.628306 1.699841 12.892876 0.484888 0.480007
Car -1 -1 -10 277.000000 180.000000 427.000000 238.000000 1.447142 1.581840 3.828286 -7.239323 1.665355 20.420928 -3.116510 0.203110
Car -1 -1 -10 446.000000 174.000000 516.000000 200.000000 1.464641 1.570567 3.901878 -7.265390 1.528345 43.058699 1.897666 0.173378
Car -1 -1 -10 1144.000000 163.000000 1240.000000 379.000000 1.449877 1.569177 3.679713 4.779593 1.529741 5.322806 -0.860199 0.041325
Car -1 -1 -10 317.000000 177.000000 476.000000 220.000000 1.512902 1.537578 3.811196 -7.069068 1.475384 28.228074 0.157028 0.035054
Car -1 -1 -10 168.000000 185.000000 334.000000 352.000000 1.494446 1.532437 3.522243 -3.534869 1.905265 7.496374 -2.033011 0.018204
Cyclist -1 -1 -10 162.000000 180.000000 332.000000 371.000000 1.683795 0.629738 1.720899 -3.005425 1.939130 6.488981 -2.017857 0.999129
Cyclist -1 -1 -10 173.000000 183.000000 348.000000 278.000000 1.479706 1.593886 3.726210 -6.031872 1.817132 12.281486 1.588599 0.359164
