Pedestrian -1 -1 -10 355.000000 168.000000 373.000000 228.000000 1.597363 0.589248 0.557670 -8.920160 1.386134 26.584077 -1.859668 0.012051
Car -1 -1 -10 377.000000 186.000000 511.000000 276.000000 1.548456 1.615351 3.773236 -3.072436 1.772588 13.598536 -1.341712 0.999419
Car -1 -1 -10 635.000000 180.000000 680.000000 217.000000 1.431710 1.574907 3.749476 2.236266 1.863499 30.566691 1.579352 0.999398
Car -1 -1 -10 543.000000 172.000000 575.000000 200.000000 1.542354 1.623214 3.833063 -3.502449 1.655915 49.076411 -1.590824 0.999263
Car -1 -1 -10 -4.000000 171.000000 412.000000 374.000000 1.528033 1.628395 3.829074 -3.170195 1.614925 5.676879 1.528493 0.995455
Car -1 -1 -10 631.000000 173.000000 654.000000 200.000000 1.542638 1.631613 3.760274 2.380613 1.427148 48.164260 -1.513012 0.552888
Car -1 -1 -10 476.000000 176.000000 533.000000 202.000000 1.469504 1.571214 3.868115 -6.628526 1.759098 43.342147 2.009041 0.237180
Car -1 -1 -10 280.000000 183.000000 386.000000 263.000000 1.514563 1.636657 3.674945 -9.852323 1.352374 26.231752 1.217204 0.015363
Cyclist -1 -1 -10 106.000000 171.000000 304.000000 236.000000 1.669651 0.612857 0.639420 -13.941072 1.598994 25.484746 -2.090375 0.014801
Cyclist -1 -1 -10 340.000000 181.000000 360.000000 239.000000 1.632647 0.581460 0.609985 -9.525431 1.462268 25.834507 -1.897547 0.013333
