Car -1 -1 -10 644.000000 177.000000 676.000000 204.000000 1.568628 1.633324 3.951926 2.938519 1.888039 42.245787 1.612571 0.999446
Car -1 -1 -10 436.000000 173.000000 542.000000 252.000000 1.565098 1.583238 3.675389 -2.918548 1.696529 17.655742 1.877381 0.999386
Car -1 -1 -10 725.000000 190.000000 895.000000 319.000000 1.439218 1.599759 4.010447 2.937269 1.729001 9.255102 1.428028 0.998959
Car -1 -1 -10 33.000000 172.000000 323.000000 276.000000 1.562330 1.612484 4.083603 -6.718692 1.511058 11.787038 -3.198442 0.996548
Car -1 -1 -10 804.000000 193.000000 1207.000000 375.000000 1.478446 1.610126 3.947835 2.841466 1.640359 5.099821 -1.156051 0.993825
Car -1 -1 -10 511.000000 177.000000 569.000000 226.000000 1.521426 1.556083 3.646481 -2.525617 1.861409 24.791890 -1.564470 0.948555
Car -1 -1 -10 533.000000 176.000000 583.000000 242.000000 1.500227 1.532647 3.422019 -0.785884 1.667508 16.530331 -1.635970 0.033687
Car -1 -1 -10 769.000000 193.000000 965.000000 352.000000 1.466627 1.520999 3.646612 2.863191 1.808648 4.571553 1.305115 0.027074
Car -1 -1 -10 781.000000 191.000000 823.000000 225.000000 1.559911 1.620282 3.617064 2.385049 2.098805 13.331742 -1.368262 0.024799
Cyclist -1 -1 -10 552.000000 171.000000 592.000000 256.000000 1.710466 0.590373 0.754883 -0.639705 1.870770 14.910340 -1.569493 0.998432
Cyclist -1 -1 -10 533.000000 176.000000 583.000000 242.000000 1.729567 0.564840 1.630489 -0.730720 1.808529 15.282908 -1.631515 0.131376
Cyclist -1 -1 -10 511.000000 177.000000 566.000000 231.000000 1.653417 0.623119 0.618487 -2.223054 2.260497 21.949014 -1.645691 0.011633
