Pedestrian -1 -1 -10 812.000000 146.000000 887.000000 284.000000 1.670839 0.603123 0.764456 3.521253 1.518375 9.474152 -1.185528 0.996258
Pedestrian -1 -1 -10 475.000000 145.000000 554.000000 305.000000 1.735878 0.602610 0.751116 -0.928510 1.567270 8.208419 -1.642231 0.987136
Pedestrian -1 -1 -10 98.000000 171.000000 138.000000 303.000000 1.621443 0.599930 0.656154 -8.316081 1.595730 12.162643 -2.144656 0.923407
Pedestrian -1 -1 -10 72.000000 175.000000 118.000000 314.000000 1.601916 0.599551 0.603479 -2.631869 1.555766 3.721970 -2.186649 0.807733
Pedestrian -1 -1 -10 502.000000 157.000000 609.000000 281.000000 1.779805 0.588561 0.719736 -0.997582 1.650068 9.946350 2.028310 0.136957
Pedestrian -1 -1 -10 826.000000 151.000000 838.000000 187.000000 1.656087 0.615516 0.625522 13.083069 0.608243 40.051177 2.347504 0.070746
Pedestrian -1 -1 -10 18.000000 180.000000 169.000000 319.000000 1.585830 0.617781 0.671902 -3.032798 1.334263 4.466378 -2.209360 0.039183
Pedestrian -1 -1 -10 -1.000000 195.000000 296.000000 362.000000 1.711129 0.610741 0.709066 -2.859876 1.874756 3.380544 1.523294 0.035026
Pedestrian -1 -1 -10 835.000000 156.000000 857.000000 195.000000 1.718846 0.613133 0.521624 12.372709 1.538540 34.950193 1.887745 0.025958
Car -1 -1 -10 449.000000 169.000000 482.000000 194.000000 1.519993 1.623475 3.841425 -8.695291 0.934825 44.539337 -1.720126 0.998863
Car -1 -1 -10 1.000000 192.000000 318.000000 368.000000 1.500342 1.614386 3.810651 -3.112036 1.621394 3.748720 1.610118 0.991902
Car -1 -1 -10 1166.000000 142.000000 1223.000000 185.000000 1.677430 1.630499 3.958444 27.446551 0.171120 32.807623 1.756811 0.103292
Cyclist -1 -1 -10 519.000000 154.000000 639.000000 271.000000 1.750757 0.626821 0.804681 -0.584233 1.487396 11.006997 -1.601677 0.999717
Cyclist -1 -1 -10 481.000000 151.000000 584.000000 288.000000 1.697242 0.611465 0.752304 -0.851591 1.499741 8.303670 -1.633028 0.847255
Cyclist -1 -1 -10 36.000000 191.000000 186.000000 297.000000 1.642285 0.588127 0.694508 -8.533499 1.726447 12.027398 -2.150251 0.150607
Cyclist -1 -1 -10 824.000000 153.000000 840.000000 187.000000 1.770713 0.563643 1.701083 13.149660 0.625989 39.653974 -1.203485 0.108310
Cyclist -1 -1 -10 64.000000 176.000000 141.000000 317.000000 1.598739 0.591580 0.621721 -2.695331 1.541369 3.757757 -2.179377 0.057197
Cyclist -1 -1 -10 -1.000000 195.000000 296.000000 362.000000 1.692192 0.619015 0.724672 -2.804354 1.826422 3.336252 1.542659 0.023976
Cyclist -1 -1 -10 490.000000 166.000000 527.000000 198.000000 1.752813 0.579793 0.644045 -5.606512 1.909727 36.910538 -1.722310 0.016027
