Pedestrian -1 -1 -10 135.000000 178.000000 163.000000 248.000000 1.607778 0.599527 0.604052 -13.410012 1.625121 21.174959 -2.129678 0.097767
Car -1 -1 -10 737.000000 173.000000 1000.000000 359.000000 1.488520 1.591083 4.043909 3.021756 1.486423 8.106624 -1.365339 0.998856
Car -1 -1 -10 644.000000 178.000000 679.000000 206.000000 1.424059 1.549780 3.617818 2.855167 1.687702 37.198915 -1.502072 0.996022
Car -1 -1 -10 8.000000 190.000000 295.000000 335.000000 1.516154 1.632141 3.896127 -5.820248 1.699828 8.630415 -3.244083 0.991187
Car -1 -1 -10 690.000000 182.000000 820.000000 269.000000 1.444233 1.535343 3.844556 3.170364 1.722389 14.080097 -1.503027 0.990389
Car -1 -1 -10 663.000000 175.000000 725.000000 228.000000 1.499491 1.574044 3.918893 3.082262 1.703545 23.556697 -1.566748 0.714913
Car -1 -1 -10 329.000000 184.000000 484.000000 231.000000 1.524857 1.591251 4.091021 -6.110621 1.625521 22.619867 -2.985451 0.599633
Car -1 -1 -10 5.000000 198.000000 162.000000 376.000000 1.427973 1.615335 3.781921 -5.617171 1.948404 6.395745 -2.210645 0.588082
Car -1 -1 -10 114.000000 190.000000 332.000000 296.000000 1.511251 1.573741 3.814538 -5.938653 1.695387 10.387696 -3.150301 0.486951
Car -1 -1 -10 427.000000 177.000000 521.000000 212.000000 1.460462 1.598671 3.814613 -6.023472 1.483722 35.341522 0.858550 0.272346
Car -1 -1 -10 403.000000 190.000000 489.000000 221.000000 1.456806 1.528933 3.758333 -5.875574 1.600629 27.870239 1.446408 0.048216
Car -1 -1 -10 176.000000 188.000000 327.000000 251.000000 1.533081 1.627459 3.875221 -8.875520 1.373365 18.479576 1.101673 0.029601
Car -1 -1 -10 106.000000 180.000000 175.000000 251.000000 1.480404 1.594081 3.862439 -14.300068 1.221250 21.798349 0.511738 0.027035
Car -1 -1 -10 728.000000 176.000000 874.000000 274.000000 1.431655 1.582208 3.751134 3.093596 1.689006 13.786123 -1.299110 0.023339
Car -1 -1 -10 468.000000 176.000000 535.000000 205.000000 1.514929 1.600067 3.805207 -6.116003 1.305572 38.528673 1.898020 0.020466
Car -1 -1 -10 202.000000 183.000000 304.000000 228.000000 1.477318 1.647427 3.874825 -13.869210 1.216231 27.508761 1.670014 0.012849
Car -1 -1 -10 805.000000 179.000000 984.000000 279.000000 1.483980 1.623878 3.675558 6.139794 1.828567 12.154265 -1.181528 0.012362
Cyclist -1 -1 -10 126.000000 179.000000 169.000000 246.000000 1.613928 0.592422 0.604884 -13.504654 1.585998 21.215356 -2.136593 0.154091
Cyclist -1 -1 -10 102.000000 187.000000 190.000000 241.000000 1.492042 1.594831 3.676363 -13.714721 1.531978 20.553959 1.539916 0.024719
