Car -1 -1 -10 571.000000 179.000000 604.000000 209.000000 1.539983 1.635830 3.887841 -1.059979 1.267333 40.260990 -1.599040 0.999604
Car -1 -1 -10 345.000000 188.000000 460.000000 252.000000 1.585007 1.601910 3.771284 -5.018484 1.607976 17.573206 1.698900 0.999203
Car -1 -1 -10 226.000000 187.000000 334.000000 245.000000 1.565393 1.614740 3.754376 -8.918665 1.612826 19.625925 -1.487522 0.998053
Car -1 -1 -10 25.000000 188.000000 254.000000 289.000000 1.621564 1.699318 3.836183 -8.017389 1.662299 12.468923 -1.564102 0.997649
Car -1 -1 -10 0.000000 233.000000 197.000000 375.000000 1.486320 1.601674 3.783001 -3.191208 1.808684 3.495727 1.495702 0.946789
Car -1 -1 -10 -3.000000 178.000000 143.000000 263.000000 1.530436 1.661529 3.871500 -12.872640 1.432897 16.529599 -2.174956 0.874007
Car -1 -1 -10 371.000000 183.000000 424.000000 212.000000 1.542561 1.652121 3.621953 -12.686643 1.543133 39.996319 -1.843000 0.628601
Car -1 -1 -10 284.000000 183.000000 340.000000 222.000000 1.574329 1.658241 3.818488 -11.647337 1.342733 26.966809 1.714443 0.309735
Car -1 -1 -10 352.000000 179.000000 400.000000 210.000000 1.505746 1.620830 3.864282 -13.062358 1.457334 40.403274 -1.883283 0.082827
Car -1 -1 -10 505.000000 183.000000 539.000000 209.000000 1.456252 1.546926 3.598252 -4.623296 1.577532 40.687564 -1.653969 0.049177
Car -1 -1 -10 408.000000 183.000000 453.000000 212.000000 1.484557 1.576675 3.771972 -8.372120 1.289689 34.925916 1.410237 0.048677
