Pedestrian -1 -1 -10 916.000000 151.000000 933.000000 196.000000 1.724934 0.584472 0.607184 12.647528 2.048106 28.982885 -1.173304 0.015588
Pedestrian -1 -1 -10 928.000000 147.000000 951.000000 203.000000 1.705832 0.698666 0.736596 3.190793 1.612471 8.656019 -1.201377 0.010249
Car -1 -1 -10 780.000000 169.000000 872.000000 209.000000 1.461497 1.636972 4.160302 8.624734 1.140586 30.489406 1.367632 0.994478
Car -1 -1 -10 600.000000 334.000000 696.000000 373.000000 1.503815 1.582674 3.676209 0.437605 2.560257 6.852293 1.621898 0.014011
Cyclist -1 -1 -10 911.000000 151.000000 935.000000 205.000000 1.723838 0.576987 0.635271 12.606591 2.008266 29.060485 -1.178769 0.096414
Cyclist -1 -1 -10 922.000000 149.000000 947.000000 206.000000 1.752813 0.579793 0.644045 11.647842 2.068870 25.857534 -1.164211 0.038747
Cyclist -1 -1 -10 915.000000 170.000000 937.000000 213.000000 1.673433 0.583157 0.629344 12.580261 2.066707 29.149813 -1.169460 0.034928
Cyclist -1 -1 -10 903.000000 160.000000 927.000000 205.000000 1.746603 0.579404 0.641244 12.568613 2.014526 29.119424 -1.186841 0.029000
Cyclist -1 -1 -10 891.000000 152.000000 969.000000 205.000000 1.675852 0.710918 0.747785 3.039980 1.550025 8.594681 -1.202418 0.026774
Cyclist -1 -1 -10 931.000000 145.000000 957.000000 202.000000 1.714632 0.683028 0.815185 3.629003 2.104172 10.262336 2.005618 0.014096
Cyclist -1 -1 -10 886.000000 162.000000 937.000000 199.000000 1.660162 0.716289 0.726770 2.862180 1.473371 8.624510 1.964589 0.010700
