Pedestrian -1 -1 -10 925.000000 152.000000 1010.000000 372.000000 1.691548 0.600881 0.744952 2.737083 1.657429 5.263552 -1.057320 0.998225
Pedestrian -1 -1 -10 322.000000 165.000000 416.000000 365.000000 1.683584 0.607120 0.742748 -1.697531 1.716874 5.414308 -1.854838 0.997870
Pedestrian -1 -1 -10 1048.000000 126.000000 1224.000000 369.000000 1.628771 0.595866 0.695201 2.706673 1.427616 3.221897 -0.889052 0.997827
Pedestrian -1 -1 -10 545.000000 142.000000 591.000000 276.000000 1.725080 0.603864 0.768615 -0.427132 1.421765 9.428236 -1.577059 0.996686
Pedestrian -1 -1 -10 655.000000 138.000000 759.000000 368.000000 1.705689 0.571758 0.707893 0.585871 1.564719 3.918108 0.691914 0.996222
Pedestrian -1 -1 -10 827.000000 144.000000 910.000000 369.000000 1.701835 0.590766 0.734924 2.019028 1.631923 5.317925 -1.153842 0.994503
Pedestrian -1 -1 -10 729.000000 138.000000 812.000000 373.000000 1.717020 0.591354 0.682676 0.992203 1.596764 4.345777 2.299927 0.983911
Pedestrian -1 -1 -10 786.000000 169.000000 870.000000 370.000000 1.691971 0.593505 0.718997 1.598726 1.665310 5.312899 -1.218953 0.973442
Pedestrian -1 -1 -10 647.000000 147.000000 691.000000 265.000000 1.675041 0.596489 0.602929 0.967387 0.884411 9.660978 -1.484372 0.763284
Pedestrian -1 -1 -10 570.000000 142.000000 584.000000 186.000000 1.714350 0.630531 0.733549 -0.965138 0.474520 31.797730 2.041629 0.711510
Pedestrian -1 -1 -10 639.000000 143.000000 658.000000 197.000000 1.770391 0.604532 0.806830 2.026014 0.549561 26.561042 0.620372 0.653744
Pedestrian -1 -1 -10 547.000000 146.000000 567.000000 189.000000 1.664771 0.649552 0.687004 -1.761987 0.580520 29.240650 -1.617019 0.412060
Pedestrian -1 -1 -10 235.000000 120.000000 268.000000 279.000000 1.680009 0.590422 0.591455 -4.643699 1.805882 9.393402 -2.038045 0.290438
Pedestrian -1 -1 -10 552.000000 144.000000 581.000000 189.000000 1.767831 0.622651 0.725175 -1.776884 0.394271 31.463647 -1.601696 0.232534
Pedestrian -1 -1 -10 244.000000 130.000000 281.000000 255.000000 1.688897 0.603727 0.735032 -5.503217 1.150459 11.561571 -1.976677 0.210086
Pedestrian -1 -1 -10 673.000000 147.000000 713.000000 225.000000 1.751647 0.592896 0.606109 0.038430 1.182035 2.059270 -1.470381 0.102852
Cyclist -1 -1 -10 542.000000 147.000000 570.000000 190.000000 1.629958 0.697573 0.643284 -1.604907 0.621068 29.398861 -1.645557 0.688777
Cyclist -1 -1 -10 544.000000 146.000000 591.000000 224.000000 1.468663 1.638627 3.511719 -1.005363 1.451092 5.731190 1.592470 0.430000
Cyclist -1 -1 -10 288.000000 146.000000 350.000000 216.000000 1.622399 0.603871 0.642999 -7.994657 0.575917 20.145746 -1.943346 0.364778
Cyclist -1 -1 -10 561.000000 143.000000 588.000000 189.000000 1.769310 0.649558 0.674626 -1.018351 0.558292 31.208622 2.039699 0.291455
Cyclist -1 -1 -10 653.000000 144.000000 702.000000 271.000000 1.711353 0.579931 0.634155 0.601059 0.952103 3.916008 -1.481669 0.186032
Cyclist -1 -1 -10 345.000000 149.000000 391.000000 206.000000 1.799452 0.583440 0.641740 -1.201704 1.109653 2.482542 1.306031 0.140922
Cyclist -1 -1 -10 313.000000 148.000000 375.000000 208.000000 1.589312 0.585053 0.624230 -7.595585 0.629068 20.869247 -1.890209 0.120953
Cyclist -1 -1 -10 355.000000 148.000000 377.000000 202.000000 1.551172 1.448145 3.546455 -6.668727 1.920268 16.839535 1.249182 0.088841
Cyclist -1 -1 -10 547.000000 145.000000 559.000000 187.000000 1.598786 0.658610 0.646047 -1.850737 0.584637 29.223289 -1.622511 0.060009
Cyclist -1 -1 -10 571.000000 142.000000 583.000000 186.000000 1.724461 0.635855 0.750674 -0.958613 0.417031 31.933358 -1.081437 0.052122
Cyclist -1 -1 -10 339.000000 144.000000 365.000000 202.000000 1.657394 0.588984 0.635473 -7.585972 0.426133 21.145885 -1.915363 0.045207
Cyclist -1 -1 -10 248.000000 134.000000 289.000000 247.000000 1.617401 0.588713 0.688065 -5.526783 0.899085 11.590860 -1.987151 0.034649
Cyclist -1 -1 -10 324.000000 162.000000 420.000000 367.000000 1.661957 0.595180 0.745189 -1.712592 1.685330 5.478351 -1.856812 0.031322
Cyclist -1 -1 -10 568.000000 141.000000 578.000000 182.000000 1.721580 0.602075 0.734399 -1.277389 0.348119 32.173130 -1.568244 0.029252
Cyclist -1 -1 -10 673.000000 144.000000 714.000000 230.000000 1.530701 1.598121 3.720811 0.789914 1.175623 10.962249 1.721364 0.014304
