Pedestrian -1 -1 -10 794.000000 161.000000 836.000000 266.000000 1.729550 0.590263 0.639897 3.440816 1.468973 11.696495 -1.212660 0.989920
Pedestrian -1 -1 -10 925.000000 147.000000 963.000000 268.000000 1.709672 0.593898 0.714853 5.218280 1.358180 10.542397 1.001123 0.153525
Pedestrian -1 -1 -10 786.000000 172.000000 811.000000 267.000000 1.769333 0.583993 0.613010 3.889291 2.281393 13.265364 -1.313344 0.080971
Pedestrian -1 -1 -10 894.000000 151.000000 923.000000 247.000000 1.753255 0.586228 0.609800 7.625652 1.223113 18.241954 -1.175499 0.068524
Pedestrian -1 -1 -10 913.000000 145.000000 944.000000 263.000000 1.625423 0.620866 0.619322 5.231098 1.214237 11.315787 -1.109146 0.037655
Pedestrian -1 -1 -10 849.000000 156.000000 873.000000 219.000000 1.658442 0.594312 0.591323 7.586962 0.652183 20.795120 -1.228304 0.032773
Pedestrian -1 -1 -10 593.000000 152.000000 601.000000 180.000000 1.648975 0.603846 0.615011 0.045775 0.029868 50.409040 0.549100 0.018141
Pedestrian -1 -1 -10 346.000000 158.000000 397.000000 209.000000 1.696647 0.612272 0.642886 -7.630928 1.041498 23.098730 1.752356 0.016527
Pedestrian -1 -1 -10 336.000000 156.000000 401.000000 270.000000 1.666720 0.577189 0.721009 -3.069587 1.493635 9.451675 0.239801 0.011208
Pedestrian -1 -1 -10 360.000000 155.000000 386.000000 200.000000 1.754180 0.669795 0.576325 -8.620454 0.723160 27.072043 0.720941 0.011177
Car -1 -1 -10 1211.000000 172.000000 1238.000000 269.000000 1.558382 1.614748 3.649555 12.364968 1.179129 14.110869 -0.820327 0.016121
Cyclist -1 -1 -10 430.000000 159.000000 490.000000 264.000000 1.712908 0.564954 0.765200 -2.392499 1.535614 12.114065 -1.711065 0.999636
Cyclist -1 -1 -10 326.000000 148.000000 409.000000 297.000000 1.686477 0.562189 0.733432 -3.002659 1.521278 9.316900 -1.831938 0.998958
Cyclist -1 -1 -10 446.000000 159.000000 501.000000 231.000000 1.857755 0.678760 0.879104 -2.259908 2.001410 7.413696 1.442886 0.102885
Cyclist -1 -1 -10 342.000000 160.000000 399.000000 241.000000 1.825249 0.594984 0.683619 -2.332894 1.588013 5.005072 1.325402 0.039963
Cyclist -1 -1 -10 353.000000 159.000000 393.000000 206.000000 1.653014 0.671035 0.590667 -7.824055 0.806850 23.988738 1.763277 0.023241
