Pedestrian -1 -1 -10 746.000000 165.000000 795.000000 299.000000 1.678160 0.601439 0.728831 1.955830 1.596285 8.564787 -1.305199 0.998298
Pedestrian -1 -1 -10 676.000000 152.000000 739.000000 322.000000 1.697960 0.601873 0.765011 0.933954 1.565572 7.173963 -1.381950 0.995346
Pedestrian -1 -1 -10 542.000000 165.000000 573.000000 250.000000 1.759829 0.590040 0.689195 -0.961837 1.630133 15.115415 0.477196 0.981472
Pedestrian -1 -1 -10 342.000000 165.000000 365.000000 235.000000 1.596422 0.582892 0.614227 -7.863455 0.821830 22.001981 -1.876579 0.905563
Pedestrian -1 -1 -10 605.000000 163.000000 635.000000 239.000000 1.646313 0.604222 0.643308 0.538641 1.491859 16.538881 1.061109 0.882987
Pedestrian -1 -1 -10 633.000000 162.000000 664.000000 247.000000 1.667779 0.623940 0.691644 0.916475 1.563501 14.914318 -1.471892 0.872784
Pedestrian -1 -1 -10 556.000000 164.000000 589.000000 242.000000 1.760671 0.576298 0.703155 -0.869325 1.679155 15.732037 0.530742 0.850633
Pedestrian -1 -1 -10 1143.000000 138.000000 1228.000000 297.000000 1.631375 0.605626 0.656269 5.969180 1.450363 7.533551 -0.840989 0.705491
Pedestrian -1 -1 -10 628.000000 171.000000 649.000000 245.000000 1.657975 0.604926 0.660717 0.945758 1.593751 15.138564 -1.478712 0.208949
Pedestrian -1 -1 -10 711.000000 173.000000 740.000000 236.000000 1.606766 0.603542 0.566639 2.945553 1.455978 16.517303 -1.385204 0.133138
Pedestrian -1 -1 -10 678.000000 162.000000 714.000000 237.000000 1.620344 0.597147 0.535451 2.752405 1.539809 17.060030 1.156645 0.126924
Car -1 -1 -10 300.000000 157.000000 511.000000 301.000000 1.575989 1.630439 3.751227 -2.893134 1.455119 10.885061 1.768674 0.891440
Cyclist -1 -1 -10 630.000000 162.000000 662.000000 244.000000 1.655704 0.618390 0.695934 0.932776 1.530983 14.920413 -1.485378 0.152945
Cyclist -1 -1 -10 340.000000 166.000000 365.000000 235.000000 1.675099 0.569516 0.689336 -7.749030 1.155750 21.890606 -1.857120 0.057888
Cyclist -1 -1 -10 673.000000 165.000000 710.000000 232.000000 1.577511 0.613965 0.568025 2.671289 1.410957 17.980871 -1.433340 0.052662
Cyclist -1 -1 -10 607.000000 162.000000 639.000000 240.000000 1.676097 0.622301 0.605157 0.721667 1.513928 15.892155 1.038953 0.050900
Cyclist -1 -1 -10 697.000000 174.000000 736.000000 238.000000 1.739773 0.473354 1.572308 2.846335 1.221833 17.497932 -1.401694 0.029592
Cyclist -1 -1 -10 678.000000 161.000000 727.000000 283.000000 1.647914 0.584066 0.718253 0.916311 1.423326 7.187276 -1.401078 0.014722
Cyclist -1 -1 -10 1140.000000 132.000000 1227.000000 306.000000 1.678845 0.558940 0.721267 5.758630 1.376857 7.171667 -0.841005 0.014300
