Car -1 -1 -10 574.000000 175.000000 611.000000 208.000000 1.538704 1.619529 3.895462 -0.752803 1.170997 37.619671 -1.591842 0.999272
Car -1 -1 -10 268.000000 184.000000 436.000000 286.000000 1.591392 1.623715 3.790188 -4.484985 1.636060 12.917969 -1.379748 0.999221
Car -1 -1 -10 473.000000 181.000000 520.000000 214.000000 1.501025 1.600863 3.706102 -4.909934 1.239606 31.816937 -1.588425 0.996904
Car -1 -1 -10 413.000000 181.000000 486.000000 231.000000 1.523973 1.581748 3.725141 -4.948911 1.347557 22.397998 -1.632355 0.995566
Car -1 -1 -10 258.000000 175.000000 357.000000 239.000000 1.538822 1.642441 3.896613 -8.844244 1.319039 20.916898 -1.947064 0.993844
Car -1 -1 -10 0.000000 199.000000 171.000000 312.000000 1.518131 1.619580 3.860165 -8.460551 1.676940 10.562267 -1.616284 0.284631
Car -1 -1 -10 360.000000 183.000000 420.000000 212.000000 1.463879 1.628416 3.522437 -10.466508 1.254144 36.513664 1.346988 0.125965
Car -1 -1 -10 4.000000 162.000000 199.000000 249.000000 1.700032 1.648113 3.994674 -12.498658 1.238589 18.123814 -1.577221 0.033295
Car -1 -1 -10 898.000000 223.000000 1197.000000 369.000000 1.482773 1.542449 3.647098 3.268896 1.777760 3.829425 1.541785 0.023866
Car -1 -1 -10 0.000000 202.000000 111.000000 278.000000 1.545512 1.638124 3.899462 -12.776446 1.443678 16.778093 -2.214402 0.015064
Car -1 -1 -10 514.000000 167.000000 549.000000 201.000000 1.596938 1.560661 3.857769 -5.172710 0.659453 48.154429 -1.571894 0.012277
