Pedestrian -1 -1 -10 1010.000000 146.000000 1102.000000 330.000000 1.692234 0.585984 0.679777 4.231425 1.485570 6.634412 -0.947939 0.995323
Pedestrian -1 -1 -10 554.000000 164.000000 567.000000 204.000000 1.665054 0.602633 0.725905 -1.725868 1.097082 32.910922 -1.588581 0.842468
Pedestrian -1 -1 -10 628.000000 165.000000 637.000000 192.000000 1.696987 0.586315 0.678493 2.034145 0.898171 45.142882 0.587550 0.543620
Pedestrian -1 -1 -10 617.000000 164.000000 626.000000 190.000000 1.597338 0.608494 0.650848 1.832612 0.828588 55.565485 -1.518592 0.305060
Pedestrian -1 -1 -10 634.000000 165.000000 642.000000 192.000000 1.731115 0.609764 0.645035 2.370581 0.943926 47.919649 -1.481640 0.262682
Pedestrian -1 -1 -10 642.000000 164.000000 651.000000 192.000000 1.671271 0.646875 0.653633 3.178219 0.864118 46.423784 -1.478995 0.155941
Pedestrian -1 -1 -10 603.000000 163.000000 613.000000 193.000000 1.780820 0.608867 0.627318 0.562298 0.859124 54.196370 1.641585 0.140839
Pedestrian -1 -1 -10 551.000000 167.000000 562.000000 201.000000 1.624827 0.618919 0.630817 -1.742877 1.257968 33.464236 -1.589689 0.105472
Pedestrian -1 -1 -10 639.000000 164.000000 648.000000 192.000000 1.672424 0.630120 0.598190 2.978303 0.935786 48.554765 -1.488267 0.087229
Pedestrian -1 -1 -10 609.000000 164.000000 617.000000 192.000000 1.631875 0.595652 0.637144 1.015908 1.061544 55.562062 -1.540682 0.079111
Pedestrian -1 -1 -10 1031.000000 164.000000 1065.000000 210.000000 1.830764 0.611562 0.670903 1.564137 1.288566 3.286394 2.191435 0.050807
Pedestrian -1 -1 -10 1071.000000 135.000000 1101.000000 215.000000 1.895301 0.664911 0.764742 3.072072 1.901065 5.946789 2.237640 0.043515
Pedestrian -1 -1 -10 462.000000 171.000000 482.000000 220.000000 1.625675 0.598204 0.563890 -4.559992 1.607057 24.801427 -1.738120 0.041642
Pedestrian -1 -1 -10 626.000000 164.000000 633.000000 191.000000 1.674481 0.601882 0.731564 2.022038 0.874581 44.626690 -1.488080 0.027780
Pedestrian -1 -1 -10 1003.000000 146.000000 1022.000000 192.000000 1.746985 0.677634 0.786890 3.470650 1.588214 7.321925 -1.087622 0.027268
Pedestrian -1 -1 -10 594.000000 168.000000 615.000000 198.000000 1.719721 0.586738 0.598798 0.071839 0.581322 45.302866 -1.577919 0.026122
Pedestrian -1 -1 -10 568.000000 170.000000 580.000000 202.000000 1.687734 0.599376 0.564125 -1.699772 1.005365 49.452787 -1.629684 0.014475
Pedestrian -1 -1 -10 1018.000000 157.000000 1066.000000 268.000000 1.610462 0.602142 0.647852 7.502848 1.098283 12.276369 -0.996307 0.014069
Car -1 -1 -10 562.000000 172.000000 620.000000 221.000000 1.494032 1.611700 3.898990 -0.350761 1.228765 23.238925 1.596083 0.998811
Car -1 -1 -10 948.000000 159.000000 1039.000000 207.000000 1.598123 1.632306 3.505197 3.943293 1.668957 8.872248 2.087144 0.577533
Cyclist -1 -1 -10 1025.000000 155.000000 1062.000000 211.000000 1.845715 0.603612 0.695833 1.481634 1.227655 3.298830 2.189612 0.029605
Cyclist -1 -1 -10 1003.000000 150.000000 1104.000000 328.000000 1.661227 0.577682 0.658353 4.265697 1.416188 6.651584 -0.957868 0.014618
