Pedestrian -1 -1 -10 1000.000000 146.000000 1126.000000 368.000000 1.673437 0.611072 0.743714 3.031080 1.652787 4.383127 -0.957853 0.999236
Pedestrian -1 -1 -10 580.000000 139.000000 666.000000 372.000000 1.753129 0.586384 0.753790 0.163455 1.672035 5.142887 0.573446 0.997860
Pedestrian -1 -1 -10 880.000000 144.000000 992.000000 371.000000 1.667278 0.612197 0.733669 2.223538 1.586655 4.509710 -1.099318 0.996831
Pedestrian -1 -1 -10 526.000000 140.000000 569.000000 260.000000 1.725991 0.602116 0.767171 -0.738483 1.345802 10.669555 -1.601190 0.995703
Pedestrian -1 -1 -10 268.000000 157.000000 350.000000 344.000000 1.704095 0.601370 0.725038 -2.641070 1.718491 6.237595 0.150807 0.995380
Pedestrian -1 -1 -10 835.000000 153.000000 903.000000 339.000000 1.672353 0.601164 0.575041 2.326778 1.615192 5.684393 1.373426 0.989586
Pedestrian -1 -1 -10 747.000000 145.000000 817.000000 335.000000 1.716491 0.595856 0.750037 1.687782 1.573713 6.602516 -1.270711 0.987663
Pedestrian -1 -1 -10 673.000000 144.000000 737.000000 364.000000 1.627042 0.596062 0.670507 1.053815 1.433779 6.001115 -1.394468 0.970745
Pedestrian -1 -1 -10 713.000000 160.000000 778.000000 351.000000 1.711071 0.595087 0.717900 1.081200 1.594590 6.244339 0.731986 0.906469
Pedestrian -1 -1 -10 715.000000 137.000000 758.000000 236.000000 1.527141 1.531475 3.735965 1.573989 1.099004 11.848880 1.780613 0.783647
Pedestrian -1 -1 -10 626.000000 144.000000 686.000000 359.000000 1.724875 0.597330 0.714814 0.268440 1.576070 5.155680 -1.448856 0.767440
Pedestrian -1 -1 -10 647.000000 137.000000 690.000000 259.000000 1.649596 0.600005 0.702175 1.033145 1.083555 10.950080 -1.446271 0.663752
Pedestrian -1 -1 -10 249.000000 131.000000 290.000000 259.000000 1.596338 0.617267 0.605823 -5.008483 1.071182 11.174312 0.576923 0.662478
Pedestrian -1 -1 -10 755.000000 147.000000 779.000000 208.000000 1.671246 0.611679 0.701489 5.561397 0.574140 23.198844 -1.309855 0.418958
Pedestrian -1 -1 -10 859.000000 153.000000 939.000000 358.000000 1.662047 0.602059 0.719602 2.218380 1.571296 4.491344 -1.138308 0.291827
Cyclist -1 -1 -10 309.000000 138.000000 345.000000 208.000000 1.600533 0.575919 0.660462 -7.985577 0.565997 20.470173 -1.901800 0.470709
Cyclist -1 -1 -10 313.000000 145.000000 384.000000 209.000000 1.491603 1.568564 3.578357 -9.527311 0.539627 26.022947 1.257593 0.149444
Cyclist -1 -1 -10 534.000000 146.000000 565.000000 183.000000 1.704607 0.537622 1.612303 -1.982690 0.336468 29.133175 -1.623185 0.141764
Cyclist -1 -1 -10 704.000000 148.000000 784.000000 285.000000 1.617500 0.576267 0.672186 1.205251 1.232718 6.370077 -1.334330 0.091862
Cyclist -1 -1 -10 550.000000 145.000000 566.000000 191.000000 1.702063 0.625457 0.708834 -2.046731 0.331706 29.227332 -1.628236 0.083751
Cyclist -1 -1 -10 628.000000 140.000000 690.000000 303.000000 1.686749 0.556795 0.706398 0.248978 1.505374 5.407771 -1.434168 0.078901
Cyclist -1 -1 -10 527.000000 143.000000 565.000000 214.000000 1.488113 1.576821 3.404118 -1.329452 1.603673 6.393348 1.558458 0.057601
Cyclist -1 -1 -10 266.000000 148.000000 346.000000 340.000000 1.676089 0.604715 0.717037 -2.663348 1.637490 6.197344 -1.925233 0.046694
Cyclist -1 -1 -10 248.000000 131.000000 290.000000 262.000000 1.645936 0.624654 0.607413 -5.027402 0.990415 11.220869 0.596667 0.031303
Cyclist -1 -1 -10 736.000000 144.000000 777.000000 224.000000 1.615118 0.598499 0.637416 4.146793 0.768528 18.176231 -1.347602 0.029704
Cyclist -1 -1 -10 635.000000 144.000000 679.000000 232.000000 1.790046 0.590989 0.657521 -0.129971 1.122303 3.041871 1.710159 0.027525
Cyclist -1 -1 -10 594.000000 142.000000 682.000000 360.000000 1.711542 0.562830 0.757101 0.157825 1.582777 5.189249 -1.468171 0.017834
Cyclist -1 -1 -10 712.000000 138.000000 765.000000 240.000000 1.830171 0.586943 0.666656 0.107048 1.069117 2.634070 1.813500 0.017098
Cyclist -1 -1 -10 742.000000 153.000000 809.000000 279.000000 1.688150 0.585052 0.634607 2.445393 1.090617 11.467869 -1.345016 0.012218
