Pedestrian -1 -1 -10 872.000000 162.000000 928.000000 283.000000 1.692199 0.585693 0.688042 4.199699 1.559333 9.796945 -1.121499 0.991146
Pedestrian -1 -1 -10 -2.000000 155.000000 244.000000 379.000000 1.685704 0.575598 0.741344 -2.504777 1.693542 3.553919 -0.035828 0.381992
Pedestrian -1 -1 -10 575.000000 162.000000 585.000000 196.000000 1.750870 0.613400 0.818899 -1.146437 0.940141 41.120629 -1.552179 0.353555
Pedestrian -1 -1 -10 556.000000 161.000000 569.000000 196.000000 1.701457 0.601077 0.761096 -2.172704 1.089084 39.984763 -1.583503 0.170784
Pedestrian -1 -1 -10 636.000000 162.000000 645.000000 190.000000 1.679287 0.645091 0.660328 2.778189 0.816005 49.156183 2.098487 0.090798
Pedestrian -1 -1 -10 746.000000 159.000000 767.000000 224.000000 1.619129 0.594399 0.541019 6.143250 0.963139 25.987649 -1.353520 0.066556
Pedestrian -1 -1 -10 1147.000000 252.000000 1190.000000 318.000000 1.824994 0.611867 0.676722 2.263394 1.449848 3.686116 2.313205 0.053808
Pedestrian -1 -1 -10 5.000000 176.000000 122.000000 371.000000 1.625775 0.589658 0.666764 -2.430426 1.625259 3.535970 -2.181180 0.030249
Pedestrian -1 -1 -10 865.000000 159.000000 899.000000 249.000000 1.664346 0.614989 0.570517 5.945563 1.356188 15.351320 2.428253 0.017088
Pedestrian -1 -1 -10 859.000000 153.000000 877.000000 214.000000 1.769333 0.583993 0.613010 10.158217 0.594447 27.716235 -1.225673 0.016080
Pedestrian -1 -1 -10 645.000000 163.000000 651.000000 190.000000 1.708879 0.609199 0.691229 3.271880 0.869151 48.858358 2.114139 0.015957
Pedestrian -1 -1 -10 864.000000 155.000000 885.000000 224.000000 1.628653 0.609234 0.681131 7.053539 1.089900 17.741309 -1.170897 0.013922
Pedestrian -1 -1 -10 285.000000 167.000000 433.000000 362.000000 1.685759 0.586006 0.752325 -2.033015 1.755839 6.215672 0.226798 0.010225
Car -1 -1 -10 594.000000 170.000000 627.000000 197.000000 1.515754 1.618813 3.876367 0.655470 1.143900 38.771802 -1.538216 0.998218
Cyclist -1 -1 -10 293.000000 163.000000 433.000000 373.000000 1.683980 0.567012 0.745639 -2.045171 1.693872 6.235947 -1.837598 0.999094
Cyclist -1 -1 -10 -5.000000 155.000000 253.000000 373.000000 1.674621 0.564153 0.709767 -2.565330 1.610970 3.559461 -2.109948 0.991771
Cyclist -1 -1 -10 3.000000 184.000000 119.000000 366.000000 1.600073 0.587617 0.637362 -2.439843 1.575758 3.563710 -2.187116 0.049924
