Pedestrian -1 -1 -10 760.000000 176.000000 784.000000 215.000000 1.700421 0.647090 0.505023 7.971531 2.078256 34.771090 1.253543 0.036924
Car -1 -1 -10 734.000000 177.000000 909.000000 284.000000 1.455131 1.577569 4.019059 3.621803 1.534151 11.964715 -1.476236 0.999189
Car -1 -1 -10 156.000000 195.000000 378.000000 300.000000 1.512824 1.618527 3.793655 -5.851436 2.048954 12.564866 1.626697 0.998946
Car -1 -1 -10 813.000000 184.000000 1219.000000 375.000000 1.459765 1.623640 4.047204 3.441682 1.588621 6.646734 1.524893 0.998869
Car -1 -1 -10 689.000000 181.000000 753.000000 231.000000 1.438196 1.566024 3.905351 3.809524 1.839908 22.325580 1.278028 0.997806
Car -1 -1 -10 336.000000 190.000000 437.000000 256.000000 1.518174 1.547519 3.708865 -5.704949 2.103779 18.226111 1.705581 0.997777
Car -1 -1 -10 436.000000 185.000000 498.000000 227.000000 1.503026 1.568916 3.686511 -5.640087 2.144490 27.209632 1.813624 0.996476
Car -1 -1 -10 670.000000 181.000000 724.000000 219.000000 1.402121 1.553186 3.702376 3.791942 1.870909 28.120566 -1.497823 0.937792
Car -1 -1 -10 3.000000 214.000000 117.000000 372.000000 1.501531 1.618646 3.790034 -6.145554 1.999577 6.535873 -2.181636 0.791910
Car -1 -1 -10 655.000000 178.000000 697.000000 209.000000 1.413813 1.556794 3.747930 3.689833 1.772430 36.227189 -1.531874 0.729030
Car -1 -1 -10 1066.000000 157.000000 1244.000000 310.000000 1.422095 1.594601 3.637164 6.864122 1.686723 8.388419 -0.903799 0.633411
Car -1 -1 -10 0.000000 187.000000 111.000000 247.000000 1.445225 1.537400 3.791774 -14.303762 1.707960 18.137815 0.326555 0.309709
Car -1 -1 -10 496.000000 179.000000 533.000000 206.000000 1.517224 1.560408 3.624709 -6.285771 2.196344 40.125900 2.040107 0.098442
Cyclist -1 -1 -10 760.000000 176.000000 784.000000 215.000000 1.719640 0.652993 0.512227 7.991630 2.056089 34.824933 -1.341345 0.109806
