Car -1 -1 -10 741.000000 178.000000 933.000000 295.000000 1.469478 1.584889 4.013593 3.582120 1.517867 10.727045 1.462248 0.999373
Car -1 -1 -10 104.000000 196.000000 356.000000 314.000000 1.512869 1.640113 3.801044 -5.882332 2.024386 11.420779 1.614229 0.999195
Car -1 -1 -10 691.000000 180.000000 763.000000 233.000000 1.441557 1.562364 3.870090 3.694713 1.784204 21.379244 1.279499 0.998446
Car -1 -1 -10 309.000000 190.000000 427.000000 260.000000 1.530594 1.554353 3.695684 -5.700120 2.082301 17.132118 1.685455 0.998160
Car -1 -1 -10 426.000000 185.000000 495.000000 229.000000 1.514879 1.568402 3.704831 -5.612794 2.159772 26.045257 1.786011 0.997913
Car -1 -1 -10 831.000000 185.000000 1247.000000 375.000000 1.451734 1.628198 4.224027 3.394965 1.505524 5.320047 1.572745 0.996278
Car -1 -1 -10 670.000000 180.000000 731.000000 220.000000 1.401136 1.554031 3.714757 3.728178 1.798332 27.015806 -1.488522 0.918374
Car -1 -1 -10 655.000000 178.000000 699.000000 209.000000 1.417695 1.558176 3.756264 3.642302 1.699935 35.118648 -1.539857 0.265588
Car -1 -1 -10 493.000000 178.000000 532.000000 206.000000 1.526082 1.569517 3.699926 -6.348975 2.133234 38.673218 2.037650 0.161963
Car -1 -1 -10 209.000000 186.000000 319.000000 225.000000 1.493183 1.575986 3.765088 -14.672242 1.809391 32.788053 1.111996 0.068062
Car -1 -1 -10 -1.000000 186.000000 77.000000 253.000000 1.448546 1.508304 3.656178 -13.643146 1.823375 17.103496 0.361508 0.030855
