Car -1 -1 -10 571.000000 180.000000 607.000000 212.000000 1.521440 1.617156 3.873362 -0.941479 1.377813 38.563895 -1.597575 0.999700
Car -1 -1 -10 224.000000 192.000000 448.000000 330.000000 1.576017 1.609147 3.708037 -3.547933 1.673395 9.329321 1.672987 0.999576
Car -1 -1 -10 48.000000 193.000000 263.000000 291.000000 1.568767 1.642674 3.794412 -7.871508 1.715783 12.726753 -1.549613 0.998521
Car -1 -1 -10 426.000000 186.000000 497.000000 230.000000 1.528807 1.602530 3.731168 -5.099760 1.495595 25.160270 1.535781 0.998477
Car -1 -1 -10 49.000000 195.000000 191.000000 254.000000 1.454773 1.577020 3.736606 -13.006036 1.506882 18.863483 -2.144362 0.937505
Car -1 -1 -10 193.000000 179.000000 304.000000 231.000000 1.594475 1.613205 3.849914 -13.147536 1.527418 25.704210 -1.495008 0.522081
Car -1 -1 -10 351.000000 191.000000 411.000000 228.000000 1.494499 1.593790 3.847680 -9.289120 1.214074 29.001334 1.361835 0.432565
Car -1 -1 -10 277.000000 194.000000 365.000000 243.000000 1.479044 1.655912 3.600013 -12.238553 1.987390 28.199150 -1.938624 0.043054
Car -1 -1 -10 144.000000 194.000000 238.000000 243.000000 1.451815 1.520464 3.631475 -16.566382 1.448841 27.766358 1.618274 0.019454
Car -1 -1 -10 425.000000 181.000000 466.000000 213.000000 1.560751 1.640199 3.680180 -8.945021 1.675654 38.088241 -1.766165 0.018819
Cyclist -1 -1 -10 283.000000 192.000000 348.000000 232.000000 1.676504 0.580914 0.624530 -12.073694 2.049225 27.626597 -1.964852 0.011486
