Pedestrian -1 -1 -10 755.000000 157.000000 803.000000 263.000000 1.660381 0.606152 0.706194 2.749059 1.422108 10.885733 -1.296122 0.939743
Pedestrian -1 -1 -10 1159.000000 231.000000 1236.000000 373.000000 1.846987 0.601006 0.728190 1.724291 1.365441 2.457294 -0.900721 0.305970
Pedestrian -1 -1 -10 514.000000 165.000000 536.000000 222.000000 1.687943 0.654495 0.698007 -3.420634 1.216546 32.721661 -1.662255 0.208373
Pedestrian -1 -1 -10 422.000000 171.000000 440.000000 224.000000 1.686469 0.601334 0.612758 -7.086070 1.302395 28.778468 1.835030 0.055414
Pedestrian -1 -1 -10 504.000000 168.000000 545.000000 232.000000 1.657169 0.605916 0.698082 -3.459239 1.245227 32.326736 -1.656812 0.023970
Pedestrian -1 -1 -10 580.000000 167.000000 592.000000 197.000000 1.732422 0.570300 0.706656 -0.998678 1.225134 42.237159 -1.530281 0.018227
Pedestrian -1 -1 -10 478.000000 166.000000 491.000000 223.000000 1.599584 0.599335 0.673470 -4.027379 0.965628 26.147198 -1.755593 0.013837
Pedestrian -1 -1 -10 596.000000 167.000000 606.000000 197.000000 1.632309 0.623933 0.615649 0.077177 1.162704 43.250740 -1.521033 0.011841
Car -1 -1 -10 375.000000 179.000000 555.000000 313.000000 1.493576 1.589329 3.774031 -1.690265 1.590059 9.733610 1.774135 0.998668
Cyclist -1 -1 -10 505.000000 170.000000 544.000000 232.000000 1.653928 0.593301 0.723795 -3.365525 1.171941 32.222575 -1.654171 0.643508
Cyclist -1 -1 -10 480.000000 175.000000 537.000000 227.000000 1.755471 0.660514 0.627148 -3.793073 1.147959 33.763790 0.939280 0.126540
Cyclist -1 -1 -10 514.000000 165.000000 536.000000 222.000000 1.659426 0.595029 0.728213 -3.376660 1.166994 32.259588 -1.653530 0.096286
Cyclist -1 -1 -10 1162.000000 237.000000 1237.000000 372.000000 1.814789 0.590695 0.667040 2.340558 1.329838 3.586472 2.332835 0.077554
Cyclist -1 -1 -10 418.000000 172.000000 442.000000 228.000000 1.624994 0.618685 0.547171 -5.561338 1.253591 23.691115 -1.790931 0.073683
Cyclist -1 -1 -10 478.000000 166.000000 491.000000 223.000000 1.587387 0.601928 0.703418 -4.096953 0.927402 26.225511 -1.753930 0.037236
Cyclist -1 -1 -10 473.000000 172.000000 502.000000 221.000000 1.729409 0.664554 0.641602 -5.530007 1.338681 35.208256 1.901943 0.032777
Cyclist -1 -1 -10 428.000000 173.000000 447.000000 224.000000 1.701209 0.610720 0.642709 -6.953764 1.261418 29.693211 -1.790565 0.027036
Cyclist -1 -1 -10 380.000000 177.000000 551.000000 310.000000 1.503529 1.613491 3.904873 -1.511901 1.574304 9.392475 1.506437 0.019612
Cyclist -1 -1 -10 438.000000 178.000000 469.000000 218.000000 1.445852 1.527231 3.705191 -7.288238 1.155733 34.146374 1.361090 0.015192
Cyclist -1 -1 -10 417.000000 178.000000 481.000000 226.000000 1.706517 0.484762 1.623552 -6.944478 1.341343 29.871068 -1.771756 0.014347
