Pedestrian -1 -1 -10 3.000000 191.000000 128.000000 379.000000 1.624450 0.586673 0.644275 -4.642977 2.130627 5.629906 -2.190545 0.013136
Car -1 -1 -10 681.000000 182.000000 774.000000 249.000000 1.446930 1.568492 3.836590 3.066100 1.749942 17.591707 -1.530790 0.998751
Car -1 -1 -10 169.000000 174.000000 418.000000 251.000000 1.536231 1.651352 4.181707 -6.550245 1.617402 16.445409 -3.109637 0.988899
Car -1 -1 -10 -6.000000 167.000000 291.000000 320.000000 1.615005 1.604758 3.905447 -5.867592 1.573294 9.055919 -1.681252 0.988100
Car -1 -1 -10 804.000000 194.000000 1246.000000 374.000000 1.452867 1.598449 3.945126 3.242435 1.536457 5.194731 1.579890 0.977133
Car -1 -1 -10 404.000000 175.000000 504.000000 217.000000 1.512753 1.589454 3.712262 -5.439458 1.601938 28.026197 1.850175 0.927448
Car -1 -1 -10 654.000000 173.000000 707.000000 219.000000 1.446737 1.591411 3.795582 3.034973 1.645118 28.397438 -1.528678 0.920780
Car -1 -1 -10 278.000000 168.000000 469.000000 231.000000 1.619935 1.706699 4.118676 -6.145884 1.536719 21.371585 -3.052669 0.609347
Car -1 -1 -10 91.000000 181.000000 306.000000 279.000000 1.493473 1.607531 3.778379 -6.150354 1.610984 11.258266 -2.061088 0.409550
Car -1 -1 -10 0.000000 191.000000 142.000000 376.000000 1.486505 1.622290 3.808229 -5.596820 1.871499 6.120366 -2.212812 0.369871
Car -1 -1 -10 439.000000 176.000000 536.000000 207.000000 1.472141 1.500855 3.867692 -5.863824 1.628454 39.271384 -2.907899 0.099638
Car -1 -1 -10 705.000000 184.000000 770.000000 224.000000 1.513234 1.606026 3.675115 6.481558 1.821598 29.913551 -1.367846 0.032894
Car -1 -1 -10 641.000000 175.000000 681.000000 205.000000 1.388737 1.663464 3.874909 2.825548 2.035855 42.379764 1.132494 0.026495
