Pedestrian -1 -1 -10 1147.000000 161.000000 1195.000000 261.000000 1.643780 0.608384 0.696103 14.470354 1.394603 18.144239 -0.876660 0.094866
Pedestrian -1 -1 -10 0.000000 179.000000 98.000000 370.000000 1.656448 0.583001 0.691401 -4.934967 1.927620 5.707891 -2.201703 0.012531
Car -1 -1 -10 630.000000 178.000000 681.000000 218.000000 1.435287 1.579643 3.848229 2.062694 1.648555 29.818647 -1.598008 0.998260
Car -1 -1 -10 0.000000 162.000000 290.000000 300.000000 1.639871 1.640869 3.987283 -6.903441 1.625327 11.240467 -3.293924 0.997011
Car -1 -1 -10 1008.000000 189.000000 1242.000000 376.000000 1.491991 1.629879 3.802416 5.483554 1.687477 7.283257 -0.935520 0.993782
Car -1 -1 -10 802.000000 184.000000 1133.000000 286.000000 1.453584 1.615109 4.179438 5.601921 1.627680 11.984657 1.431849 0.978013
Car -1 -1 -10 324.000000 179.000000 466.000000 226.000000 1.454695 1.576218 4.115683 -7.615572 1.557714 26.997716 0.703393 0.977249
Car -1 -1 -10 766.000000 171.000000 968.000000 262.000000 1.473394 1.665465 4.045267 4.939156 1.521813 15.559047 1.513193 0.974954
Car -1 -1 -10 940.000000 185.000000 1188.000000 317.000000 1.465371 1.599074 4.087283 5.570771 1.635990 7.594922 1.562982 0.832512
Car -1 -1 -10 4.000000 175.000000 95.000000 373.000000 1.497283 1.608764 3.728056 -5.635227 1.685702 6.224722 -2.196086 0.384289
Car -1 -1 -10 616.000000 175.000000 646.000000 201.000000 1.526264 1.617215 3.682010 0.929684 2.040473 44.341588 -1.519187 0.183521
Car -1 -1 -10 382.000000 179.000000 487.000000 219.000000 1.485268 1.603025 3.974571 -6.756889 1.353613 28.314371 0.780085 0.127851
Cyclist -1 -1 -10 484.000000 174.000000 512.000000 234.000000 1.653248 0.580562 0.728158 -3.215406 2.021906 21.094344 -1.681895 0.992016
Cyclist -1 -1 -10 485.000000 178.000000 516.000000 206.000000 1.649773 0.699436 0.745140 -3.057078 2.194172 12.616284 1.408954 0.253261
Cyclist -1 -1 -10 1131.000000 169.000000 1211.000000 245.000000 1.598301 0.592496 0.635285 14.532453 1.372574 18.140376 -0.896792 0.029804
