Pedestrian -1 -1 -10 300.000000 169.000000 368.000000 330.000000 1.677993 0.607736 0.749203 -2.853093 1.746383 8.112998 -1.884995 0.997126
Pedestrian -1 -1 -10 777.000000 177.000000 839.000000 339.000000 1.656072 0.600719 0.686279 2.380329 1.783303 7.825089 -1.238075 0.996051
Pedestrian -1 -1 -10 975.000000 163.000000 1053.000000 349.000000 1.716434 0.605376 0.761988 4.051902 1.770283 6.886650 -1.003428 0.995105
Pedestrian -1 -1 -10 634.000000 172.000000 667.000000 251.000000 1.704763 0.609210 0.769623 1.065372 1.788802 17.373952 -1.465568 0.994212
Pedestrian -1 -1 -10 1049.000000 159.000000 1152.000000 348.000000 1.662045 0.610074 0.723365 4.546314 1.702654 6.500807 -0.927664 0.972231
Pedestrian -1 -1 -10 721.000000 177.000000 761.000000 297.000000 1.719112 0.589683 0.701892 2.065110 1.944820 10.634138 0.737777 0.959509
Pedestrian -1 -1 -10 691.000000 182.000000 733.000000 285.000000 1.679583 0.603490 0.648279 2.027995 1.946406 11.005440 0.719628 0.947605
Pedestrian -1 -1 -10 186.000000 172.000000 242.000000 321.000000 1.810800 0.610732 0.664564 -3.373142 1.736874 4.812314 1.156227 0.935626
Pedestrian -1 -1 -10 739.000000 180.000000 768.000000 287.000000 1.774319 0.576781 0.730254 2.091406 1.973376 10.593552 0.769954 0.253231
Pedestrian -1 -1 -10 777.000000 179.000000 812.000000 301.000000 1.637982 0.594067 0.648348 2.383266 1.762228 7.967267 -1.250845 0.234675
Pedestrian -1 -1 -10 783.000000 180.000000 832.000000 259.000000 1.630670 0.572797 0.524554 3.824388 1.396113 13.767246 -1.246090 0.088745
Pedestrian -1 -1 -10 804.000000 178.000000 829.000000 227.000000 1.654844 0.593624 0.607123 8.490788 1.842517 26.804341 -1.277794 0.072669
Pedestrian -1 -1 -10 783.000000 176.000000 807.000000 249.000000 1.820175 0.609782 0.673619 0.618281 1.388053 4.133554 1.903001 0.066781
Pedestrian -1 -1 -10 793.000000 180.000000 818.000000 237.000000 1.636160 0.607589 0.589050 7.903130 1.301836 27.604500 -1.298733 0.047720
Car -1 -1 -10 545.000000 183.000000 597.000000 223.000000 1.491672 1.584511 3.779987 -1.227411 1.647987 29.709133 1.677480 0.999356
Cyclist -1 -1 -10 174.000000 176.000000 247.000000 324.000000 1.736710 0.578189 0.639974 -4.339840 2.216582 8.244955 -2.084966 0.382483
Cyclist -1 -1 -10 636.000000 176.000000 673.000000 251.000000 1.701731 0.626464 0.734409 1.078977 1.743663 17.350338 -1.493984 0.374413
Cyclist -1 -1 -10 0.000000 212.000000 56.000000 331.000000 1.473409 1.609158 3.423601 -5.074641 1.708831 4.984987 0.970886 0.082206
Cyclist -1 -1 -10 775.000000 180.000000 833.000000 329.000000 1.631075 0.604873 0.668093 2.458582 1.744919 7.920807 -1.251950 0.075112
Cyclist -1 -1 -10 650.000000 179.000000 691.000000 249.000000 1.666258 0.626357 0.674358 1.312731 1.861948 17.241056 -1.479548 0.060724
Cyclist -1 -1 -10 780.000000 179.000000 814.000000 290.000000 1.601395 0.602566 0.618140 2.404368 1.621771 8.210431 -1.269311 0.027085
