Car -1 -1 -10 774.000000 162.000000 1152.000000 377.000000 1.485118 1.592623 3.998082 3.122581 1.497854 6.393572 -1.667971 0.999639
Car -1 -1 -10 702.000000 174.000000 866.000000 277.000000 1.454795 1.554711 3.897854 3.081268 1.526980 12.424871 -1.511186 0.997980
Car -1 -1 -10 84.000000 196.000000 407.000000 376.000000 1.526644 1.638922 3.731815 -3.628891 1.865887 7.622236 1.566059 0.997522
Car -1 -1 -10 349.000000 190.000000 477.000000 284.000000 1.434182 1.565636 3.694298 -3.658665 1.903636 13.093626 1.351418 0.997363
Car -1 -1 -10 463.000000 179.000000 526.000000 228.000000 1.505217 1.593450 3.731414 -3.826337 1.879378 23.462579 1.570521 0.992074
Car -1 -1 -10 686.000000 171.000000 776.000000 237.000000 1.472331 1.508251 3.842502 3.394038 1.542618 18.993859 -1.557424 0.987445
Car -1 -1 -10 421.000000 180.000000 495.000000 245.000000 1.455052 1.562684 3.712094 -3.780945 1.871628 18.973539 1.498514 0.980097
Car -1 -1 -10 671.000000 169.000000 733.000000 220.000000 1.454319 1.550562 3.762952 3.257695 1.517457 25.721619 -1.529053 0.948260
Car -1 -1 -10 634.000000 170.000000 671.000000 196.000000 1.526735 1.551526 3.652340 3.043656 1.590304 46.092165 -1.577305 0.734704
Car -1 -1 -10 1054.000000 180.000000 1246.000000 372.000000 1.477807 1.658556 3.588843 2.906039 1.641047 3.165805 2.197734 0.514616
Cyclist -1 -1 -10 1047.000000 175.000000 1245.000000 370.000000 1.673941 0.643748 0.594786 2.884364 1.762335 4.124106 1.687295 0.011570
