Pedestrian -1 -1 -10 711.000000 165.000000 764.000000 272.000000 1.687495 0.609242 0.744739 2.146635 1.660522 10.939965 -1.342191 0.987197
Pedestrian -1 -1 -10 882.000000 151.000000 899.000000 195.000000 1.745268 0.607470 0.791490 13.207056 0.855239 33.072333 0.914391 0.133757
Pedestrian -1 -1 -10 1002.000000 149.000000 1024.000000 212.000000 1.917550 0.671818 0.816246 2.688666 1.935828 6.224824 2.162322 0.089327
Pedestrian -1 -1 -10 21.000000 177.000000 49.000000 267.000000 1.719100 0.586181 0.595866 -2.479261 1.436016 3.290126 -2.256303 0.081727
Pedestrian -1 -1 -10 726.000000 169.000000 750.000000 201.000000 1.750329 0.601656 0.571786 7.312118 1.997249 37.661349 -1.403485 0.045498
Pedestrian -1 -1 -10 730.000000 167.000000 743.000000 195.000000 1.663815 0.578975 0.529526 9.266113 1.715587 47.365650 -1.375578 0.025041
Car -1 -1 -10 447.000000 173.000000 480.000000 199.000000 1.461317 1.602763 3.872123 -8.766382 1.118181 43.089731 -1.768567 0.998342
Car -1 -1 -10 0.000000 205.000000 294.000000 365.000000 1.487724 1.632850 3.811141 -3.169187 1.623709 3.668970 1.599469 0.974388
Cyclist -1 -1 -10 727.000000 169.000000 748.000000 201.000000 1.765514 0.594751 0.570748 7.631442 1.975519 37.813221 -1.393514 0.023714
Cyclist -1 -1 -10 22.000000 197.000000 276.000000 359.000000 1.657939 0.577808 0.732789 -2.672918 1.825882 3.208525 1.505340 0.023100
