Car -1 -1 -10 630.000000 178.000000 682.000000 219.000000 1.447055 1.562109 3.753861 2.053002 1.715549 28.927628 -1.583050 0.998177
Car -1 -1 -10 -1.000000 158.000000 266.000000 313.000000 1.675691 1.650473 3.993736 -6.835901 1.589252 10.477863 1.479729 0.997694
Car -1 -1 -10 982.000000 185.000000 1239.000000 351.000000 1.473088 1.586403 4.040757 5.555233 1.696389 6.707625 1.565160 0.993299
Car -1 -1 -10 311.000000 179.000000 456.000000 227.000000 1.394505 1.609463 4.153279 -7.563292 1.299047 25.345847 0.657602 0.989154
Car -1 -1 -10 780.000000 174.000000 992.000000 271.000000 1.495237 1.668067 4.139729 4.918846 1.520835 14.545214 1.527826 0.975636
Car -1 -1 -10 822.000000 185.000000 1156.000000 296.000000 1.453649 1.639049 4.133937 5.479871 1.620661 11.022512 1.462854 0.975204
Car -1 -1 -10 615.000000 175.000000 649.000000 201.000000 1.507229 1.610607 3.678447 0.881305 2.020303 43.322702 -1.516481 0.334775
Car -1 -1 -10 477.000000 177.000000 514.000000 202.000000 1.483272 1.562523 3.715154 -6.244117 1.520306 37.597140 -1.683922 0.250652
Car -1 -1 -10 375.000000 179.000000 480.000000 221.000000 1.502581 1.592663 4.052286 -6.592222 1.391299 26.872737 0.771472 0.128023
Cyclist -1 -1 -10 474.000000 174.000000 507.000000 238.000000 1.674074 0.579074 0.742727 -3.251130 2.012969 19.734508 -1.687469 0.992468
Cyclist -1 -1 -10 476.000000 179.000000 512.000000 208.000000 1.429009 1.667445 3.766537 -5.553195 1.663243 36.102432 -1.719554 0.624584
