Pedestrian -1 -1 -10 183.000000 162.000000 249.000000 319.000000 1.708196 0.607436 0.739956 -4.480330 1.659732 8.381777 -2.022112 0.995548
Pedestrian -1 -1 -10 393.000000 197.000000 447.000000 303.000000 1.613646 0.598948 0.635143 -2.175960 1.836653 8.353440 -1.791749 0.616166
Pedestrian -1 -1 -10 426.000000 191.000000 455.000000 261.000000 1.813877 0.605981 0.666587 -1.495422 1.440820 4.275140 1.416272 0.363068
Pedestrian -1 -1 -10 386.000000 198.000000 421.000000 274.000000 1.848656 0.612415 0.697109 -1.634451 1.567390 4.002053 1.374897 0.278111
Pedestrian -1 -1 -10 345.000000 199.000000 402.000000 305.000000 1.619358 0.594775 0.637725 -2.562223 1.891860 8.343084 -1.837471 0.253641
Pedestrian -1 -1 -10 401.000000 199.000000 428.000000 266.000000 1.670122 0.593629 0.594426 -5.426568 1.794973 20.640158 -1.827561 0.105160
Pedestrian -1 -1 -10 412.000000 197.000000 446.000000 261.000000 1.703829 0.589371 0.599814 -5.191336 1.762266 21.093489 -1.812672 0.087040
Pedestrian -1 -1 -10 350.000000 201.000000 388.000000 270.000000 1.618897 0.580578 0.555436 -5.361604 1.841453 16.313207 -1.847751 0.085690
Car -1 -1 -10 830.000000 126.000000 1236.000000 374.000000 1.520023 1.629246 4.128255 3.437595 1.216199 5.020068 1.547260 0.869344
Cyclist -1 -1 -10 512.000000 171.000000 558.000000 211.000000 1.876962 0.654838 0.823004 -3.171212 1.228814 30.405645 -1.693565 0.065702
Cyclist -1 -1 -10 393.000000 197.000000 453.000000 301.000000 1.615737 0.592110 0.652587 -2.224822 1.765930 8.432293 -1.787624 0.019839
