Pedestrian -1 -1 -10 505.000000 174.000000 524.000000 218.000000 1.651556 0.593750 0.710676 -3.574781 1.994182 26.858233 -1.655674 0.169070
Pedestrian -1 -1 -10 707.000000 161.000000 725.000000 212.000000 1.653458 0.597603 0.667975 4.074114 1.492766 27.807070 -1.378063 0.070238
Pedestrian -1 -1 -10 389.000000 177.000000 421.000000 252.000000 1.637652 0.587771 0.700572 -3.559723 1.914120 12.597594 -1.802441 0.064139
Pedestrian -1 -1 -10 426.000000 171.000000 472.000000 274.000000 1.709341 0.593395 0.767806 -2.827054 2.029037 12.960007 0.330228 0.018217
Car -1 -1 -10 638.000000 175.000000 671.000000 201.000000 1.492315 1.562378 3.743441 2.834269 1.678968 40.459528 1.061044 0.902176
Car -1 -1 -10 1002.000000 200.000000 1235.000000 371.000000 1.458716 1.644715 3.623200 2.591964 1.530706 2.495746 1.643122 0.898670
Car -1 -1 -10 0.000000 209.000000 181.000000 371.000000 1.523635 1.622531 3.733808 -5.030635 1.836222 5.727655 1.577831 0.824472
Car -1 -1 -10 376.000000 185.000000 450.000000 248.000000 1.483405 1.626459 3.827321 -5.616856 1.989849 20.928020 1.284616 0.245212
Car -1 -1 -10 498.000000 176.000000 530.000000 211.000000 1.514682 1.614448 3.612515 -3.545456 1.500705 27.711994 -1.683052 0.066802
Cyclist -1 -1 -10 422.000000 172.000000 477.000000 279.000000 1.718512 0.575289 0.764841 -2.842208 1.990602 12.945653 -1.732762 0.999605
Cyclist -1 -1 -10 506.000000 172.000000 524.000000 220.000000 1.637844 0.579446 0.724069 -3.570160 1.943772 26.882508 -1.659055 0.999013
Cyclist -1 -1 -10 377.000000 177.000000 435.000000 284.000000 1.683367 0.578787 0.740970 -3.498495 2.021544 12.524003 -1.797279 0.998718
Cyclist -1 -1 -10 707.000000 161.000000 726.000000 213.000000 1.729464 0.515359 1.639343 4.108384 1.462834 27.867575 -1.377708 0.759042
Cyclist -1 -1 -10 373.000000 187.000000 453.000000 245.000000 1.492534 1.625212 3.931686 -5.698244 2.102719 19.824074 1.295276 0.249252
Cyclist -1 -1 -10 997.000000 191.000000 1245.000000 377.000000 1.654084 0.579416 0.583127 2.072226 1.701379 2.217982 -0.961721 0.046411
Cyclist -1 -1 -10 389.000000 178.000000 420.000000 255.000000 1.639490 0.565116 0.708832 -3.555042 1.865448 12.656970 -1.799185 0.040790
