Car -1 -1 -10 810.000000 185.000000 1085.000000 334.000000 1.461922 1.608051 3.891825 3.975645 1.633171 8.064231 1.484087 0.999726
Car -1 -1 -10 501.000000 178.000000 545.000000 211.000000 1.511420 1.597171 3.715399 -4.210285 1.789945 35.031958 -1.580866 0.999530
Car -1 -1 -10 271.000000 189.000000 435.000000 279.000000 1.539077 1.573362 3.707509 -4.718323 1.962310 13.490911 1.681674 0.999369
Car -1 -1 -10 375.000000 185.000000 481.000000 249.000000 1.497455 1.551499 3.724766 -4.508400 1.968434 18.534445 1.688843 0.999085
Car -1 -1 -10 0.000000 191.000000 329.000000 374.000000 1.533134 1.656114 3.749379 -4.887270 1.928910 7.914314 1.530919 0.998898
Car -1 -1 -10 740.000000 179.000000 885.000000 269.000000 1.440439 1.580474 3.991463 3.905388 1.615425 13.430277 1.439798 0.997233
Car -1 -1 -10 712.000000 179.000000 800.000000 241.000000 1.455944 1.519201 3.848152 4.074121 1.651646 18.849555 -1.529987 0.994178
Car -1 -1 -10 700.000000 176.000000 761.000000 225.000000 1.419047 1.521659 3.724176 4.355235 1.632766 24.691298 -1.538374 0.975953
Car -1 -1 -10 1030.000000 185.000000 1239.000000 376.000000 1.465121 1.597958 3.763255 4.018074 1.819850 3.409298 1.589154 0.955039
Car -1 -1 -10 522.000000 177.000000 559.000000 206.000000 1.476921 1.537681 3.666864 -4.108026 1.889517 38.057306 1.983319 0.909737
Car -1 -1 -10 687.000000 175.000000 730.000000 214.000000 1.428413 1.538408 3.749567 4.505851 1.758655 31.772992 -1.442584 0.656553
Car -1 -1 -10 1085.000000 171.000000 1237.000000 224.000000 1.498140 1.523302 3.784867 15.367886 1.331973 19.821814 1.650311 0.378931
Cyclist -1 -1 -10 939.000000 176.000000 1032.000000 215.000000 1.688744 0.581021 0.602090 13.112615 1.353980 26.191522 -1.104891 0.016371
Cyclist -1 -1 -10 1029.000000 186.000000 1244.000000 376.000000 1.619607 0.582849 0.583347 3.289530 1.960351 3.411803 -0.951247 0.013820
