Pedestrian -1 -1 -10 747.000000 172.000000 762.000000 220.000000 1.559035 0.979059 3.150187 3.188501 4.485469 23.018837 1.556146 0.034584
Car -1 -1 -10 489.000000 187.000000 548.000000 225.000000 1.503702 1.594795 3.736376 -3.907570 2.211044 29.976893 1.848215 0.999514
Car -1 -1 -10 763.000000 191.000000 896.000000 278.000000 1.450626 1.548987 3.915223 4.525644 1.834482 13.673399 -1.431165 0.996953
Car -1 -1 -10 726.000000 183.000000 822.000000 247.000000 1.447031 1.523879 3.835251 4.700849 1.845810 20.066859 -1.522284 0.990005
Car -1 -1 -10 711.000000 184.000000 769.000000 231.000000 1.436386 1.510660 3.658298 4.718949 1.968007 24.877827 -1.453463 0.973117
Car -1 -1 -10 698.000000 183.000000 740.000000 219.000000 1.445322 1.589467 3.736988 4.863652 1.831086 30.342476 -1.451261 0.926746
Car -1 -1 -10 1.000000 219.000000 160.000000 376.000000 1.504158 1.609026 3.703261 -4.748389 1.843370 5.110820 -2.159043 0.624041
Car -1 -1 -10 522.000000 186.000000 562.000000 218.000000 1.476724 1.491121 3.552766 -3.634259 2.358885 33.729145 -1.602746 0.621247
Car -1 -1 -10 688.000000 182.000000 725.000000 214.000000 1.426322 1.557674 3.624959 4.780195 2.400775 33.974142 1.141295 0.406451
Car -1 -1 -10 823.000000 161.000000 1232.000000 375.000000 1.574049 1.666504 4.229354 4.122683 1.531304 7.558376 -1.601201 0.296774
