Car -1 -1 -10 711.000000 164.000000 913.000000 309.000000 1.518938 1.587140 4.110897 3.014567 1.489490 10.520041 -1.720224 0.999418
Car -1 -1 -10 -2.000000 187.000000 347.000000 295.000000 1.495450 1.590160 3.902402 -5.894844 1.565923 10.995189 1.463812 0.997218
Car -1 -1 -10 186.000000 173.000000 412.000000 260.000000 1.550031 1.602021 3.796697 -6.151691 1.637847 15.238131 -1.481626 0.993766
Car -1 -1 -10 688.000000 181.000000 786.000000 254.000000 1.433549 1.507301 3.696337 3.174143 1.794433 16.444563 -1.443524 0.980872
Car -1 -1 -10 269.000000 169.000000 449.000000 243.000000 1.591085 1.619927 3.955566 -5.819365 1.562828 18.306655 -3.082821 0.978867
Car -1 -1 -10 666.000000 176.000000 748.000000 232.000000 1.444871 1.540865 3.820388 3.157503 1.674032 21.433498 -1.556832 0.967798
Car -1 -1 -10 646.000000 175.000000 690.000000 208.000000 1.423685 1.573851 3.786573 2.957941 1.610909 33.654446 -1.543222 0.962750
Car -1 -1 -10 391.000000 172.000000 516.000000 210.000000 1.469216 1.547909 3.767366 -5.795806 1.744163 33.221953 1.349576 0.804584
Car -1 -1 -10 360.000000 170.000000 472.000000 223.000000 1.491326 1.568156 3.727412 -5.544097 1.569727 23.873307 1.805702 0.680875
Car -1 -1 -10 2.000000 190.000000 98.000000 375.000000 1.481192 1.609425 3.745402 -5.600839 1.767038 6.142481 -2.202652 0.165510
