Car -1 -1 -10 699.000000 185.000000 919.000000 335.000000 1.466485 1.594462 3.955194 2.749258 1.732939 9.341181 1.391645 0.999081
Car -1 -1 -10 32.000000 217.000000 435.000000 371.000000 1.488461 1.613369 3.750624 -2.982018 1.836296 5.735153 1.587844 0.994899
Car -1 -1 -10 630.000000 188.000000 662.000000 213.000000 1.534855 1.569635 3.835937 2.280144 2.380083 43.182625 -1.541537 0.970607
Car -1 -1 -10 61.000000 197.000000 403.000000 289.000000 1.354838 1.507392 3.525474 -5.437410 1.786113 10.863486 0.581307 0.941835
Car -1 -1 -10 265.000000 191.000000 421.000000 252.000000 1.467545 1.637618 3.888623 -6.369933 1.793265 18.347269 0.680030 0.831122
Car -1 -1 -10 382.000000 190.000000 500.000000 229.000000 1.503140 1.565830 3.963867 -6.431597 1.924964 27.856729 0.723510 0.727665
Car -1 -1 -10 435.000000 186.000000 513.000000 220.000000 1.587436 1.616750 4.033546 -6.530581 1.882362 34.122971 1.838875 0.175163
Car -1 -1 -10 352.000000 193.000000 468.000000 239.000000 1.368130 1.534274 3.736016 -6.402411 2.089997 24.054295 1.823247 0.048528
Car -1 -1 -10 722.000000 189.000000 777.000000 221.000000 1.456616 1.504727 3.740440 7.156437 2.181065 36.748864 1.293664 0.030660
Car -1 -1 -10 189.000000 201.000000 328.000000 261.000000 1.551736 1.406258 3.633701 -12.030525 4.420016 20.212218 0.990033 0.026039
