Pedestrian -1 -1 -10 310.000000 159.000000 355.000000 281.000000 1.713254 0.615518 0.766427 -4.022366 1.635952 11.042389 -1.900394 0.993093
Pedestrian -1 -1 -10 341.000000 158.000000 384.000000 276.000000 1.737627 0.603397 0.790854 -3.783252 1.663729 11.106256 -1.851523 0.979008
Pedestrian -1 -1 -10 483.000000 166.000000 491.000000 194.000000 1.662657 0.625736 0.719018 -8.183366 1.258353 50.101651 -1.696001 0.507550
Pedestrian -1 -1 -10 362.000000 165.000000 381.000000 221.000000 1.737378 0.606364 0.556802 -10.058157 0.829354 32.099721 -1.886512 0.054910
Pedestrian -1 -1 -10 336.000000 161.000000 363.000000 270.000000 1.752610 0.599104 0.779036 -3.819208 1.666511 11.072348 -1.862789 0.049632
Pedestrian -1 -1 -10 356.000000 160.000000 389.000000 240.000000 1.850246 0.664092 0.907901 -4.813946 2.796204 10.573351 1.300803 0.021413
Pedestrian -1 -1 -10 361.000000 164.000000 372.000000 202.000000 1.723405 0.590124 0.606839 -12.344809 0.544943 36.639109 -1.903676 0.020093
Pedestrian -1 -1 -10 365.000000 166.000000 377.000000 203.000000 1.830662 0.690586 0.886211 -2.651689 1.719244 6.032452 1.285130 0.016077
Car -1 -1 -10 537.000000 159.000000 583.000000 209.000000 1.533797 1.651910 3.841969 -1.827371 0.933470 29.381195 -1.655284 0.911663
Cyclist -1 -1 -10 483.000000 165.000000 491.000000 193.000000 1.734782 0.613216 0.692013 -8.311541 0.984798 50.660182 -1.719413 0.079356
Cyclist -1 -1 -10 342.000000 161.000000 387.000000 273.000000 1.717788 0.595901 0.793070 -3.804713 1.570237 11.138209 -1.860054 0.040960
Cyclist -1 -1 -10 356.000000 166.000000 387.000000 214.000000 1.414932 1.559408 3.727050 -9.554701 1.333121 29.644287 1.721696 0.011505
