Pedestrian -1 -1 -10 769.000000 171.000000 821.000000 283.000000 1.686671 0.598712 0.746733 2.844611 1.744879 10.471603 -1.265280 0.994296
Pedestrian -1 -1 -10 437.000000 178.000000 456.000000 244.000000 1.695522 0.611753 0.756755 -4.085630 1.840787 19.192305 -1.745872 0.978398
Pedestrian -1 -1 -10 451.000000 182.000000 467.000000 236.000000 1.736682 0.599753 0.652952 -4.528101 2.005911 22.107617 1.864275 0.632553
Pedestrian -1 -1 -10 259.000000 183.000000 288.000000 277.000000 1.664076 0.598166 0.621652 -5.899235 1.818528 13.151152 0.115038 0.516504
Pedestrian -1 -1 -10 1153.000000 146.000000 1236.000000 355.000000 1.829756 0.687088 0.895065 2.938903 1.459579 4.286311 2.296715 0.149106
Pedestrian -1 -1 -10 518.000000 180.000000 535.000000 220.000000 1.661465 0.605475 0.714783 -3.369140 1.847843 32.697770 -1.644261 0.065147
Pedestrian -1 -1 -10 1199.000000 151.000000 1238.000000 364.000000 1.822241 0.689352 0.892503 3.072984 1.461741 4.301418 2.314165 0.057620
Pedestrian -1 -1 -10 611.000000 179.000000 620.000000 210.000000 1.637336 0.606819 0.673504 0.824303 1.771197 42.241492 -1.527778 0.020607
Pedestrian -1 -1 -10 597.000000 178.000000 607.000000 210.000000 1.673203 0.589661 0.737910 0.084182 1.751806 42.218868 -1.515427 0.016988
Cyclist -1 -1 -10 1171.000000 156.000000 1237.000000 354.000000 1.802878 0.585100 0.641019 1.422111 1.092721 2.254856 2.330126 0.088623
Cyclist -1 -1 -10 513.000000 181.000000 537.000000 219.000000 1.708185 0.601104 0.740776 -3.598475 1.900168 32.453511 1.962523 0.016005
Cyclist -1 -1 -10 254.000000 182.000000 295.000000 281.000000 1.627498 0.613193 0.641680 -5.824664 1.813630 12.857267 -1.958717 0.010875
