Car -1 -1 -10 522.000000 178.000000 561.000000 206.000000 1.495312 1.611499 3.927988 -3.780147 1.764638 39.871256 1.500054 0.999361
Car -1 -1 -10 209.000000 175.000000 382.000000 279.000000 1.602337 1.598336 3.777601 -6.289220 1.899811 14.490606 1.638626 0.998868
Car -1 -1 -10 332.000000 179.000000 436.000000 241.000000 1.609055 1.602434 3.715447 -6.295183 2.012848 20.851048 1.664327 0.995853
Car -1 -1 -10 845.000000 171.000000 1229.000000 375.000000 1.427197 1.630700 4.128983 3.186468 1.474833 3.576581 1.501462 0.982520
Car -1 -1 -10 436.000000 182.000000 487.000000 215.000000 1.497624 1.567288 3.767569 -6.640665 1.920058 31.488687 1.749360 0.980727
Car -1 -1 -10 691.000000 165.000000 772.000000 192.000000 1.537100 1.690599 3.962200 8.218315 1.169296 48.269739 -0.350657 0.934202
Car -1 -1 -10 -2.000000 219.000000 162.000000 370.000000 1.506276 1.632549 3.772483 -6.192596 1.974422 6.883449 -2.857284 0.740497
Car -1 -1 -10 1012.000000 154.000000 1225.000000 212.000000 1.531415 1.668021 3.991392 15.389214 0.710890 22.020401 -0.960472 0.073328
Car -1 -1 -10 994.000000 157.000000 1235.000000 292.000000 1.413853 1.554709 3.730774 8.585674 1.048421 12.936832 1.686725 0.045741
Cyclist -1 -1 -10 -3.000000 218.000000 163.000000 371.000000 1.704716 0.572717 0.721968 -5.538504 2.166863 6.661602 -2.160347 0.016614
