Pedestrian -1 -1 -10 468.000000 176.000000 481.000000 204.000000 1.663336 0.602832 0.506254 -6.563638 1.709644 35.312404 -1.731649 0.187227
Car -1 -1 -10 758.000000 191.000000 1007.000000 350.000000 1.457171 1.572235 3.879887 3.264882 1.713713 8.249579 -1.712253 0.999070
Car -1 -1 -10 50.000000 194.000000 360.000000 364.000000 1.544958 1.652660 3.755712 -4.583153 1.914794 8.473532 1.552256 0.999021
Car -1 -1 -10 670.000000 181.000000 737.000000 241.000000 1.430322 1.553087 3.803561 2.957136 1.739719 20.253679 -1.546928 0.997418
Car -1 -1 -10 453.000000 182.000000 513.000000 227.000000 1.473443 1.578891 3.694196 -4.758153 2.024825 26.851146 1.521055 0.997148
Car -1 -1 -10 722.000000 184.000000 851.000000 289.000000 1.433382 1.583891 3.914883 3.410314 1.816839 12.114819 1.353104 0.936906
Car -1 -1 -10 660.000000 182.000000 715.000000 226.000000 1.444824 1.568716 3.838078 2.982082 1.852778 26.359327 -1.568199 0.902427
Car -1 -1 -10 480.000000 177.000000 526.000000 219.000000 1.492826 1.570624 3.715398 -4.714637 1.862124 32.320428 1.567849 0.870436
Car -1 -1 -10 645.000000 179.000000 683.000000 213.000000 1.436644 1.540716 3.802214 3.372466 1.811215 33.998999 1.137649 0.720678
Car -1 -1 -10 501.000000 178.000000 540.000000 211.000000 1.492802 1.556754 3.648675 -4.594979 1.855744 32.605070 -1.610665 0.502907
Car -1 -1 -10 272.000000 186.000000 370.000000 234.000000 1.463463 1.611402 3.851222 -9.072009 1.817059 23.317686 1.255966 0.170661
