Car -1 -1 -10 625.000000 182.000000 724.000000 250.000000 1.488681 1.569141 3.831753 1.743768 1.682407 17.888697 -1.572607 0.998339
Car -1 -1 -10 557.000000 175.000000 644.000000 212.000000 1.540778 1.703903 4.027854 -0.698591 1.736000 33.199559 -0.586857 0.996900
Car -1 -1 -10 760.000000 166.000000 857.000000 204.000000 1.567183 1.636912 3.869601 9.015562 1.217227 32.388366 -0.715225 0.996109
Car -1 -1 -10 696.000000 170.000000 797.000000 209.000000 1.547341 1.685029 4.060833 6.115498 1.327744 30.932603 -2.550297 0.992418
Car -1 -1 -10 835.000000 168.000000 904.000000 199.000000 1.533634 1.624047 3.770533 12.811627 1.223565 35.504331 -0.630473 0.972451
Car -1 -1 -10 938.000000 176.000000 1243.000000 374.000000 1.517208 1.612583 3.682315 3.071130 1.732311 3.262719 1.600262 0.848426
Car -1 -1 -10 878.000000 160.000000 962.000000 195.000000 1.574734 1.621915 3.879402 15.831807 1.095222 37.448802 -0.570304 0.457586
Car -1 -1 -10 680.000000 172.000000 746.000000 203.000000 1.446215 1.608904 3.648598 4.868022 1.533764 36.665868 -1.393725 0.039908
Cyclist -1 -1 -10 650.000000 174.000000 676.000000 209.000000 1.693384 0.583596 0.633143 2.924530 1.612643 39.232429 -1.507656 0.052034
Cyclist -1 -1 -10 656.000000 175.000000 695.000000 204.000000 1.643115 0.559288 1.728097 3.218359 1.456318 39.489487 -1.457603 0.035435
Cyclist -1 -1 -10 624.000000 180.000000 724.000000 252.000000 1.423959 1.597974 3.893658 1.470222 1.672165 16.849608 -1.620550 0.028213
Cyclist -1 -1 -10 666.000000 174.000000 717.000000 203.000000 1.638516 0.584958 0.572686 4.689080 1.688709 36.124304 -1.456399 0.014626
Cyclist -1 -1 -10 665.000000 173.000000 682.000000 213.000000 1.542288 1.425949 3.531198 0.626781 2.462235 19.979108 1.645505 0.012995
