Pedestrian -1 -1 -10 686.000000 177.000000 756.000000 244.000000 1.496321 1.598945 3.786215 3.167106 1.904200 16.447785 -1.495548 0.012372
Car -1 -1 -10 716.000000 184.000000 901.000000 304.000000 1.432178 1.598423 3.987773 3.085654 1.637668 10.006413 1.397589 0.998248
Car -1 -1 -10 306.000000 198.000000 470.000000 309.000000 1.480468 1.517697 3.635613 -3.875078 1.940533 9.946022 1.828625 0.995001
Car -1 -1 -10 1.000000 207.000000 371.000000 375.000000 1.500766 1.625492 3.771034 -3.660018 1.782669 6.262507 1.498675 0.994153
Car -1 -1 -10 695.000000 177.000000 792.000000 251.000000 1.433897 1.586835 3.887285 3.296680 1.637804 16.820551 -1.563925 0.994137
Car -1 -1 -10 816.000000 178.000000 1254.000000 375.000000 1.482018 1.604752 4.094870 3.091067 1.446683 4.837579 1.590000 0.993078
Car -1 -1 -10 407.000000 187.000000 490.000000 258.000000 1.457415 1.554227 3.718402 -3.703466 2.040087 17.548031 1.485036 0.980569
Car -1 -1 -10 677.000000 178.000000 744.000000 231.000000 1.456305 1.579623 3.781913 3.450075 1.859054 22.436157 -1.539601 0.961134
Car -1 -1 -10 451.000000 186.000000 526.000000 240.000000 1.461943 1.529528 3.763737 -3.847413 1.997032 21.936289 1.780687 0.951734
Car -1 -1 -10 635.000000 178.000000 677.000000 205.000000 1.511504 1.627004 3.807746 3.040675 1.785511 43.992475 -1.554680 0.756702
