Car -1 -1 -10 251.000000 194.000000 403.000000 278.000000 1.542984 1.606563 3.734849 -5.857003 2.108286 15.018948 1.646809 0.999696
Car -1 -1 -10 358.000000 189.000000 450.000000 247.000000 1.517656 1.539868 3.703406 -5.690139 2.121014 20.467184 1.659962 0.996779
Car -1 -1 -10 798.000000 153.000000 918.000000 197.000000 1.533880 1.642423 3.885690 9.646904 0.786387 29.132737 2.398369 0.994479
Car -1 -1 -10 404.000000 188.000000 481.000000 234.000000 1.486404 1.543367 3.825984 -5.919767 1.947999 25.039310 1.738464 0.986652
Car -1 -1 -10 443.000000 185.000000 506.000000 220.000000 1.479935 1.586561 3.825285 -5.695748 2.027686 31.311309 1.540727 0.955615
Car -1 -1 -10 488.000000 182.000000 529.000000 212.000000 1.383342 1.485836 3.622880 -5.375170 2.329044 37.209370 1.964174 0.923161
Car -1 -1 -10 664.000000 174.000000 708.000000 207.000000 1.456989 1.530080 3.559814 3.848664 1.708018 32.521501 -1.473158 0.893217
Car -1 -1 -10 1091.000000 135.000000 1241.000000 174.000000 1.487107 1.625942 4.132271 22.570335 0.180676 29.057763 1.663383 0.409692
Car -1 -1 -10 747.000000 160.000000 846.000000 194.000000 1.484394 1.613528 3.775342 8.081717 1.249525 34.368570 1.279631 0.211814
Car -1 -1 -10 1055.000000 141.000000 1153.000000 175.000000 1.473073 1.634213 4.108998 23.022133 0.059058 33.024773 1.722021 0.093317
