Pedestrian -1 -1 -10 689.000000 172.000000 712.000000 229.000000 1.637812 0.635174 0.650953 2.492335 1.628279 18.176373 -1.394463 0.957741
Pedestrian -1 -1 -10 3.000000 164.000000 103.000000 370.000000 1.744206 0.577331 0.624524 -2.776955 1.792756 3.289453 -0.077961 0.901319
Pedestrian -1 -1 -10 103.000000 184.000000 158.000000 321.000000 1.638243 0.616168 0.565699 -3.592986 1.749021 5.363094 -2.153896 0.832593
Pedestrian -1 -1 -10 767.000000 168.000000 787.000000 226.000000 1.630339 0.600189 0.715685 5.071600 1.349358 20.906290 -1.292037 0.744948
Pedestrian -1 -1 -10 36.000000 187.000000 140.000000 367.000000 1.680033 0.601996 0.606617 -2.991619 1.833618 3.770198 1.443705 0.247987
Pedestrian -1 -1 -10 512.000000 173.000000 524.000000 209.000000 1.716191 0.569623 0.666589 -4.715481 1.889679 39.194709 1.938408 0.221222
Pedestrian -1 -1 -10 550.000000 181.000000 562.000000 209.000000 1.629247 0.602427 0.659044 -2.426309 1.866585 38.616304 -1.600115 0.170368
Pedestrian -1 -1 -10 538.000000 180.000000 552.000000 209.000000 1.664146 0.581837 0.694588 -3.037986 1.864649 38.576490 -1.601408 0.140135
Pedestrian -1 -1 -10 75.000000 189.000000 186.000000 347.000000 1.605386 0.587485 0.536252 -2.797788 1.768962 5.203021 -2.129082 0.114479
Pedestrian -1 -1 -10 506.000000 174.000000 519.000000 209.000000 1.662018 0.613575 0.718238 -4.872730 1.517800 38.572795 -1.663731 0.114173
Pedestrian -1 -1 -10 502.000000 173.000000 513.000000 209.000000 1.664294 0.592984 0.567229 -4.653070 1.728061 38.784377 -1.707095 0.036205
Pedestrian -1 -1 -10 22.000000 166.000000 241.000000 366.000000 1.674455 0.632037 0.599340 -2.918017 1.779748 4.069887 -0.046070 0.018421
Car -1 -1 -10 60.000000 140.000000 465.000000 376.000000 1.644604 1.622186 3.827535 -2.803553 1.456260 6.810643 1.598635 0.849702
Car -1 -1 -10 641.000000 172.000000 687.000000 211.000000 1.535087 1.562064 3.655951 3.030550 1.188516 35.145574 -1.519215 0.353729
Car -1 -1 -10 18.000000 165.000000 255.000000 366.000000 1.455207 1.573132 3.769861 -3.343165 1.368025 5.658842 -2.096732 0.077959
Car -1 -1 -10 75.000000 189.000000 186.000000 347.000000 1.488982 1.638766 3.810547 -3.148235 1.560279 5.999090 -2.083688 0.011968
Cyclist -1 -1 -10 643.000000 171.000000 687.000000 212.000000 1.718350 0.660429 0.591494 2.697703 1.582529 30.831250 -1.472167 0.011816
Cyclist -1 -1 -10 0.000000 177.000000 116.000000 369.000000 1.701410 0.589360 0.630917 -2.740956 1.735444 3.263506 1.439560 0.011722
