Car -1 -1 -10 706.000000 186.000000 842.000000 279.000000 1.437224 1.556184 3.869428 3.088552 1.678336 12.978215 -1.482492 0.999706
Car -1 -1 -10 552.000000 177.000000 588.000000 205.000000 1.448199 1.602121 3.740500 -2.286287 1.796874 37.001079 -1.590043 0.998448
Car -1 -1 -10 679.000000 179.000000 742.000000 229.000000 1.418485 1.565406 3.845377 3.346602 1.697753 21.945253 -1.533917 0.990524
Car -1 -1 -10 318.000000 177.000000 493.000000 237.000000 1.475550 1.557007 3.890966 -5.238549 1.755385 20.707417 0.706141 0.982612
Car -1 -1 -10 191.000000 172.000000 421.000000 257.000000 1.505864 1.584860 4.053055 -6.117067 1.424348 14.951983 -3.176579 0.973790
Car -1 -1 -10 0.000000 181.000000 248.000000 372.000000 1.525290 1.618740 3.845507 -5.690024 1.737523 7.461578 0.473327 0.954138
Car -1 -1 -10 652.000000 172.000000 687.000000 201.000000 1.484590 1.651642 3.867246 3.588962 1.488956 40.728585 -1.498031 0.922002
Car -1 -1 -10 390.000000 175.000000 509.000000 219.000000 1.475096 1.555709 3.884465 -5.515233 1.444959 27.776819 1.873007 0.890927
Car -1 -1 -10 486.000000 175.000000 546.000000 200.000000 1.524490 1.646182 4.064771 -5.818892 1.582817 44.384184 -2.793158 0.621863
Cyclist -1 -1 -10 2.000000 169.000000 238.000000 369.000000 1.437623 1.592615 3.804647 -5.315680 1.790957 6.613928 0.465507 0.029308
