Pedestrian -1 -1 -10 1157.000000 133.000000 1236.000000 364.000000 1.658161 0.595691 0.606519 4.605285 1.448927 5.342253 -0.876217 0.985529
Pedestrian -1 -1 -10 674.000000 173.000000 693.000000 226.000000 1.686317 0.600165 0.746476 2.632683 1.612596 23.134561 -1.416315 0.959994
Pedestrian -1 -1 -10 923.000000 231.000000 1010.000000 370.000000 1.826829 0.602541 0.740628 1.158982 1.384839 2.678009 -1.126852 0.778308
Pedestrian -1 -1 -10 696.000000 171.000000 717.000000 227.000000 1.686672 0.608687 0.733409 3.403069 1.584814 23.170892 -1.387590 0.698477
Pedestrian -1 -1 -10 535.000000 170.000000 561.000000 229.000000 1.694965 0.608388 0.752499 -1.681696 1.568180 22.406151 -1.603882 0.439642
Pedestrian -1 -1 -10 981.000000 180.000000 1023.000000 266.000000 1.626052 0.608208 0.572490 7.285385 1.617298 13.044758 -1.029259 0.307288
Pedestrian -1 -1 -10 891.000000 225.000000 1093.000000 368.000000 1.609118 0.591716 0.554503 2.350500 1.928514 3.486929 -1.071400 0.030926
Pedestrian -1 -1 -10 1207.000000 129.000000 1237.000000 337.000000 1.627546 0.597937 0.628262 4.792465 1.158806 5.474883 -0.842915 0.012583
Pedestrian -1 -1 -10 609.000000 172.000000 622.000000 205.000000 1.691390 0.601926 0.743170 0.901522 1.463600 39.514437 -1.510307 0.011770
Car -1 -1 -10 16.000000 203.000000 341.000000 371.000000 1.467114 1.604854 3.747813 -2.686236 1.502313 3.369133 1.621415 0.989756
Car -1 -1 -10 913.000000 226.000000 1035.000000 367.000000 1.519355 1.600880 3.762411 2.862740 1.608238 4.956960 -1.067053 0.011109
Cyclist -1 -1 -10 535.000000 171.000000 561.000000 230.000000 1.682738 0.596844 0.769833 -1.686785 1.531364 22.433518 -1.611782 0.871852
Cyclist -1 -1 -10 913.000000 226.000000 1035.000000 367.000000 1.630093 0.589350 0.599069 2.204271 1.909382 3.838655 -1.096076 0.570769
Cyclist -1 -1 -10 561.000000 176.000000 582.000000 206.000000 1.622906 0.646917 0.540037 -1.230832 1.748571 33.358406 -1.586375 0.041185
