Car -1 -1 -10 640.000000 176.000000 715.000000 231.000000 1.430129 1.574110 3.837715 2.123596 1.553118 21.214409 -1.593504 0.999305
Car -1 -1 -10 619.000000 171.000000 658.000000 204.000000 1.520438 1.544309 3.741036 1.373014 1.628440 36.036230 -1.568261 0.981150
Car -1 -1 -10 132.000000 184.000000 432.000000 250.000000 1.427991 1.619377 4.191529 -6.740202 1.405705 16.735598 2.189922 0.933055
Car -1 -1 -10 421.000000 177.000000 493.000000 211.000000 1.585511 1.655418 3.981343 -6.887947 1.832012 33.295496 1.340069 0.924239
Car -1 -1 -10 947.000000 156.000000 1235.000000 367.000000 1.510653 1.600225 4.046741 4.868118 1.473622 6.798934 1.718165 0.889856
Car -1 -1 -10 271.000000 179.000000 433.000000 239.000000 1.463935 1.605050 3.878479 -6.328885 1.601000 18.548638 0.704582 0.283583
Car -1 -1 -10 459.000000 174.000000 517.000000 199.000000 1.455572 1.566981 3.846845 -7.565089 1.747437 48.076066 0.891213 0.202089
Car -1 -1 -10 290.000000 181.000000 403.000000 287.000000 1.471306 1.475763 3.574647 -4.378504 2.014112 11.912734 -1.931886 0.149812
Car -1 -1 -10 384.000000 178.000000 471.000000 216.000000 1.486958 1.546620 3.788463 -7.545997 1.448757 29.956711 -1.803368 0.037430
Car -1 -1 -10 1084.000000 189.000000 1244.000000 371.000000 1.544956 1.612273 3.676366 4.695538 1.697005 5.922085 -0.875007 0.018780
Car -1 -1 -10 233.000000 184.000000 363.000000 243.000000 1.460890 1.561390 3.611642 -8.079443 1.413836 20.103511 1.167532 0.016920
Car -1 -1 -10 1031.000000 162.000000 1235.000000 295.000000 1.506223 1.634932 3.535380 2.256118 1.106279 3.995145 2.320913 0.013604
Cyclist -1 -1 -10 306.000000 177.000000 401.000000 327.000000 1.704297 0.556172 0.755386 -3.124795 1.967371 8.862289 -1.851663 0.999526
Cyclist -1 -1 -10 266.000000 183.000000 410.000000 265.000000 1.560653 1.585000 3.749330 -6.056369 1.892177 14.332913 1.709092 0.317929
