Pedestrian -1 -1 -10 766.000000 154.000000 840.000000 351.000000 1.691392 0.608346 0.757336 1.786244 1.621543 6.316074 -1.261004 0.997163
Pedestrian -1 -1 -10 561.000000 166.000000 587.000000 232.000000 1.695811 0.606153 0.731240 -0.727032 1.518697 18.901074 -1.562900 0.996223
Pedestrian -1 -1 -10 960.000000 121.000000 1030.000000 289.000000 1.714747 0.589629 0.712222 4.795140 1.325175 8.696503 1.050279 0.995942
Pedestrian -1 -1 -10 501.000000 167.000000 524.000000 242.000000 1.716882 0.606950 0.770804 -2.158144 1.596111 17.109842 -1.651108 0.975492
Pedestrian -1 -1 -10 473.000000 169.000000 500.000000 243.000000 1.703682 0.611527 0.760748 -2.707955 1.597560 17.167493 -1.689980 0.957189
Pedestrian -1 -1 -10 604.000000 167.000000 624.000000 228.000000 1.681274 0.584752 0.612067 0.595104 1.387969 19.591883 0.571284 0.914902
Pedestrian -1 -1 -10 588.000000 164.000000 607.000000 216.000000 1.689382 0.591734 0.748608 -0.134736 1.297527 26.959479 -1.530979 0.907237
Pedestrian -1 -1 -10 79.000000 221.000000 174.000000 353.000000 1.769333 0.583993 0.613010 -2.681299 2.007992 4.245936 -2.164887 0.848352
Pedestrian -1 -1 -10 613.000000 166.000000 632.000000 229.000000 1.665242 0.597931 0.643038 0.649485 1.460524 19.169729 0.562648 0.787984
Pedestrian -1 -1 -10 193.000000 215.000000 308.000000 369.000000 1.622751 0.595516 0.671283 -2.391154 1.970923 5.291063 -1.993369 0.570726
Pedestrian -1 -1 -10 1098.000000 131.000000 1154.000000 285.000000 1.645251 0.596580 0.683853 6.126700 1.202866 8.321866 -0.884307 0.555575
Pedestrian -1 -1 -10 251.000000 207.000000 321.000000 366.000000 1.623330 0.590308 0.664938 -2.384833 1.943384 5.334526 -1.953791 0.518358
Pedestrian -1 -1 -10 627.000000 168.000000 648.000000 225.000000 1.706549 0.587175 0.628747 0.837909 1.511310 19.911572 2.107193 0.433243
Pedestrian -1 -1 -10 245.000000 200.000000 295.000000 330.000000 1.887793 0.673554 0.874351 -4.446286 2.254338 7.459775 1.189420 0.354084
Pedestrian -1 -1 -10 201.000000 202.000000 238.000000 293.000000 1.604522 0.598702 0.567369 -5.598081 1.905481 10.973585 -2.045807 0.320557
Pedestrian -1 -1 -10 674.000000 158.000000 699.000000 227.000000 1.677065 0.617299 0.667091 2.778083 1.307573 22.629720 2.182941 0.223450
Pedestrian -1 -1 -10 2.000000 215.000000 119.000000 368.000000 1.608412 0.593322 0.547628 -3.133492 1.994979 4.746040 -2.207041 0.140296
Pedestrian -1 -1 -10 279.000000 215.000000 338.000000 361.000000 1.882994 0.607194 0.728406 -1.728970 1.543687 3.124028 -1.974459 0.139401
Car -1 -1 -10 1172.000000 222.000000 1239.000000 368.000000 1.467649 1.650052 3.617148 5.446174 1.399699 6.277723 2.273501 0.058890
Cyclist -1 -1 -10 181.000000 224.000000 285.000000 369.000000 1.826247 0.594152 0.686875 -3.358078 1.731868 4.919074 1.160373 0.631261
Cyclist -1 -1 -10 668.000000 161.000000 701.000000 230.000000 1.710739 0.578035 1.757561 2.683898 1.309529 22.427175 2.185754 0.234179
Cyclist -1 -1 -10 0.000000 216.000000 100.000000 357.000000 1.773599 0.686951 0.902648 -6.740462 2.240775 7.184478 0.940187 0.089767
Cyclist -1 -1 -10 634.000000 168.000000 681.000000 225.000000 1.700246 0.581558 1.667872 1.468680 1.216351 21.378580 -1.429341 0.066051
Cyclist -1 -1 -10 197.000000 203.000000 241.000000 294.000000 1.698346 0.576027 0.604171 -5.368671 2.002357 10.982404 -2.069065 0.065068
Cyclist -1 -1 -10 229.000000 210.000000 314.000000 365.000000 1.637293 0.579975 0.685901 -2.493143 1.875127 5.370384 -1.964721 0.061846
Cyclist -1 -1 -10 207.000000 203.000000 287.000000 309.000000 1.640558 0.589068 0.626260 -2.546457 1.761581 5.252459 -2.027712 0.031510
Cyclist -1 -1 -10 253.000000 203.000000 308.000000 312.000000 1.825625 0.592594 0.679055 -2.521830 1.483423 4.173926 1.217350 0.029956
Cyclist -1 -1 -10 76.000000 221.000000 177.000000 362.000000 1.689766 0.584443 0.637507 -2.860380 1.991969 4.229936 -2.167182 0.026587
Cyclist -1 -1 -10 266.000000 206.000000 329.000000 288.000000 1.817426 0.595038 0.677808 -2.878816 1.643970 4.983069 1.238413 0.010059
