Car -1 -1 -10 424.000000 180.000000 494.000000 229.000000 1.526397 1.612331 3.742816 -4.911109 1.726211 23.881291 1.830760 0.999375
Car -1 -1 -10 799.000000 187.000000 1123.000000 364.000000 1.454181 1.619669 4.094619 3.611045 1.606738 6.913581 1.466657 0.999349
Car -1 -1 -10 713.000000 180.000000 803.000000 243.000000 1.468802 1.545421 3.881306 4.155874 1.663811 18.521032 -1.514828 0.994748
Car -1 -1 -10 466.000000 179.000000 521.000000 219.000000 1.496244 1.589032 3.721995 -4.640385 1.832538 28.154128 1.826729 0.993272
Car -1 -1 -10 6.000000 201.000000 319.000000 374.000000 1.503507 1.615372 3.686859 -4.970789 1.904454 7.410926 1.555645 0.992762
Car -1 -1 -10 745.000000 180.000000 894.000000 278.000000 1.472144 1.576189 3.947448 3.979371 1.640248 12.827972 1.434385 0.992744
Car -1 -1 -10 1002.000000 195.000000 1244.000000 374.000000 1.457970 1.534576 3.854754 3.789239 1.686103 5.007152 1.658958 0.974473
Car -1 -1 -10 700.000000 178.000000 764.000000 225.000000 1.421065 1.575608 3.782788 4.379352 1.680688 23.770620 -1.476937 0.963749
Car -1 -1 -10 1051.000000 172.000000 1165.000000 222.000000 1.495560 1.639918 3.582678 16.538087 1.630276 24.270215 2.175904 0.726099
Car -1 -1 -10 1166.000000 166.000000 1241.000000 231.000000 1.507796 1.606292 3.926616 13.616760 1.136878 15.821655 -0.861170 0.300143
Car -1 -1 -10 0.000000 187.000000 68.000000 226.000000 1.551063 1.634676 3.664367 -26.121354 1.875157 35.148343 -2.223378 0.217795
