Pedestrian -1 -1 -10 645.000000 152.000000 678.000000 237.000000 1.697699 0.601765 0.751889 1.271468 1.268229 14.692505 -1.445266 0.988833
Pedestrian -1 -1 -10 339.000000 168.000000 362.000000 222.000000 1.637342 0.626623 0.667812 -8.154899 1.450224 23.417487 -1.876527 0.981043
Pedestrian -1 -1 -10 37.000000 175.000000 97.000000 303.000000 1.621581 0.609766 0.666929 -8.067786 1.701985 11.034434 -2.160013 0.936225
Pedestrian -1 -1 -10 0.000000 174.000000 36.000000 333.000000 1.700873 0.597419 0.645260 -4.837022 1.818026 5.781768 1.383044 0.729880
Pedestrian -1 -1 -10 431.000000 168.000000 442.000000 199.000000 1.664415 0.614180 0.735646 -9.538435 1.279898 41.946550 -1.750514 0.201113
Pedestrian -1 -1 -10 468.000000 168.000000 490.000000 216.000000 1.690923 0.615678 0.735804 -4.291820 1.393734 25.797867 -1.704419 0.097909
Pedestrian -1 -1 -10 486.000000 170.000000 502.000000 215.000000 1.646890 0.633381 0.644929 -3.646834 1.400222 25.322981 0.876219 0.074306
Pedestrian -1 -1 -10 213.000000 154.000000 329.000000 357.000000 1.676281 0.605009 0.770374 -2.819312 1.753964 6.288704 0.119314 0.056475
Pedestrian -1 -1 -10 477.000000 170.000000 497.000000 216.000000 1.680852 0.604288 0.732780 -4.078693 1.287107 25.969088 -1.691025 0.032406
Pedestrian -1 -1 -10 18.000000 185.000000 138.000000 329.000000 1.668622 0.667210 0.566755 -5.250195 1.797161 7.084213 -2.175110 0.013129
Car -1 -1 -10 19.000000 180.000000 286.000000 368.000000 1.570937 1.627792 3.863309 -5.003636 1.646316 8.154160 1.510717 0.996386
Car -1 -1 -10 18.000000 185.000000 138.000000 329.000000 1.448196 1.552758 3.782107 -5.426297 1.567294 8.054041 0.895538 0.036114
Car -1 -1 -10 186.000000 163.000000 336.000000 364.000000 1.529948 1.522059 3.627426 -3.415119 1.675457 7.773700 -2.002162 0.024039
Cyclist -1 -1 -10 206.000000 148.000000 333.000000 371.000000 1.708326 0.565058 0.764534 -2.804771 1.718896 6.180347 -1.949325 0.997424
Cyclist -1 -1 -10 13.000000 177.000000 296.000000 372.000000 1.510329 1.505704 3.769738 -4.651357 1.641703 7.661453 -3.255307 0.214134
Cyclist -1 -1 -10 468.000000 167.000000 489.000000 216.000000 1.650478 0.597081 0.719416 -4.365137 1.274383 25.800614 -1.718159 0.194204
Cyclist -1 -1 -10 1.000000 170.000000 49.000000 330.000000 1.683306 0.597825 0.637139 -4.825527 1.747741 5.769044 1.390635 0.082917
Cyclist -1 -1 -10 27.000000 174.000000 102.000000 307.000000 1.609904 0.615147 0.626997 -6.602895 1.616710 8.957170 -2.183650 0.062391
Cyclist -1 -1 -10 1.000000 162.000000 20.000000 359.000000 1.682913 0.601140 0.645649 -4.789627 1.735761 5.823864 1.380149 0.010913
