Pedestrian -1 -1 -10 382.000000 175.000000 405.000000 244.000000 1.626087 0.593787 0.604117 -5.646772 1.671192 19.416274 -1.853809 0.990485
Pedestrian -1 -1 -10 352.000000 182.000000 377.000000 242.000000 1.634935 0.602646 0.545223 -6.998190 1.827060 20.150408 -1.857841 0.081686
Pedestrian -1 -1 -10 410.000000 197.000000 421.000000 227.000000 1.613432 0.588448 0.600929 -7.595334 2.346381 27.664723 -1.810341 0.070098
Car -1 -1 -10 679.000000 179.000000 759.000000 243.000000 1.472857 1.564384 3.823316 2.874991 1.627964 18.374465 -1.495064 0.999375
Car -1 -1 -10 765.000000 181.000000 1050.000000 360.000000 1.456472 1.595019 3.859567 3.212536 1.587232 7.340425 1.440066 0.998958
Car -1 -1 -10 314.000000 199.000000 450.000000 286.000000 1.567696 1.611355 3.756845 -4.375851 2.048947 13.826612 -1.398862 0.998807
Car -1 -1 -10 647.000000 176.000000 686.000000 211.000000 1.449731 1.626957 3.765960 2.789457 1.682707 33.620208 -1.492216 0.998050
Car -1 -1 -10 423.000000 180.000000 504.000000 241.000000 1.620716 1.647123 3.830376 -4.652127 1.984892 22.659077 -1.325801 0.997913
Car -1 -1 -10 491.000000 184.000000 531.000000 216.000000 1.503390 1.589736 3.740402 -5.120601 1.986707 36.933240 1.568907 0.991094
Car -1 -1 -10 803.000000 186.000000 916.000000 260.000000 1.439633 1.651399 3.520216 1.069271 1.060431 4.769942 1.987588 0.011195
Car -1 -1 -10 784.000000 182.000000 978.000000 287.000000 1.447610 1.627933 3.404565 1.142921 1.034909 4.489990 2.007975 0.010341
Car -1 -1 -10 350.000000 189.000000 433.000000 246.000000 1.494981 1.590628 3.788333 -6.809527 1.689559 21.419630 0.721299 0.010191
Cyclist -1 -1 -10 349.000000 183.000000 379.000000 241.000000 1.655786 0.618525 0.542124 -6.968733 1.743621 20.213556 -1.881706 0.038149
Cyclist -1 -1 -10 373.000000 183.000000 402.000000 244.000000 1.638833 0.593037 0.620572 -5.661698 1.703662 19.408543 -1.867829 0.021391
Cyclist -1 -1 -10 365.000000 185.000000 386.000000 243.000000 1.695782 0.483028 1.596854 -6.529758 1.773675 20.224897 -1.871808 0.012587
Cyclist -1 -1 -10 407.000000 196.000000 422.000000 230.000000 1.619623 0.577365 0.593741 -7.642330 2.264289 27.674868 -1.812552 0.010871
