Pedestrian -1 -1 -10 996.000000 148.000000 1080.000000 336.000000 1.623251 0.596055 0.588636 1.691199 1.449794 2.305433 -1.020971 0.967495
Pedestrian -1 -1 -10 566.000000 165.000000 579.000000 202.000000 1.640659 0.625288 0.669736 -1.217048 1.092500 34.063550 -1.582210 0.879963
Pedestrian -1 -1 -10 638.000000 165.000000 648.000000 193.000000 1.706447 0.583649 0.667262 2.691363 0.882138 45.616039 -1.442719 0.688234
Pedestrian -1 -1 -10 626.000000 165.000000 635.000000 191.000000 1.676836 0.603396 0.727436 2.394688 0.734381 55.777973 -1.493366 0.418344
Pedestrian -1 -1 -10 563.000000 166.000000 573.000000 200.000000 1.638564 0.598511 0.596003 -1.269047 1.182242 35.002298 0.501634 0.275837
Pedestrian -1 -1 -10 643.000000 164.000000 654.000000 192.000000 1.711770 0.612061 0.637426 3.126565 0.941989 48.760189 -1.467284 0.241343
Pedestrian -1 -1 -10 653.000000 164.000000 661.000000 192.000000 1.680787 0.604438 0.758449 3.696148 0.847703 45.668121 -1.448220 0.163735
Pedestrian -1 -1 -10 794.000000 157.000000 821.000000 235.000000 1.674527 0.631106 0.641145 4.344090 0.999978 15.340506 -1.280769 0.162259
Pedestrian -1 -1 -10 620.000000 164.000000 632.000000 192.000000 1.653636 0.599801 0.624968 2.283610 0.976242 56.024521 -1.532795 0.133364
Pedestrian -1 -1 -10 616.000000 165.000000 625.000000 192.000000 1.603011 1.067951 3.088399 -0.525882 2.503782 19.886519 1.477020 0.097334
Pedestrian -1 -1 -10 650.000000 164.000000 657.000000 191.000000 1.660962 0.624447 0.608074 3.702228 0.917895 49.422416 -1.479429 0.080610
Pedestrian -1 -1 -10 1008.000000 146.000000 1026.000000 198.000000 1.769333 0.583993 0.613010 12.850050 1.511150 22.291204 -1.056326 0.049111
Pedestrian -1 -1 -10 635.000000 164.000000 642.000000 189.000000 1.600849 0.595848 0.674249 2.880657 0.694093 45.719283 -1.538551 0.043927
Pedestrian -1 -1 -10 610.000000 167.000000 627.000000 196.000000 1.517125 1.555003 3.709494 -0.587017 1.824835 13.629072 1.609839 0.039107
Pedestrian -1 -1 -10 1032.000000 156.000000 1085.000000 310.000000 1.686296 0.702388 0.711301 4.044455 1.281686 7.220177 -1.067420 0.029462
Pedestrian -1 -1 -10 1023.000000 159.000000 1044.000000 210.000000 1.829514 0.610838 0.671058 1.604356 1.328632 3.499132 2.174948 0.013892
Pedestrian -1 -1 -10 1007.000000 155.000000 1061.000000 219.000000 1.680659 0.704654 0.706274 3.740285 1.199453 7.008433 2.116669 0.011512
Pedestrian -1 -1 -10 572.000000 166.000000 590.000000 203.000000 1.704619 0.603667 0.744065 -1.227591 1.067817 33.972985 -1.563639 0.011162
Car -1 -1 -10 576.000000 172.000000 630.000000 217.000000 1.465177 1.606393 3.837080 0.050187 1.094515 25.246015 1.665944 0.998399
Car -1 -1 -10 938.000000 162.000000 1023.000000 204.000000 1.524734 1.663313 3.787388 6.766026 1.852708 14.578347 -1.183723 0.271821
Cyclist -1 -1 -10 989.000000 150.000000 1088.000000 333.000000 1.625298 0.582898 0.605791 1.710562 1.402668 2.400743 -1.023389 0.015752
Cyclist -1 -1 -10 624.000000 164.000000 636.000000 192.000000 1.752814 0.579793 0.644046 2.381691 1.419507 55.726930 -1.546659 0.014243
Cyclist -1 -1 -10 500.000000 157.000000 521.000000 195.000000 1.717817 0.573631 0.800550 -4.903778 0.629174 34.146133 1.937606 0.010836
