Car -1 -1 -10 573.000000 175.000000 611.000000 210.000000 1.536705 1.631235 3.885677 -0.773554 1.108311 35.484130 -1.598647 0.999405
Car -1 -1 -10 214.000000 186.000000 407.000000 293.000000 1.579377 1.610812 3.738380 -4.831837 1.567387 11.513497 -1.455486 0.999358
Car -1 -1 -10 408.000000 183.000000 487.000000 237.000000 1.531097 1.597804 3.715839 -4.670745 1.429283 20.975604 -1.356415 0.999006
Car -1 -1 -10 90.000000 177.000000 232.000000 242.000000 1.584686 1.629266 3.811469 -12.251154 1.389243 20.074921 -1.495989 0.997786
Car -1 -1 -10 216.000000 186.000000 315.000000 248.000000 1.464193 1.594536 3.751680 -9.061006 1.337262 19.055289 -2.004648 0.959233
Car -1 -1 -10 445.000000 180.000000 500.000000 220.000000 1.486811 1.617915 3.697088 -5.583426 1.239993 28.727043 -1.629305 0.589269
Car -1 -1 -10 0.000000 178.000000 161.000000 315.000000 1.558918 1.639597 3.816721 -8.486132 1.582236 10.486650 -1.607673 0.517789
Car -1 -1 -10 344.000000 179.000000 418.000000 217.000000 1.531698 1.582491 3.810984 -9.206683 1.238230 28.878683 1.640551 0.451724
Car -1 -1 -10 412.000000 173.000000 462.000000 205.000000 1.521837 1.650258 3.849110 -8.851781 0.666399 39.570959 -1.792479 0.079427
Car -1 -1 -10 509.000000 172.000000 545.000000 205.000000 1.571540 1.576144 3.766495 -4.662753 1.047973 37.110958 -1.584273 0.016162
