Pedestrian -1 -1 -10 719.000000 163.000000 778.000000 345.000000 1.676054 0.607115 0.740411 1.477246 1.662752 6.984813 -1.334138 0.998462
Pedestrian -1 -1 -10 940.000000 130.000000 1006.000000 280.000000 1.720114 0.598859 0.740653 4.705489 1.348346 9.206197 1.017191 0.995586
Pedestrian -1 -1 -10 556.000000 169.000000 578.000000 233.000000 1.699727 0.603667 0.753218 -0.935586 1.576803 19.463209 -1.576603 0.995403
Pedestrian -1 -1 -10 493.000000 169.000000 515.000000 238.000000 1.697354 0.603627 0.669721 -2.637164 1.627454 19.156501 -1.648376 0.975078
Pedestrian -1 -1 -10 467.000000 173.000000 492.000000 240.000000 1.679815 0.595575 0.744687 -3.069980 1.731214 18.493057 -1.680643 0.973775
Pedestrian -1 -1 -10 1019.000000 140.000000 1072.000000 273.000000 1.702992 0.585744 0.706846 5.878378 1.274243 9.659482 1.105473 0.830883
Pedestrian -1 -1 -10 595.000000 170.000000 612.000000 229.000000 1.690455 0.591156 0.685226 0.322292 1.547167 19.889764 0.559162 0.804490
Pedestrian -1 -1 -10 148.000000 213.000000 231.000000 360.000000 1.696523 0.588280 0.592154 -1.328393 1.763768 2.383032 -2.094454 0.714043
Pedestrian -1 -1 -10 603.000000 169.000000 620.000000 231.000000 1.684063 0.594060 0.651933 0.326831 1.554938 19.836443 0.549717 0.707455
Pedestrian -1 -1 -10 244.000000 216.000000 315.000000 351.000000 1.608539 0.600575 0.645575 -2.505944 2.001114 6.031179 -1.967467 0.513304
Pedestrian -1 -1 -10 271.000000 202.000000 320.000000 301.000000 1.833782 0.609984 0.685933 -2.032207 1.411838 3.572106 1.231157 0.373908
Pedestrian -1 -1 -10 615.000000 170.000000 632.000000 226.000000 1.680591 0.584492 0.606506 0.467562 1.556797 20.471652 2.082727 0.337901
Pedestrian -1 -1 -10 584.000000 167.000000 601.000000 219.000000 1.674835 0.594487 0.674821 -0.286127 1.436799 26.833285 1.577707 0.337094
Pedestrian -1 -1 -10 0.000000 168.000000 176.000000 373.000000 1.615010 0.599352 0.648153 -1.563365 1.408179 1.902815 -2.176165 0.320838
Pedestrian -1 -1 -10 291.000000 203.000000 333.000000 296.000000 1.820534 0.615380 0.678408 -3.133010 2.000443 5.758308 1.268552 0.269312
Pedestrian -1 -1 -10 348.000000 200.000000 379.000000 295.000000 1.854024 0.609277 0.704761 -1.678514 1.491258 3.569732 -1.909865 0.118810
Pedestrian -1 -1 -10 317.000000 205.000000 381.000000 302.000000 1.629989 0.587712 0.627919 -2.426302 1.876709 6.869668 -1.885442 0.116218
Pedestrian -1 -1 -10 222.000000 202.000000 256.000000 277.000000 1.650005 0.579014 0.678440 -6.365506 1.953232 12.651929 -1.980133 0.061233
Pedestrian -1 -1 -10 277.000000 202.000000 351.000000 321.000000 1.618493 0.583690 0.650691 -2.594690 1.944065 6.369592 -1.914312 0.058119
Pedestrian -1 -1 -10 856.000000 161.000000 882.000000 240.000000 1.634429 0.586307 0.619040 5.315097 1.190728 14.503038 -1.160406 0.057463
Car -1 -1 -10 1072.000000 231.000000 1236.000000 364.000000 1.454919 1.653734 3.467093 2.971310 1.358091 5.023424 2.300519 0.047392
Cyclist -1 -1 -10 243.000000 218.000000 317.000000 343.000000 1.623085 0.585209 0.615923 -2.515419 1.910537 6.066505 -1.974733 0.254277
Cyclist -1 -1 -10 641.000000 172.000000 695.000000 229.000000 1.513098 1.554893 3.791370 1.821608 1.503073 21.779489 1.671680 0.237934
Cyclist -1 -1 -10 257.000000 206.000000 325.000000 297.000000 1.475075 1.638522 3.499647 -3.467381 1.687092 5.941789 1.239937 0.116945
Cyclist -1 -1 -10 0.000000 159.000000 174.000000 368.000000 1.621165 0.595721 0.649009 -1.612434 1.366005 1.940490 -2.175137 0.106592
Cyclist -1 -1 -10 494.000000 170.000000 515.000000 238.000000 1.636064 0.602095 0.719471 -2.560435 1.529149 18.872068 -1.672927 0.036271
Cyclist -1 -1 -10 225.000000 203.000000 263.000000 278.000000 1.643650 0.568660 0.687821 -6.299123 1.895746 12.848427 -1.981889 0.031491
Cyclist -1 -1 -10 644.000000 169.000000 669.000000 218.000000 1.461723 1.567811 3.653056 2.664379 1.003316 27.224154 1.096350 0.028875
Cyclist -1 -1 -10 294.000000 203.000000 338.000000 297.000000 1.766980 0.684941 0.895333 -4.179461 2.051623 8.211453 1.211060 0.027460
Cyclist -1 -1 -10 132.000000 207.000000 238.000000 366.000000 1.661646 0.579106 0.612748 -1.342033 1.655704 2.148266 -2.095649 0.019689
Cyclist -1 -1 -10 273.000000 202.000000 303.000000 283.000000 1.856363 0.594814 0.700911 -1.697334 1.199266 2.900527 1.226742 0.017846
Cyclist -1 -1 -10 667.000000 164.000000 689.000000 227.000000 1.711197 0.531283 1.670343 2.648441 1.133921 24.291395 -1.440876 0.015807
Cyclist -1 -1 -10 317.000000 205.000000 381.000000 302.000000 1.661686 0.585983 0.632961 -2.396847 1.727539 6.870144 -1.911954 0.012270
