Car -1 -1 -10 294.000000 198.000000 424.000000 296.000000 1.474105 1.579283 3.664084 -3.991610 1.751724 8.890366 -1.862267 0.999143
Car -1 -1 -10 791.000000 198.000000 1246.000000 373.000000 1.466512 1.600476 3.945813 3.574526 1.629334 5.854726 1.549306 0.999091
Car -1 -1 -10 647.000000 177.000000 765.000000 264.000000 1.492733 1.567026 3.901064 2.216566 1.659802 16.181927 -1.571665 0.996467
Car -1 -1 -10 711.000000 193.000000 914.000000 312.000000 1.499777 1.611412 4.171306 3.116284 1.800489 9.384462 1.418818 0.994794
Car -1 -1 -10 418.000000 176.000000 491.000000 237.000000 1.578617 1.575524 3.849154 -5.288414 1.857111 24.581975 -1.667571 0.990848
Car -1 -1 -10 4.000000 208.000000 338.000000 376.000000 1.501257 1.614078 3.737494 -3.831460 1.872293 6.005814 1.485033 0.989661
Car -1 -1 -10 603.000000 181.000000 653.000000 224.000000 1.426250 1.618791 4.056904 1.389315 1.930758 27.814484 1.113997 0.988009
Car -1 -1 -10 483.000000 183.000000 512.000000 208.000000 1.486370 1.563280 3.788492 -7.155442 2.268228 45.958036 1.419012 0.984074
Car -1 -1 -10 623.000000 180.000000 696.000000 239.000000 1.512434 1.546173 3.585476 0.718178 1.744176 18.249202 -1.503978 0.928383
Car -1 -1 -10 596.000000 182.000000 628.000000 211.000000 1.405721 1.526001 3.432210 0.092088 2.004063 37.284205 1.523638 0.316135
