Car -1 -1 -10 648.000000 178.000000 696.000000 217.000000 1.472271 1.584809 3.821901 2.526841 1.645850 29.117095 -1.610061 0.999037
Car -1 -1 -10 350.000000 189.000000 480.000000 271.000000 1.484454 1.543891 3.705306 -3.980302 1.973056 15.097009 1.701318 0.997167
Car -1 -1 -10 48.000000 199.000000 400.000000 375.000000 1.522920 1.658522 3.757886 -3.769699 1.938352 7.436267 1.546195 0.995975
Car -1 -1 -10 782.000000 162.000000 935.000000 218.000000 1.459495 1.612014 3.979327 7.641115 1.184627 24.270230 1.358979 0.977232
Car -1 -1 -10 3.000000 212.000000 194.000000 362.000000 1.468912 1.536486 3.875516 -5.057277 1.983591 7.821863 0.429279 0.976651
Car -1 -1 -10 484.000000 182.000000 518.000000 207.000000 1.565919 1.551846 3.746576 -7.281674 2.065808 41.940292 1.986224 0.912455
Car -1 -1 -10 437.000000 182.000000 492.000000 220.000000 1.476849 1.545342 3.834941 -6.697463 2.004283 32.312733 1.777109 0.901028
Car -1 -1 -10 849.000000 167.000000 948.000000 208.000000 1.460418 1.619375 3.391048 1.133013 0.990595 4.207633 2.017195 0.125629
Car -1 -1 -10 744.000000 164.000000 844.000000 202.000000 1.542646 1.622283 3.858831 7.680468 1.100728 32.309186 -1.272937 0.101953
Car -1 -1 -10 360.000000 190.000000 445.000000 230.000000 1.498908 1.568514 3.839094 -6.796778 1.650675 23.630722 1.313869 0.054574
Car -1 -1 -10 947.000000 151.000000 1023.000000 182.000000 1.471207 1.565363 3.864027 21.630066 0.447325 41.069219 -0.031011 0.026632
