Car -1 -1 -10 397.000000 189.000000 477.000000 237.000000 1.523797 1.559209 3.720117 -5.901019 2.265031 24.679339 1.749956 0.998779
Car -1 -1 -10 124.000000 204.000000 325.000000 322.000000 1.468178 1.607267 3.721227 -6.247919 2.031241 11.042185 1.610207 0.998509
Car -1 -1 -10 298.000000 195.000000 418.000000 263.000000 1.524297 1.575036 3.760155 -6.040475 2.156614 17.368154 1.649805 0.998342
Car -1 -1 -10 693.000000 176.000000 774.000000 235.000000 1.446640 1.583867 3.884505 3.494976 1.562544 19.150817 -1.533838 0.997941
Car -1 -1 -10 949.000000 136.000000 1235.000000 226.000000 1.581264 1.644694 4.172521 9.414199 0.883318 14.430705 0.058441 0.988232
Car -1 -1 -10 676.000000 175.000000 741.000000 224.000000 1.460458 1.542305 3.815439 3.590401 1.567980 24.350562 -1.537638 0.987520
Car -1 -1 -10 656.000000 178.000000 704.000000 209.000000 1.420179 1.534838 3.761225 3.592992 1.823416 35.141340 -1.491425 0.907876
Car -1 -1 -10 0.000000 226.000000 189.000000 373.000000 1.497316 1.629708 3.727800 -6.018203 2.030725 7.054985 1.559470 0.887508
Car -1 -1 -10 445.000000 186.000000 500.000000 225.000000 1.475586 1.556142 3.699258 -5.683421 2.319114 31.244210 1.490663 0.863036
Car -1 -1 -10 812.000000 155.000000 977.000000 211.000000 1.462089 1.570288 3.946923 9.586358 0.614302 25.140003 1.406289 0.860267
Car -1 -1 -10 882.000000 149.000000 1040.000000 214.000000 1.484685 1.588285 4.007380 9.120709 0.387458 19.506652 1.583792 0.730385
Car -1 -1 -10 645.000000 178.000000 685.000000 204.000000 1.431339 1.506220 3.471402 3.407279 1.818509 36.944336 -1.513096 0.262686
Car -1 -1 -10 485.000000 184.000000 529.000000 212.000000 1.537408 1.614031 3.797784 -6.459036 2.099587 37.798362 2.032726 0.256171
