Pedestrian -1 -1 -10 848.000000 152.000000 897.000000 279.000000 1.685370 0.606129 0.734452 3.860348 1.455717 9.994882 -1.173500 0.995832
Pedestrian -1 -1 -10 75.000000 194.000000 130.000000 323.000000 1.642331 0.594617 0.562289 -3.225846 1.756123 4.978222 -2.177269 0.896398
Pedestrian -1 -1 -10 606.000000 177.000000 624.000000 226.000000 1.671943 0.607204 0.724905 0.497219 1.744411 25.061406 -1.515196 0.195223
Pedestrian -1 -1 -10 624.000000 177.000000 644.000000 227.000000 1.662921 0.638181 0.670969 1.337709 1.733987 24.537910 1.058767 0.149362
Pedestrian -1 -1 -10 9.000000 200.000000 48.000000 302.000000 1.726726 0.583271 0.588622 -3.857026 1.914326 5.238707 -2.249882 0.099072
Pedestrian -1 -1 -10 821.000000 170.000000 853.000000 243.000000 1.586054 0.607419 0.632561 5.003465 1.647073 14.877909 -1.233787 0.048831
Pedestrian -1 -1 -10 22.000000 199.000000 146.000000 325.000000 1.713226 0.629027 0.502821 -3.635163 1.831042 5.437939 0.979847 0.032767
Pedestrian -1 -1 -10 836.000000 163.000000 877.000000 258.000000 1.671901 0.601898 0.600015 4.860392 1.558946 13.515967 0.890432 0.018213
Pedestrian -1 -1 -10 4.000000 215.000000 76.000000 351.000000 1.648148 0.597767 0.558238 -3.352803 1.951261 4.608105 -2.235552 0.016569
Car -1 -1 -10 1.000000 199.000000 407.000000 373.000000 1.518499 1.612174 3.738086 -3.324898 1.684968 6.025957 1.585219 0.993416
Cyclist -1 -1 -10 -5.000000 197.000000 389.000000 372.000000 1.469881 1.610274 3.700356 -3.128454 1.763595 5.371826 1.627609 0.023710
Cyclist -1 -1 -10 60.000000 195.000000 138.000000 314.000000 1.638979 0.584982 0.576838 -3.291207 1.710876 5.111644 -2.183980 0.021607
