Pedestrian -1 -1 -10 509.000000 166.000000 522.000000 206.000000 1.769333 0.583993 0.613010 -2.999033 0.907576 25.625971 -1.712248 0.105889
Pedestrian -1 -1 -10 478.000000 172.000000 500.000000 209.000000 1.640083 0.703754 0.681308 -2.865234 1.743957 11.694202 1.406591 0.010430
Car -1 -1 -10 451.000000 174.000000 574.000000 267.000000 1.535879 1.597297 3.692147 -1.706957 1.516428 13.091744 -1.266686 0.999579
Car -1 -1 -10 756.000000 167.000000 938.000000 311.000000 1.477513 1.574674 3.905870 3.457760 1.493831 10.200382 -1.382653 0.998452
Car -1 -1 -10 514.000000 175.000000 609.000000 241.000000 1.563954 1.587419 3.754286 -1.360349 1.646726 18.233408 1.960907 0.995693
Car -1 -1 -10 613.000000 171.000000 643.000000 199.000000 1.440296 1.620492 3.775967 1.223896 1.486836 45.358808 -1.563498 0.992734
Car -1 -1 -10 710.000000 175.000000 755.000000 210.000000 1.416577 1.562120 3.805733 5.529891 1.580703 31.321127 -1.481329 0.991768
Car -1 -1 -10 738.000000 175.000000 834.000000 255.000000 1.450168 1.518549 3.755257 4.260119 1.758873 15.570172 1.232944 0.983815
Car -1 -1 -10 700.000000 174.000000 734.000000 201.000000 1.462008 1.595905 3.693313 6.859454 1.508065 43.192147 -1.415661 0.146435
Cyclist -1 -1 -10 480.000000 170.000000 498.000000 213.000000 1.851779 0.679449 0.897838 -2.059964 1.911215 7.157025 1.447782 0.012022
