Car -1 -1 -10 192.000000 184.000000 328.000000 256.000000 1.591329 1.647412 3.765946 -8.342784 1.568981 17.257100 -1.492443 0.999637
Car -1 -1 -10 578.000000 173.000000 648.000000 237.000000 1.485077 1.657582 3.777233 0.186231 1.254943 19.988343 -1.551074 0.999503
Car -1 -1 -10 331.000000 177.000000 476.000000 275.000000 1.593580 1.621463 3.755839 -3.969365 1.467981 13.820487 -1.390176 0.999026
Car -1 -1 -10 444.000000 178.000000 509.000000 226.000000 1.562098 1.617153 3.770634 -4.701601 1.304894 25.486502 -1.623363 0.993759
Car -1 -1 -10 506.000000 179.000000 544.000000 204.000000 1.385848 1.592862 3.648443 -5.195184 1.481202 43.611376 1.979900 0.786251
Car -1 -1 -10 486.000000 180.000000 526.000000 211.000000 1.500833 1.613862 3.728231 -5.357566 1.271652 36.547911 -1.674925 0.376266
Car -1 -1 -10 325.000000 184.000000 394.000000 226.000000 1.466129 1.508238 3.472138 -9.175825 1.413122 26.394864 -1.910480 0.328612
Car -1 -1 -10 0.000000 95.000000 189.000000 372.000000 1.529181 1.604012 3.840681 -4.089907 1.364790 4.358741 -1.626515 0.065760
Car -1 -1 -10 293.000000 183.000000 356.000000 212.000000 1.509655 1.583764 3.871792 -12.798126 1.249059 32.490261 1.254366 0.059601
Car -1 -1 -10 26.000000 191.000000 180.000000 283.000000 1.452807 1.610823 3.756668 -16.130171 2.036544 23.563491 -2.140276 0.026725
