Car -1 -1 -10 805.000000 184.000000 1001.000000 250.000000 1.537799 1.636175 4.173245 6.859046 1.669178 17.780067 1.317676 0.999467
Car -1 -1 -10 48.000000 181.000000 372.000000 278.000000 1.503626 1.600030 4.068219 -6.346281 1.506606 11.999529 -3.219639 0.998480
Car -1 -1 -10 884.000000 186.000000 1266.000000 318.000000 1.513818 1.699706 3.978144 5.893991 1.755113 9.433951 -2.138629 0.997269
Car -1 -1 -10 287.000000 177.000000 477.000000 241.000000 1.515011 1.560759 4.044360 -5.698632 1.703146 19.264758 -3.061353 0.997218
Car -1 -1 -10 710.000000 179.000000 801.000000 218.000000 1.588420 1.713154 4.048529 5.564184 1.734081 29.504699 -1.399432 0.996375
Car -1 -1 -10 218.000000 180.000000 434.000000 259.000000 1.581839 1.567438 3.903630 -5.547567 1.622721 14.835260 -3.083599 0.989151
Car -1 -1 -10 786.000000 179.000000 918.000000 241.000000 1.428889 1.606839 3.874925 6.275440 1.637934 19.172646 -1.353217 0.988082
Car -1 -1 -10 448.000000 175.000000 531.000000 207.000000 1.486276 1.564159 3.904146 -5.959762 1.561192 38.181535 1.935387 0.848234
Car -1 -1 -10 359.000000 173.000000 492.000000 224.000000 1.591353 1.615725 3.996696 -5.761061 1.395407 24.405043 -2.980029 0.758043
Car -1 -1 -10 0.000000 199.000000 87.000000 374.000000 1.518992 1.611123 3.744987 -4.458420 1.661826 4.705662 -2.209914 0.393268
Car -1 -1 -10 406.000000 175.000000 515.000000 215.000000 1.492803 1.620191 3.833472 -5.394489 1.655069 28.968377 -1.749428 0.273667
