Car -1 -1 -10 256.000000 182.000000 443.000000 305.000000 1.570436 1.631310 3.737225 -3.868332 1.581001 10.723097 -1.410556 0.999686
Car -1 -1 -10 701.000000 188.000000 814.000000 268.000000 1.448090 1.566822 3.912752 3.208110 1.519027 14.746969 -1.498035 0.999630
Car -1 -1 -10 650.000000 181.000000 706.000000 222.000000 1.466795 1.580021 3.798841 2.903556 1.257970 28.250115 -1.527383 0.999320
Car -1 -1 -10 -1.000000 178.000000 223.000000 293.000000 1.592440 1.661838 3.828563 -8.357273 1.579169 11.666187 -1.593504 0.998622
Car -1 -1 -10 435.000000 182.000000 513.000000 237.000000 1.557774 1.620735 3.764739 -4.012496 1.430642 21.414037 -1.628131 0.998228
Car -1 -1 -10 483.000000 183.000000 532.000000 221.000000 1.540905 1.618043 3.669358 -4.169584 1.339724 29.118516 -1.580685 0.867225
Car -1 -1 -10 381.000000 181.000000 442.000000 225.000000 1.542080 1.589142 3.802245 -8.521511 1.345195 30.649358 -1.393056 0.547545
Car -1 -1 -10 274.000000 183.000000 363.000000 244.000000 1.452801 1.590737 3.781853 -11.966429 1.096441 27.253596 1.681890 0.193912
Car -1 -1 -10 503.000000 183.000000 540.000000 209.000000 1.488329 1.581040 3.817077 -4.983649 1.343910 40.095816 -1.651617 0.114681
Car -1 -1 -10 434.000000 180.000000 483.000000 217.000000 1.386990 1.649783 3.628782 -8.862222 1.606710 38.510734 1.392014 0.035119
