Pedestrian -1 -1 -10 739.000000 171.000000 784.000000 277.000000 1.688162 0.601386 0.741384 2.397893 1.716378 10.629486 -1.312306 0.960465
Pedestrian -1 -1 -10 425.000000 175.000000 447.000000 237.000000 1.648127 0.613733 0.646342 -4.938542 1.814215 21.310464 0.303805 0.889867
Pedestrian -1 -1 -10 1150.000000 150.000000 1238.000000 375.000000 1.686145 0.600715 0.656464 1.504218 1.146845 1.919880 -0.901515 0.809739
Pedestrian -1 -1 -10 268.000000 179.000000 297.000000 282.000000 1.612952 0.600426 0.610906 -6.006779 1.600700 13.761921 -1.977605 0.732340
Pedestrian -1 -1 -10 484.000000 178.000000 504.000000 218.000000 1.710094 0.591315 0.721850 -5.116704 1.870452 32.565710 1.905668 0.294799
Pedestrian -1 -1 -10 522.000000 177.000000 536.000000 217.000000 1.686341 0.610196 0.731012 -3.135943 1.699818 31.715331 -1.637344 0.119091
Pedestrian -1 -1 -10 379.000000 177.000000 392.000000 219.000000 1.624898 0.596936 0.628801 -7.429930 1.443421 23.905622 -1.826021 0.112039
Pedestrian -1 -1 -10 419.000000 177.000000 437.000000 234.000000 1.674532 0.601921 0.640052 -5.019614 1.825869 21.555862 0.310085 0.038741
Pedestrian -1 -1 -10 570.000000 177.000000 581.000000 208.000000 1.650941 0.599720 0.709335 -1.444610 1.656663 41.949358 -1.568678 0.024440
Cyclist -1 -1 -10 480.000000 179.000000 505.000000 218.000000 1.724794 0.574219 0.695614 -5.178111 1.846042 32.339222 1.897122 0.102838
Cyclist -1 -1 -10 1139.000000 142.000000 1235.000000 377.000000 1.805491 0.589445 0.662307 2.021218 1.207289 3.108153 2.316144 0.072689
