Pedestrian -1 -1 -10 880.000000 149.000000 975.000000 338.000000 1.694858 0.604134 0.759570 2.763289 1.598624 6.539521 -1.108623 0.997737
Pedestrian -1 -1 -10 672.000000 157.000000 714.000000 264.000000 1.654644 0.615305 0.725443 1.604030 1.551883 12.154530 -1.403431 0.996943
Pedestrian -1 -1 -10 607.000000 163.000000 645.000000 265.000000 1.690720 0.600933 0.748762 0.404970 1.585111 11.856863 -1.494009 0.995827
Pedestrian -1 -1 -10 1025.000000 152.000000 1125.000000 324.000000 1.674535 0.600653 0.728053 4.342414 1.559703 6.788188 -0.952383 0.994545
Pedestrian -1 -1 -10 270.000000 169.000000 305.000000 255.000000 1.695145 0.606069 0.748700 -6.383729 1.672874 14.501266 -1.942272 0.992167
Pedestrian -1 -1 -10 649.000000 165.000000 680.000000 258.000000 1.712869 0.592843 0.709568 1.357678 1.657748 12.735285 0.652853 0.982162
Pedestrian -1 -1 -10 86.000000 171.000000 189.000000 371.000000 1.703408 0.584391 0.731455 -3.878997 1.823177 5.782232 -2.085138 0.981505
Pedestrian -1 -1 -10 786.000000 147.000000 818.000000 260.000000 1.706686 0.602895 0.753847 3.149256 1.376840 11.330921 -1.259219 0.980518
Pedestrian -1 -1 -10 29.000000 167.000000 155.000000 375.000000 1.695319 0.587566 0.727715 -3.880757 1.823595 5.731100 -2.133370 0.810713
Pedestrian -1 -1 -10 1140.000000 136.000000 1228.000000 308.000000 1.687340 0.583682 0.733809 5.745627 1.481602 7.132307 -0.834707 0.551887
Pedestrian -1 -1 -10 360.000000 161.000000 375.000000 213.000000 1.644278 0.611675 0.665801 -8.392398 0.974240 26.303320 -1.836766 0.139021
Pedestrian -1 -1 -10 228.000000 163.000000 249.000000 224.000000 1.610032 0.708990 0.634877 -5.013966 1.180429 8.751228 1.121891 0.137035
Pedestrian -1 -1 -10 807.000000 151.000000 824.000000 223.000000 1.648233 0.604507 0.569623 5.883759 1.179612 19.112849 2.339204 0.025407
Pedestrian -1 -1 -10 623.000000 165.000000 668.000000 250.000000 1.664853 0.583894 0.706587 1.036892 1.550457 12.924514 -1.452889 0.022091
Car -1 -1 -10 466.000000 163.000000 558.000000 242.000000 1.543182 1.602529 3.705322 -2.291217 1.264795 17.785738 1.538356 0.999069
Car -1 -1 -10 375.000000 155.000000 473.000000 231.000000 1.608557 1.625908 3.824546 -4.938068 1.175707 20.573747 1.815464 0.974354
Car -1 -1 -10 428.000000 159.000000 498.000000 214.000000 1.404464 1.527954 3.632749 -5.126778 0.820051 25.844204 1.862639 0.024812
Cyclist -1 -1 -10 7.000000 172.000000 153.000000 373.000000 1.764118 0.547098 1.781152 -3.854757 1.765116 5.798171 -2.160973 0.361971
Cyclist -1 -1 -10 89.000000 167.000000 189.000000 373.000000 1.725270 0.528229 1.752978 -3.808193 1.762162 5.816693 -2.091081 0.333872
Cyclist -1 -1 -10 1140.000000 134.000000 1230.000000 308.000000 1.680611 0.561677 0.722379 5.755173 1.381509 7.157573 -0.841138 0.014144
Cyclist -1 -1 -10 607.000000 163.000000 644.000000 264.000000 1.673707 0.591368 0.749370 0.403859 1.530786 11.857898 -1.503489 0.012868
