Car -1 -1 -10 572.000000 180.000000 604.000000 209.000000 1.544542 1.623833 3.899987 -1.117008 1.304348 41.222433 -1.601346 0.999451
Car -1 -1 -10 130.000000 182.000000 305.000000 265.000000 1.558846 1.623064 3.808237 -8.352039 1.598278 15.317320 -1.521316 0.995511
Car -1 -1 -10 262.000000 187.000000 361.000000 240.000000 1.472448 1.573496 3.660592 -8.564789 1.520458 20.605699 -1.442158 0.973454
Car -1 -1 -10 3.000000 208.000000 257.000000 375.000000 1.507968 1.631589 3.836328 -4.719861 1.708265 5.839200 1.624468 0.890425
Car -1 -1 -10 463.000000 185.000000 522.000000 224.000000 1.418053 1.528840 3.711272 -4.578352 1.515377 29.542971 1.575667 0.874356
Car -1 -1 -10 30.000000 182.000000 181.000000 262.000000 1.542901 1.612010 3.809169 -11.946432 1.321192 17.340632 -2.170493 0.812822
Car -1 -1 -10 494.000000 183.000000 532.000000 210.000000 1.490035 1.608834 3.837465 -5.563836 1.383384 41.476485 -1.665267 0.103617
Car -1 -1 -10 307.000000 187.000000 384.000000 234.000000 1.469327 1.614887 3.673160 -8.306276 1.578750 20.285995 -1.834179 0.093091
Car -1 -1 -10 85.000000 184.000000 200.000000 243.000000 1.449014 1.608992 3.765150 -16.482904 1.062573 24.786463 -2.109503 0.067019
Car -1 -1 -10 331.000000 186.000000 434.000000 229.000000 1.549946 1.667183 3.750173 -3.934844 1.445564 10.908191 -1.927363 0.012892
Car -1 -1 -10 247.000000 183.000000 328.000000 227.000000 1.548919 1.583294 3.774330 -13.055375 1.193235 28.920492 1.232202 0.012710
