Pedestrian -1 -1 -10 4.000000 210.000000 70.000000 377.000000 1.891370 0.599216 0.771103 -3.068730 1.899193 2.976175 -2.268175 0.049496
Car -1 -1 -10 728.000000 187.000000 965.000000 327.000000 1.477561 1.603817 4.003861 3.071546 1.608655 9.138713 1.435465 0.999542
Car -1 -1 -10 150.000000 186.000000 436.000000 270.000000 1.457328 1.570263 4.214904 -5.920976 1.568243 14.151725 0.077476 0.999436
Car -1 -1 -10 683.000000 179.000000 766.000000 233.000000 1.415795 1.562697 3.851778 3.541390 1.693691 20.393546 -1.543054 0.998162
Car -1 -1 -10 654.000000 170.000000 694.000000 203.000000 1.559199 1.615789 3.880367 3.717162 1.616440 39.592601 -1.481367 0.978318
Car -1 -1 -10 449.000000 175.000000 533.000000 209.000000 1.571472 1.628510 3.903173 -5.490020 1.525915 35.035522 1.843738 0.949955
Car -1 -1 -10 0.000000 182.000000 218.000000 353.000000 1.467937 1.573857 3.762879 -6.169429 1.770607 7.460545 -2.754480 0.867849
Car -1 -1 -10 284.000000 170.000000 429.000000 235.000000 1.564244 1.689589 3.930214 -5.927193 1.470401 18.221410 -3.060633 0.846057
Car -1 -1 -10 481.000000 173.000000 548.000000 204.000000 1.505863 1.582152 3.779868 -4.863994 1.612052 35.703356 1.981175 0.390989
Car -1 -1 -10 390.000000 178.000000 523.000000 221.000000 1.460148 1.529802 3.729485 -4.747885 1.829080 26.658283 1.815760 0.100412
Car -1 -1 -10 0.000000 190.000000 106.000000 372.000000 1.475275 1.615127 3.728112 -5.654805 1.883794 6.208029 1.493127 0.041756
