Car -1 -1 -10 10.000000 191.000000 358.000000 299.000000 1.527200 1.623850 4.015704 -6.151365 1.768615 11.206734 -3.235291 0.998144
Car -1 -1 -10 660.000000 179.000000 700.000000 209.000000 1.485659 1.578420 3.816092 3.539208 1.800323 35.927466 -1.521205 0.997579
Car -1 -1 -10 302.000000 183.000000 501.000000 238.000000 1.484263 1.563559 3.999379 -5.476730 1.688433 21.355067 0.630672 0.993252
Car -1 -1 -10 383.000000 178.000000 509.000000 226.000000 1.485523 1.562227 3.934246 -5.266433 1.684077 25.260153 0.771083 0.945436
Car -1 -1 -10 899.000000 185.000000 1246.000000 374.000000 1.428506 1.577047 3.795692 2.914211 1.640326 2.795064 1.527980 0.931384
Car -1 -1 -10 173.000000 185.000000 360.000000 267.000000 1.504058 1.609335 3.884956 -6.148090 1.569984 13.114210 1.543638 0.926347
Car -1 -1 -10 429.000000 176.000000 532.000000 215.000000 1.495004 1.615341 4.041914 -5.466516 1.565346 31.975877 -2.950930 0.605081
Car -1 -1 -10 1.000000 199.000000 142.000000 377.000000 1.464244 1.620818 3.754699 -5.503711 1.859553 6.120066 -2.199076 0.182910
Car -1 -1 -10 476.000000 176.000000 558.000000 206.000000 1.485480 1.635650 3.577345 -3.721120 2.190340 42.027567 1.445015 0.031290
Car -1 -1 -10 288.000000 184.000000 416.000000 226.000000 1.591136 1.618619 3.441871 -5.170362 2.208075 11.090901 1.253628 0.024355
