Pedestrian -1 -1 -10 803.000000 175.000000 818.000000 221.000000 1.686767 0.596652 0.614296 12.576236 1.901978 43.570850 -1.306903 0.050749
Pedestrian -1 -1 -10 751.000000 167.000000 765.000000 213.000000 1.743587 0.665513 0.805313 1.299651 2.133376 11.133842 -1.401092 0.012204
Car -1 -1 -10 443.000000 185.000000 519.000000 235.000000 1.516767 1.584043 3.736834 -4.327945 2.074844 23.694381 1.803810 0.999541
Car -1 -1 -10 762.000000 180.000000 910.000000 277.000000 1.475781 1.578886 3.991976 4.354912 1.670493 13.392973 1.428336 0.998010
Car -1 -1 -10 839.000000 195.000000 1181.000000 373.000000 1.478614 1.587907 3.954853 4.231642 1.678544 7.334712 1.562448 0.997338
Car -1 -1 -10 708.000000 180.000000 773.000000 228.000000 1.401112 1.572535 3.769356 4.519004 1.729093 24.396627 -1.476885 0.994430
Car -1 -1 -10 729.000000 183.000000 819.000000 246.000000 1.425705 1.550465 3.825026 4.577856 1.788467 18.555836 -1.447423 0.992741
Car -1 -1 -10 488.000000 184.000000 542.000000 221.000000 1.485846 1.575927 3.719439 -3.735871 2.069954 29.615283 1.577708 0.992149
Car -1 -1 -10 691.000000 178.000000 742.000000 218.000000 1.425267 1.547122 3.728415 4.761708 1.763912 29.435451 -1.488127 0.952768
Car -1 -1 -10 514.000000 183.000000 556.000000 214.000000 1.479734 1.593144 3.740424 -3.668700 2.004394 34.481533 1.635042 0.503439
Car -1 -1 -10 1144.000000 174.000000 1239.000000 225.000000 1.512960 1.589507 3.900836 18.277039 1.374133 20.909492 -0.873768 0.339755
Car -1 -1 -10 1117.000000 205.000000 1237.000000 373.000000 1.504993 1.633252 3.614702 3.626172 1.749172 4.035984 -0.884851 0.132632
