Pedestrian -1 -1 -10 398.000000 183.000000 408.000000 215.000000 1.639041 0.597465 0.692632 -11.929649 2.485388 42.022817 -1.818058 0.317228
Pedestrian -1 -1 -10 407.000000 179.000000 419.000000 212.000000 1.474665 1.523899 3.474707 -9.457521 2.377513 36.363699 1.311034 0.234271
Pedestrian -1 -1 -10 406.000000 183.000000 439.000000 218.000000 1.693612 0.628265 0.620684 -8.153330 2.433511 32.282972 1.336392 0.083716
Pedestrian -1 -1 -10 403.000000 180.000000 412.000000 215.000000 1.690765 0.599033 0.645609 -11.235355 2.535581 41.844037 1.317474 0.065664
Pedestrian -1 -1 -10 334.000000 185.000000 392.000000 272.000000 1.613806 0.625328 0.670687 -3.792350 2.005197 11.423834 -1.860157 0.018824
Pedestrian -1 -1 -10 344.000000 183.000000 380.000000 234.000000 1.839311 0.621863 0.694374 -3.292371 2.088814 6.754804 1.315666 0.017726
Car -1 -1 -10 720.000000 182.000000 926.000000 320.000000 1.473608 1.586984 3.924361 2.958654 1.624714 9.693247 -1.803717 0.999520
Car -1 -1 -10 213.000000 201.000000 363.000000 302.000000 1.469398 1.572964 3.746693 -5.317233 1.921179 12.678659 -1.936745 0.998082
Car -1 -1 -10 578.000000 182.000000 631.000000 224.000000 1.469713 1.579276 3.795875 -0.171042 1.881229 28.995046 -1.649983 0.997297
Car -1 -1 -10 555.000000 183.000000 589.000000 211.000000 1.456488 1.596851 3.736120 -1.925728 1.931413 38.633361 -1.640895 0.512256
Car -1 -1 -10 409.000000 186.000000 450.000000 221.000000 1.555133 1.600401 3.837218 -8.351297 2.247694 33.371565 1.379626 0.401237
Car -1 -1 -10 304.000000 188.000000 401.000000 260.000000 1.482720 1.565902 3.676768 -6.301785 1.954250 18.262326 -1.775423 0.381815
Car -1 -1 -10 426.000000 185.000000 455.000000 213.000000 1.402178 1.620863 3.596230 -9.286052 2.414959 39.507461 1.397908 0.024589
Car -1 -1 -10 329.000000 184.000000 387.000000 242.000000 1.461231 1.598062 3.740478 -6.290521 1.738217 18.784860 1.210020 0.017125
Cyclist -1 -1 -10 393.000000 182.000000 450.000000 281.000000 1.656017 0.569160 0.713547 -3.418938 1.958091 13.075752 -1.779644 0.999759
Cyclist -1 -1 -10 328.000000 180.000000 396.000000 303.000000 1.674655 0.606743 0.703554 -3.696834 2.105391 11.071258 -1.860128 0.999320
Cyclist -1 -1 -10 409.000000 185.000000 448.000000 225.000000 1.463693 1.562614 3.837673 -6.123267 3.130541 19.287103 1.328004 0.476239
Cyclist -1 -1 -10 255.000000 193.000000 387.000000 298.000000 1.528178 1.567968 3.786534 -4.437525 1.907840 11.643540 1.691093 0.139732
Cyclist -1 -1 -10 309.000000 190.000000 404.000000 254.000000 1.523275 1.525634 3.776911 -6.229421 2.005183 18.012398 1.681502 0.090973
Cyclist -1 -1 -10 406.000000 179.000000 427.000000 219.000000 1.695522 0.572471 0.618320 -8.456348 2.416178 32.036069 -1.842591 0.044143
Cyclist -1 -1 -10 334.000000 184.000000 387.000000 242.000000 1.475016 1.587418 3.832980 -6.206293 1.789302 18.049228 1.231163 0.018779
Cyclist -1 -1 -10 398.000000 181.000000 409.000000 216.000000 1.500417 1.467101 3.694282 -7.402093 3.683191 20.738289 1.247485 0.010404
