Car -1 -1 -10 681.000000 201.000000 899.000000 322.000000 1.460323 1.609211 3.956526 2.620323 1.791143 9.922425 1.320109 0.999576
Car -1 -1 -10 385.000000 192.000000 428.000000 223.000000 1.542289 1.617916 3.860123 -11.148354 2.592234 39.353749 1.413013 0.999241
Car -1 -1 -10 564.000000 189.000000 628.000000 234.000000 1.441957 1.551108 3.832276 -0.393356 2.041740 25.363408 -1.703940 0.998606
Car -1 -1 -10 -4.000000 212.000000 255.000000 363.000000 1.435912 1.568235 3.741676 -6.282106 2.117121 8.662346 1.489714 0.992839
Car -1 -1 -10 554.000000 188.000000 606.000000 224.000000 1.420122 1.605590 3.814197 -0.989479 2.179775 30.064765 -1.670694 0.992314
Car -1 -1 -10 765.000000 172.000000 887.000000 222.000000 1.486455 1.660447 3.995807 7.869808 1.514003 25.882077 -2.349846 0.975282
Car -1 -1 -10 969.000000 180.000000 1245.000000 372.000000 1.469710 1.584459 3.720736 3.698405 1.558225 3.162951 -0.285132 0.829213
Car -1 -1 -10 0.000000 226.000000 118.000000 371.000000 1.489213 1.646437 3.766505 -5.466153 2.130451 5.869931 1.471008 0.785417
Car -1 -1 -10 405.000000 190.000000 439.000000 217.000000 1.541156 1.511283 3.666983 -10.985587 2.723944 39.710763 1.373198 0.759769
Car -1 -1 -10 1067.000000 173.000000 1207.000000 251.000000 1.451444 1.551420 3.824931 10.509166 1.433488 14.249353 2.087442 0.712754
Car -1 -1 -10 705.000000 180.000000 810.000000 212.000000 1.583086 1.707837 3.995946 6.289771 1.596219 32.184906 0.128024 0.507997
Car -1 -1 -10 184.000000 196.000000 256.000000 222.000000 1.472142 1.607896 3.749949 -17.465111 2.289968 32.641545 1.645160 0.361573
