Pedestrian -1 -1 -10 811.000000 175.000000 836.000000 214.000000 1.638976 0.612783 0.535755 12.522474 1.920584 39.899703 1.306475 0.032690
Car -1 -1 -10 827.000000 183.000000 1119.000000 352.000000 1.488007 1.605268 4.002855 4.224420 1.628821 8.191129 1.514237 0.999443
Car -1 -1 -10 379.000000 184.000000 486.000000 249.000000 1.541121 1.591333 3.723963 -4.569307 1.980498 18.546552 1.752595 0.999335
Car -1 -1 -10 758.000000 184.000000 905.000000 275.000000 1.453829 1.561461 3.945783 4.304756 1.714758 13.130651 1.425201 0.997661
Car -1 -1 -10 442.000000 181.000000 519.000000 230.000000 1.477179 1.544899 3.659193 -4.020089 1.954182 24.362228 1.534695 0.997433
Car -1 -1 -10 724.000000 180.000000 816.000000 242.000000 1.410278 1.557909 3.842286 4.474369 1.781826 18.827757 -1.469937 0.994237
Car -1 -1 -10 700.000000 179.000000 764.000000 226.000000 1.441239 1.519122 3.827327 4.503657 1.773355 23.808177 -1.480780 0.992241
Car -1 -1 -10 486.000000 181.000000 537.000000 219.000000 1.477090 1.604262 3.722497 -4.018029 1.901089 29.484783 1.571188 0.987733
Car -1 -1 -10 692.000000 178.000000 737.000000 215.000000 1.456933 1.516827 3.672023 4.724794 1.868877 29.143752 -1.458860 0.836224
Car -1 -1 -10 1047.000000 192.000000 1241.000000 367.000000 1.459125 1.556241 3.767649 4.600618 1.733147 6.201232 1.694155 0.194489
Car -1 -1 -10 686.000000 177.000000 721.000000 206.000000 1.463223 1.571361 3.761016 4.819810 1.522641 34.760709 -1.465902 0.105908
Cyclist -1 -1 -10 919.000000 181.000000 1000.000000 221.000000 1.811945 0.589992 0.668201 1.393930 1.314687 3.987096 2.083369 0.060762
Cyclist -1 -1 -10 810.000000 175.000000 836.000000 213.000000 1.635156 0.591427 0.646489 12.013341 1.691479 38.422443 -1.274310 0.012692
