Pedestrian -1 -1 -10 400.000000 175.000000 422.000000 239.000000 1.503043 1.547482 3.761504 -5.271600 2.110013 15.095150 1.319276 0.985706
Pedestrian -1 -1 -10 380.000000 183.000000 402.000000 237.000000 1.654210 0.613635 0.577213 -6.862963 1.810426 21.858884 -1.868239 0.010963
Car -1 -1 -10 738.000000 180.000000 951.000000 321.000000 1.452761 1.589683 3.893807 3.126425 1.613858 9.238877 1.410184 0.999519
Car -1 -1 -10 672.000000 180.000000 743.000000 238.000000 1.463197 1.553926 3.778654 2.864191 1.654700 20.061778 -1.493472 0.998506
Car -1 -1 -10 352.000000 195.000000 464.000000 272.000000 1.556171 1.604123 3.727267 -4.423286 1.986832 15.721584 -1.356913 0.998309
Car -1 -1 -10 433.000000 180.000000 506.000000 235.000000 1.584876 1.628346 3.779437 -4.734607 1.901499 24.515914 -1.311457 0.995411
Car -1 -1 -10 643.000000 176.000000 679.000000 210.000000 1.443922 1.578940 3.762931 2.587397 1.715274 35.404289 -1.544074 0.993668
Car -1 -1 -10 496.000000 182.000000 532.000000 214.000000 1.520177 1.599138 3.858090 -5.240315 2.077123 38.760131 1.472488 0.961005
Car -1 -1 -10 761.000000 183.000000 831.000000 242.000000 1.554262 1.620824 3.825499 7.756554 1.730037 31.219199 -1.319124 0.167814
Cyclist -1 -1 -10 395.000000 177.000000 421.000000 237.000000 1.638376 0.586315 0.608188 -5.753832 1.555164 21.398538 -1.846056 0.010112
