Car -1 -1 -10 743.000000 175.000000 1009.000000 345.000000 1.482488 1.619832 4.055066 3.244943 1.635062 8.567488 1.463084 0.999522
Car -1 -1 -10 706.000000 175.000000 780.000000 208.000000 1.501668 1.636950 4.080512 6.589258 1.612850 34.293925 -2.007943 0.989964
Car -1 -1 -10 252.000000 178.000000 444.000000 258.000000 1.463110 1.570427 3.849145 -5.630574 1.706130 16.504872 0.615622 0.981182
Car -1 -1 -10 60.000000 175.000000 366.000000 285.000000 1.490077 1.594049 4.066736 -5.712734 1.325445 10.673881 1.648299 0.963011
Car -1 -1 -10 350.000000 176.000000 471.000000 225.000000 1.568451 1.607433 3.911443 -6.584531 1.465031 26.111978 -1.314800 0.943862
Car -1 -1 -10 395.000000 173.000000 500.000000 216.000000 1.555761 1.639474 4.108379 -6.351508 1.469936 29.252134 -3.004403 0.530740
Car -1 -1 -10 30.000000 176.000000 261.000000 255.000000 1.497913 1.664422 3.618479 -14.174589 1.327689 19.338730 -2.133792 0.192586
Car -1 -1 -10 456.000000 176.000000 521.000000 203.000000 1.559572 1.601856 3.684704 -5.650682 1.909206 42.310119 -1.712963 0.016974
Car -1 -1 -10 3.000000 202.000000 104.000000 289.000000 1.437620 1.659487 3.574615 -2.703659 0.896676 2.840279 1.002798 0.016041
Car -1 -1 -10 772.000000 179.000000 899.000000 262.000000 1.494036 1.533946 3.840950 6.294740 1.243953 16.999404 1.395363 0.011948
