Pedestrian -1 -1 -10 1064.000000 129.000000 1190.000000 334.000000 1.738135 0.594426 0.754480 4.653589 1.527323 6.416923 1.171459 0.995885
Pedestrian -1 -1 -10 646.000000 166.000000 698.000000 290.000000 1.652954 0.609982 0.714125 0.813692 1.700889 9.190206 2.141130 0.994576
Pedestrian -1 -1 -10 582.000000 158.000000 663.000000 319.000000 1.701768 0.603306 0.762976 -0.019929 1.619101 7.483713 -1.506078 0.994235
Pedestrian -1 -1 -10 1118.000000 137.000000 1226.000000 315.000000 1.787712 0.567666 0.711096 5.059075 1.533160 6.809500 1.234365 0.916802
Pedestrian -1 -1 -10 563.000000 161.000000 587.000000 232.000000 1.651669 0.623955 0.754057 -0.624795 1.472126 18.342702 0.494576 0.647888
Pedestrian -1 -1 -10 716.000000 173.000000 740.000000 227.000000 1.679920 0.640584 0.604209 3.772291 1.425923 20.617576 2.244584 0.392279
Pedestrian -1 -1 -10 588.000000 160.000000 625.000000 293.000000 1.674188 0.604046 0.715546 0.003482 1.505895 7.470949 -1.532082 0.281379
Pedestrian -1 -1 -10 453.000000 159.000000 492.000000 237.000000 1.677995 0.638773 0.663590 -2.998598 1.436878 16.059812 -1.741836 0.167342
Pedestrian -1 -1 -10 687.000000 174.000000 718.000000 233.000000 1.609415 0.628150 0.640465 2.412712 1.535029 18.042347 -1.399819 0.157379
Pedestrian -1 -1 -10 589.000000 164.000000 611.000000 241.000000 1.736210 0.584814 0.665778 -0.024151 1.394630 16.900962 -1.506839 0.147869
Pedestrian -1 -1 -10 668.000000 171.000000 686.000000 221.000000 1.700542 0.587821 0.600978 3.392767 1.150855 31.174484 -1.479702 0.095942
Pedestrian -1 -1 -10 660.000000 174.000000 701.000000 245.000000 1.578989 0.625493 0.551458 2.511685 1.671932 17.416210 1.116998 0.075257
Pedestrian -1 -1 -10 599.000000 168.000000 620.000000 242.000000 1.750577 0.593221 0.608847 0.087940 1.495041 17.423473 0.590562 0.073000
Pedestrian -1 -1 -10 800.000000 170.000000 816.000000 221.000000 1.727551 0.585666 0.604777 6.428451 0.916188 21.637598 -1.302605 0.042918
Car -1 -1 -10 191.000000 155.000000 479.000000 353.000000 1.579153 1.621508 3.713505 -2.995584 1.565722 8.254083 1.688868 0.989910
Car -1 -1 -10 388.000000 158.000000 497.000000 245.000000 1.633105 1.625396 3.808563 -4.862232 1.190920 21.089312 -1.239807 0.097128
Car -1 -1 -10 439.000000 161.000000 509.000000 211.000000 1.536600 1.625800 3.842732 -4.684907 0.802995 28.364102 -1.752502 0.085998
Cyclist -1 -1 -10 687.000000 174.000000 718.000000 233.000000 1.620445 0.590652 0.583812 2.543198 1.300346 17.842301 -1.431021 0.073573
Cyclist -1 -1 -10 667.000000 172.000000 691.000000 229.000000 1.704596 0.498177 1.606980 2.157171 1.232157 21.506369 -1.451011 0.041258
Cyclist -1 -1 -10 1129.000000 138.000000 1230.000000 310.000000 1.720478 0.565457 0.705436 5.128164 1.475547 6.768691 2.739451 0.020824
Cyclist -1 -1 -10 450.000000 160.000000 493.000000 242.000000 1.646034 0.586933 0.727516 -2.885197 1.466172 15.666115 -1.725774 0.020713
Cyclist -1 -1 -10 660.000000 174.000000 701.000000 245.000000 1.610245 0.617134 0.558168 2.549026 1.591865 17.340001 -1.429939 0.019495
Cyclist -1 -1 -10 585.000000 163.000000 619.000000 245.000000 1.658596 0.608149 0.652267 -0.005430 1.362452 16.854068 -1.532618 0.015422
Cyclist -1 -1 -10 645.000000 169.000000 697.000000 287.000000 1.655514 0.593595 0.731263 0.877318 1.562510 9.436576 -1.449195 0.014633
Cyclist -1 -1 -10 709.000000 172.000000 735.000000 231.000000 1.659360 0.582371 0.587784 2.959180 1.377482 17.470217 -1.408176 0.010588
Cyclist -1 -1 -10 1057.000000 133.000000 1207.000000 330.000000 1.693688 0.571518 0.752632 4.734289 1.468115 6.467275 -0.888184 0.010533
