Pedestrian -1 -1 -10 277.000000 182.000000 292.000000 217.000000 1.719269 0.623031 0.556031 -20.212192 2.175175 45.210830 1.165649 0.192903
Pedestrian -1 -1 -10 298.000000 182.000000 313.000000 214.000000 1.769331 0.583993 0.613010 -15.305073 2.671677 35.912752 -1.981023 0.125855
Pedestrian -1 -1 -10 274.000000 182.000000 303.000000 223.000000 1.686262 0.583292 0.716187 -12.495197 2.302003 26.815469 -1.955894 0.031928
Car -1 -1 -10 597.000000 173.000000 631.000000 204.000000 1.566621 1.608403 3.766748 0.521019 1.844993 42.490912 -1.550334 0.999546
Car -1 -1 -10 210.000000 191.000000 299.000000 238.000000 1.559387 1.609576 3.725356 -12.768873 2.367162 26.363899 1.645794 0.999267
Car -1 -1 -10 262.000000 188.000000 317.000000 221.000000 1.497358 1.557115 3.777923 -16.022133 2.701771 36.584957 1.693534 0.831394
Car -1 -1 -10 275.000000 182.000000 301.000000 223.000000 1.495560 1.639918 3.582678 -15.639605 2.423818 36.541710 1.151657 0.027257
Car -1 -1 -10 288.000000 186.000000 316.000000 217.000000 1.495560 1.639917 3.582678 -15.628982 2.423817 36.543511 1.167924 0.010230
Cyclist -1 -1 -10 266.000000 186.000000 314.000000 221.000000 1.752813 0.579793 0.644046 -15.388601 2.614763 35.935086 -2.004283 0.164513
Cyclist -1 -1 -10 294.000000 181.000000 317.000000 216.000000 1.752813 0.579793 0.644046 -15.387807 2.614764 35.932653 -1.986223 0.061118
Cyclist -1 -1 -10 275.000000 181.000000 297.000000 222.000000 1.676291 0.590211 0.637057 -12.411974 1.962757 26.871426 -2.002221 0.018555
Cyclist -1 -1 -10 63.000000 206.000000 121.000000 251.000000 1.654588 0.545078 1.696733 -17.213600 2.807030 23.341200 -2.179632 0.016835
Cyclist -1 -1 -10 298.000000 183.000000 310.000000 208.000000 1.752811 0.579793 0.644045 -18.927720 2.166774 44.703872 -1.987983 0.016093
Cyclist -1 -1 -10 274.000000 184.000000 291.000000 210.000000 1.717811 0.580166 0.628083 -19.761961 2.170450 44.310368 -2.012574 0.010509
