Car -1 -1 -10 753.000000 197.000000 1048.000000 374.000000 1.451621 1.602309 3.951295 3.088818 1.731123 7.346506 1.466724 0.999728
Car -1 -1 -10 672.000000 177.000000 760.000000 251.000000 1.480870 1.588859 3.853008 2.850167 1.677168 18.371197 -1.540931 0.998802
Car -1 -1 -10 263.000000 184.000000 452.000000 249.000000 1.546890 1.581119 3.822603 -5.794197 1.711604 18.967964 1.706145 0.981724
Car -1 -1 -10 9.000000 162.000000 353.000000 296.000000 1.616347 1.617194 3.931876 -6.242895 1.511976 11.449269 -3.213557 0.980193
Car -1 -1 -10 656.000000 183.000000 713.000000 230.000000 1.458533 1.498728 3.660151 2.948259 1.981842 24.320221 -1.511141 0.938693
Car -1 -1 -10 204.000000 186.000000 406.000000 270.000000 1.479722 1.599775 3.697977 -5.728678 1.939473 14.708117 1.689250 0.686812
Car -1 -1 -10 645.000000 178.000000 686.000000 216.000000 1.467340 1.560054 3.826740 2.741975 1.891943 33.685860 -1.586272 0.589314
Car -1 -1 -10 0.000000 207.000000 142.000000 378.000000 1.455173 1.627495 3.786499 -5.700163 2.016910 6.279835 -2.201189 0.425653
Car -1 -1 -10 478.000000 180.000000 541.000000 207.000000 1.485000 1.603931 3.830318 -5.827158 1.973390 43.313146 0.900231 0.270914
Car -1 -1 -10 398.000000 183.000000 513.000000 221.000000 1.445602 1.536840 3.785487 -6.088136 1.830532 29.883661 -1.163279 0.206027
Car -1 -1 -10 441.000000 181.000000 525.000000 213.000000 1.549668 1.632259 3.807499 -6.364510 1.698927 36.504179 1.857832 0.202363
