Pedestrian -1 -1 -10 1180.000000 127.000000 1234.000000 243.000000 1.630128 0.715021 0.662237 5.959236 1.408328 8.369530 2.263538 0.011685
Car -1 -1 -10 724.000000 191.000000 895.000000 302.000000 1.432592 1.588219 3.909638 3.021293 1.668874 10.728590 1.449235 0.999395
Car -1 -1 -10 551.000000 178.000000 589.000000 207.000000 1.493248 1.577236 3.807848 -1.848793 1.698977 35.280292 1.618520 0.999066
Car -1 -1 -10 688.000000 181.000000 759.000000 235.000000 1.423503 1.572930 3.846904 3.405591 1.716848 20.064873 -1.517260 0.997027
Car -1 -1 -10 303.000000 178.000000 481.000000 242.000000 1.491452 1.561116 3.909316 -5.348546 1.749523 18.943959 0.685034 0.992067
Car -1 -1 -10 656.000000 173.000000 693.000000 203.000000 1.457546 1.591913 3.855115 3.588099 1.618396 38.588782 -1.570195 0.965357
Car -1 -1 -10 61.000000 172.000000 397.000000 274.000000 1.459457 1.598844 4.044600 -5.944932 1.460904 12.347369 -3.251852 0.956716
Car -1 -1 -10 382.000000 175.000000 498.000000 225.000000 1.404507 1.614192 4.001588 -5.846655 1.396929 25.837017 0.226503 0.948497
Car -1 -1 -10 481.000000 176.000000 547.000000 201.000000 1.509739 1.692250 4.109645 -5.589934 1.569137 42.515069 -2.846073 0.879172
Car -1 -1 -10 2.000000 218.000000 113.000000 380.000000 1.466012 1.639660 3.381519 -4.642461 1.526756 4.734828 1.001976 0.633243
Car -1 -1 -10 211.000000 178.000000 436.000000 250.000000 1.485301 1.576314 3.871204 -6.029358 1.591499 16.653702 -3.050535 0.222568
