Pedestrian -1 -1 -10 752.000000 154.000000 770.000000 222.000000 1.597717 0.590445 0.606929 5.794941 0.906600 27.808024 -1.328550 0.516693
Pedestrian -1 -1 -10 737.000000 157.000000 750.000000 210.000000 1.630650 0.604530 0.601833 5.194939 0.950448 27.522446 -1.384387 0.306541
Pedestrian -1 -1 -10 735.000000 161.000000 760.000000 214.000000 1.620475 0.601450 0.596328 5.547186 1.070313 27.356711 -1.370166 0.052545
Pedestrian -1 -1 -10 693.000000 174.000000 775.000000 231.000000 1.426393 1.612926 3.887861 3.457815 1.579071 18.608677 -1.484810 0.017737
Car -1 -1 -10 353.000000 183.000000 447.000000 245.000000 1.559743 1.590624 3.697088 -5.860776 2.026259 20.016567 1.732393 0.999280
Car -1 -1 -10 715.000000 174.000000 845.000000 264.000000 1.516923 1.595049 3.834473 3.300577 1.486685 13.759664 -1.827759 0.998604
Car -1 -1 -10 846.000000 182.000000 1242.000000 375.000000 1.452692 1.601162 4.158723 3.471093 1.459579 4.838412 1.552600 0.992190
Car -1 -1 -10 687.000000 176.000000 772.000000 230.000000 1.438045 1.541459 3.817121 3.656282 1.571584 19.412683 -1.539452 0.966921
Car -1 -1 -10 410.000000 183.000000 480.000000 228.000000 1.492812 1.553766 3.656364 -5.647273 1.979136 25.467234 1.498297 0.951329
Car -1 -1 -10 3.000000 223.000000 152.000000 373.000000 1.513396 1.617740 3.711071 -5.555608 1.999234 6.619669 -2.174097 0.716745
Car -1 -1 -10 682.000000 176.000000 742.000000 216.000000 1.425770 1.648371 3.850301 3.805292 1.488223 26.928569 2.228646 0.412898
Car -1 -1 -10 818.000000 163.000000 901.000000 207.000000 1.447008 1.518425 3.922961 11.546516 0.944219 33.388211 2.530203 0.027920
Cyclist -1 -1 -10 751.000000 157.000000 771.000000 216.000000 1.714891 0.496371 1.688111 5.702185 0.967728 27.689272 -1.323912 0.020332
