Car -1 -1 -10 729.000000 196.000000 941.000000 351.000000 1.478267 1.593737 4.031164 3.070051 1.832815 8.505772 1.383328 0.998945
Car -1 -1 -10 243.000000 213.000000 446.000000 343.000000 1.494853 1.626990 3.812845 -3.839642 2.108444 10.473255 1.285506 0.998166
Car -1 -1 -10 855.000000 202.000000 1225.000000 371.000000 1.464576 1.606074 3.891906 3.439509 1.513266 4.284215 -1.056682 0.995074
Car -1 -1 -10 679.000000 198.000000 798.000000 276.000000 1.458566 1.469479 3.623758 2.866027 1.963171 10.450126 1.203100 0.994105
Car -1 -1 -10 392.000000 209.000000 491.000000 286.000000 1.474521 1.636131 3.700578 -3.617347 2.130296 10.848281 1.846020 0.987585
Car -1 -1 -10 473.000000 203.000000 529.000000 246.000000 1.476813 1.604243 3.752059 -4.123118 2.654432 26.231161 1.566017 0.972246
Car -1 -1 -10 667.000000 196.000000 741.000000 251.000000 1.425980 1.566354 3.958029 3.094525 2.129513 20.219025 1.208160 0.969722
Car -1 -1 -10 441.000000 203.000000 500.000000 260.000000 1.424358 1.495008 3.681841 -4.196261 2.425952 20.019540 1.457280 0.864221
Car -1 -1 -10 659.000000 195.000000 711.000000 239.000000 1.398101 1.511180 3.639793 3.030934 2.198791 22.588458 -1.550970 0.384044
Cyclist -1 -1 -10 821.000000 191.000000 1238.000000 376.000000 1.457462 1.637575 4.044868 3.009040 1.695713 3.735039 1.509229 0.035796
