Pedestrian -1 -1 -10 702.000000 165.000000 716.000000 209.000000 1.651748 0.618228 0.716492 4.410361 1.630549 32.109862 -1.401899 0.178446
Pedestrian -1 -1 -10 534.000000 172.000000 545.000000 211.000000 1.640535 0.602628 0.712118 -3.423215 1.966520 36.108739 -1.629640 0.032766
Pedestrian -1 -1 -10 487.000000 169.000000 499.000000 216.000000 1.636676 0.615337 0.617322 -3.322505 1.635693 22.233675 -1.734500 0.021501
Pedestrian -1 -1 -10 484.000000 171.000000 507.000000 231.000000 1.706514 0.578358 0.761305 -3.388014 2.104812 21.605763 1.882432 0.015280
Car -1 -1 -10 145.000000 184.000000 373.000000 317.000000 1.557109 1.635426 3.751800 -5.081212 1.911670 10.743063 1.614458 0.999571
Car -1 -1 -10 752.000000 171.000000 1065.000000 373.000000 1.548606 1.606233 4.009822 2.946770 1.596016 7.334457 -1.701511 0.997046
Car -1 -1 -10 434.000000 184.000000 495.000000 228.000000 1.504800 1.617558 3.896002 -5.377932 2.030374 26.696177 1.399342 0.991235
Car -1 -1 -10 790.000000 177.000000 914.000000 261.000000 1.481722 1.534912 3.753605 6.069301 1.148695 16.346148 1.377002 0.436592
Car -1 -1 -10 763.000000 177.000000 966.000000 294.000000 1.455182 1.617573 3.766800 2.543170 1.226831 7.079596 -1.210070 0.100361
Car -1 -1 -10 862.000000 185.000000 1076.000000 307.000000 1.479282 1.645895 3.599699 5.457712 1.463892 9.497517 2.033177 0.029344
Car -1 -1 -10 508.000000 178.000000 548.000000 207.000000 1.480952 1.505306 3.439634 -3.683385 1.880793 38.183499 -1.697331 0.028843
Car -1 -1 -10 428.000000 184.000000 475.000000 214.000000 1.492987 1.598922 3.711279 -8.368318 2.038606 33.067191 -1.743687 0.010823
Cyclist -1 -1 -10 480.000000 172.000000 511.000000 238.000000 1.701572 0.563220 0.749593 -3.368567 2.056096 21.601411 -1.665736 0.998671
Cyclist -1 -1 -10 507.000000 173.000000 534.000000 233.000000 1.697089 0.582639 0.753344 -2.715478 1.975531 22.212925 -1.649098 0.996795
Cyclist -1 -1 -10 436.000000 183.000000 494.000000 229.000000 1.478909 1.552465 3.692676 -4.413496 2.204265 24.651194 0.779961 0.776733
Cyclist -1 -1 -10 509.000000 179.000000 544.000000 210.000000 1.540516 1.217148 3.384715 -4.040280 3.877780 22.104408 1.312084 0.465045
Cyclist -1 -1 -10 465.000000 181.000000 505.000000 229.000000 1.660476 0.593982 1.598642 -3.320771 2.096741 22.206736 -1.722231 0.109271
Cyclist -1 -1 -10 518.000000 179.000000 531.000000 214.000000 1.633810 0.592564 0.611689 -2.552970 1.705351 22.344069 -1.687875 0.028627
Cyclist -1 -1 -10 534.000000 172.000000 545.000000 210.000000 1.637935 0.586551 0.725368 -3.426219 1.918409 36.147095 -1.632659 0.016731
Cyclist -1 -1 -10 486.000000 170.000000 499.000000 217.000000 1.643620 0.617322 0.609687 -3.351665 1.773992 22.548645 -1.705422 0.016595
