Pedestrian -1 -1 -10 858.000000 158.000000 930.000000 308.000000 1.687672 0.597014 0.745824 3.122210 1.620957 7.776108 -1.143552 0.998593
Pedestrian -1 -1 -10 753.000000 150.000000 842.000000 331.000000 1.671160 0.605177 0.753042 1.731664 1.613915 6.869487 -1.267126 0.997500
Pedestrian -1 -1 -10 646.000000 158.000000 677.000000 247.000000 1.712360 0.604418 0.759447 1.240376 1.472642 14.568175 -1.445004 0.996603
Pedestrian -1 -1 -10 566.000000 164.000000 601.000000 253.000000 1.683145 0.607807 0.751678 -0.269263 1.589457 14.455637 -1.551856 0.991127
Pedestrian -1 -1 -10 611.000000 166.000000 642.000000 251.000000 1.705696 0.603980 0.752464 0.454065 1.587585 14.100291 -1.496769 0.988128
Pedestrian -1 -1 -10 316.000000 165.000000 348.000000 243.000000 1.689670 0.603764 0.758072 -6.225581 1.541825 16.527562 -1.887038 0.973831
Pedestrian -1 -1 -10 693.000000 158.000000 724.000000 251.000000 1.685553 0.590254 0.749080 1.871820 1.495374 13.187154 -1.374439 0.772051
Pedestrian -1 -1 -10 1140.000000 136.000000 1227.000000 309.000000 1.677456 0.582730 0.724906 5.751727 1.427598 7.142498 -0.839303 0.737892
Pedestrian -1 -1 -10 958.000000 127.000000 997.000000 228.000000 1.653507 0.613354 0.684864 7.607371 1.055198 14.215105 -1.038441 0.579309
Pedestrian -1 -1 -10 803.000000 152.000000 824.000000 225.000000 1.587834 0.640391 0.564871 5.292843 1.352506 17.465045 2.355243 0.245545
Pedestrian -1 -1 -10 228.000000 160.000000 251.000000 232.000000 1.701980 0.601590 0.727381 -8.379278 1.301131 16.760421 -1.997648 0.123815
Pedestrian -1 -1 -10 758.000000 161.000000 804.000000 301.000000 1.649438 0.599835 0.711013 1.782857 1.563185 6.880115 -1.289781 0.088764
Pedestrian -1 -1 -10 765.000000 171.000000 804.000000 235.000000 1.696470 0.649656 0.603890 4.225178 1.469936 16.700409 2.331389 0.028039
Pedestrian -1 -1 -10 762.000000 169.000000 781.000000 247.000000 1.600719 0.604536 0.567960 3.995727 1.510255 16.475396 2.281955 0.026947
Pedestrian -1 -1 -10 1204.000000 127.000000 1229.000000 183.000000 1.734437 0.588453 0.610448 15.345858 -0.092218 17.411272 -0.871522 0.025378
Pedestrian -1 -1 -10 621.000000 161.000000 661.000000 244.000000 1.740739 0.602837 0.762472 0.865127 1.485327 14.314081 -1.473523 0.011445
Car -1 -1 -10 388.000000 161.000000 539.000000 267.000000 1.585241 1.626923 3.761299 -2.608303 1.421918 13.611787 1.827517 0.998541
Car -1 -1 -10 373.000000 157.000000 469.000000 233.000000 1.598195 1.596537 3.875385 -5.014546 1.231596 20.743784 -1.803581 0.662955
Cyclist -1 -1 -10 692.000000 158.000000 725.000000 248.000000 1.679426 0.565277 0.740326 1.868563 1.453939 13.240473 -1.379627 0.712748
Cyclist -1 -1 -10 686.000000 169.000000 708.000000 233.000000 1.615233 0.591875 0.580870 2.431415 1.431669 17.571550 -1.433052 0.030713
Cyclist -1 -1 -10 799.000000 158.000000 820.000000 226.000000 1.639532 0.619128 0.592303 4.663382 1.343318 16.977882 2.360784 0.019906
Cyclist -1 -1 -10 566.000000 163.000000 600.000000 256.000000 1.673849 0.603137 0.760341 -0.269750 1.557173 14.476184 -1.562351 0.013851
Cyclist -1 -1 -10 647.000000 160.000000 677.000000 245.000000 1.705104 0.592192 0.777757 1.240039 1.439481 14.567257 -1.450036 0.010058
