Pedestrian -1 -1 -10 665.000000 172.000000 686.000000 231.000000 1.698238 0.608322 0.744781 2.339918 1.745115 22.116251 -1.427163 0.924742
Pedestrian -1 -1 -10 1029.000000 185.000000 1086.000000 320.000000 1.600294 0.598583 0.578054 2.449850 1.698672 3.475369 -0.996677 0.804504
Pedestrian -1 -1 -10 522.000000 170.000000 540.000000 232.000000 1.679187 0.607508 0.733855 -2.051359 1.635216 21.445199 -1.632907 0.640651
Pedestrian -1 -1 -10 689.000000 172.000000 712.000000 232.000000 1.685373 0.612717 0.742781 3.098571 1.651555 22.210214 -1.397849 0.540091
Pedestrian -1 -1 -10 544.000000 176.000000 552.000000 204.000000 1.769331 0.583993 0.613010 -2.293308 2.134226 33.992427 -1.655448 0.129138
Pedestrian -1 -1 -10 487.000000 176.000000 497.000000 208.000000 1.671376 0.597415 0.606516 -4.880469 1.457345 33.466432 -1.724634 0.126623
Pedestrian -1 -1 -10 1074.000000 272.000000 1187.000000 369.000000 1.766737 0.603254 0.686202 1.449908 1.202801 2.231018 -0.956739 0.123816
Pedestrian -1 -1 -10 979.000000 184.000000 1115.000000 340.000000 1.587831 0.596371 0.581262 2.551450 1.781345 3.403273 -1.002896 0.044142
Pedestrian -1 -1 -10 951.000000 192.000000 1215.000000 370.000000 1.580434 0.624171 0.668343 2.630789 1.766271 3.196332 -0.970101 0.022464
Pedestrian -1 -1 -10 995.000000 183.000000 1073.000000 301.000000 1.625498 0.596376 0.571066 2.472770 1.702738 3.486077 -1.021141 0.013427
Pedestrian -1 -1 -10 606.000000 175.000000 616.000000 205.000000 1.675340 0.602544 0.740420 0.687391 1.718191 45.965601 -1.517959 0.010984
Car -1 -1 -10 955.000000 223.000000 1228.000000 366.000000 1.537336 1.627124 3.639083 2.978238 1.450139 3.901057 -0.949210 0.039623
Car -1 -1 -10 1060.000000 263.000000 1215.000000 372.000000 1.483521 1.693604 3.509709 1.930694 1.067854 3.144870 2.284760 0.013700
Cyclist -1 -1 -10 953.000000 203.000000 1207.000000 363.000000 1.575738 0.610598 0.661728 2.616412 1.688448 3.254691 -0.986857 0.406896
Cyclist -1 -1 -10 1003.000000 178.000000 1095.000000 349.000000 1.588466 0.593976 0.609837 2.500933 1.774023 3.482009 -0.999275 0.159668
Cyclist -1 -1 -10 665.000000 172.000000 687.000000 231.000000 1.660212 0.591560 0.736674 2.329887 1.651306 22.125410 -1.435457 0.014509
