Pedestrian -1 -1 -10 403.000000 179.000000 416.000000 216.000000 1.617290 0.614782 0.665641 -8.890464 2.131661 32.551650 -1.817185 0.862794
Pedestrian -1 -1 -10 418.000000 176.000000 430.000000 213.000000 1.655610 0.598004 0.611076 -8.355940 1.784697 32.756716 -1.820190 0.648727
Pedestrian -1 -1 -10 406.000000 178.000000 422.000000 219.000000 1.769332 0.583993 0.613010 -8.730929 2.203004 32.803604 -1.847131 0.012794
Car -1 -1 -10 628.000000 177.000000 707.000000 239.000000 1.469570 1.568123 3.844861 1.777708 1.658394 20.131465 -1.576705 0.999006
Car -1 -1 -10 406.000000 189.000000 462.000000 233.000000 1.519281 1.579261 3.735338 -6.247233 2.038435 25.638994 -1.738971 0.998437
Car -1 -1 -10 32.000000 194.000000 336.000000 356.000000 1.508301 1.601636 3.750726 -5.287913 1.985311 9.001697 1.500200 0.994169
Car -1 -1 -10 600.000000 178.000000 643.000000 215.000000 1.439350 1.573894 3.782082 0.656384 1.669910 30.197899 -1.606408 0.984177
Car -1 -1 -10 434.000000 180.000000 480.000000 218.000000 1.531785 1.608387 3.704911 -7.074375 2.042503 34.050219 -1.696993 0.940002
Car -1 -1 -10 582.000000 178.000000 612.000000 203.000000 1.467758 1.629100 3.820648 -0.689842 1.848780 45.824009 -1.580742 0.552151
Car -1 -1 -10 0.000000 200.000000 153.000000 370.000000 1.464715 1.573305 3.704519 -4.779996 2.178423 5.272516 1.477367 0.486545
Car -1 -1 -10 749.000000 193.000000 1023.000000 347.000000 1.516838 1.607024 3.998610 3.092106 1.555710 7.873713 -1.743968 0.038501
Car -1 -1 -10 458.000000 182.000000 497.000000 207.000000 1.495640 1.629381 3.641699 -8.230734 2.547634 47.660824 -1.743693 0.021834
