Car -1 -1 -10 686.000000 209.000000 985.000000 375.000000 1.475376 1.572646 3.965569 2.829007 1.894934 6.516640 1.331069 0.999330
Car -1 -1 -10 226.000000 214.000000 357.000000 308.000000 1.465416 1.602445 3.662064 -4.704082 2.066832 8.300685 -1.931451 0.997169
Car -1 -1 -10 564.000000 190.000000 656.000000 267.000000 1.488400 1.562257 3.988393 0.250665 2.060212 17.443796 -1.721089 0.996233
Car -1 -1 -10 621.000000 202.000000 777.000000 303.000000 1.498956 1.563257 4.046856 2.119878 2.053858 10.643751 1.183159 0.995729
Car -1 -1 -10 -1.000000 224.000000 289.000000 374.000000 1.504322 1.586568 3.713942 -4.469105 2.161448 5.638256 1.562257 0.988753
Car -1 -1 -10 521.000000 197.000000 570.000000 237.000000 1.456097 1.564529 3.968143 -2.214485 2.501172 29.718543 -1.775688 0.988401
Car -1 -1 -10 841.000000 209.000000 1244.000000 378.000000 1.438956 1.590006 3.805394 3.190666 1.667688 3.779790 -0.355707 0.970312
Car -1 -1 -10 538.000000 195.000000 605.000000 248.000000 1.477720 1.527150 3.466168 -1.531870 2.206804 20.153740 -1.626129 0.884777
Car -1 -1 -10 400.000000 199.000000 433.000000 224.000000 1.471548 1.579843 3.768229 -12.439016 3.185050 46.428316 1.320375 0.823064
Car -1 -1 -10 338.000000 194.000000 412.000000 252.000000 1.544338 1.561174 3.775589 -8.359240 2.462950 25.077855 -1.788237 0.731281
Car -1 -1 -10 513.000000 196.000000 551.000000 228.000000 1.439758 1.499896 3.573796 -2.996963 2.589540 31.739879 -1.731722 0.208649
