Car -1 -1 -10 573.000000 175.000000 613.000000 211.000000 1.535364 1.625299 3.904997 -0.738783 1.100159 34.342769 -1.603727 0.999651
Car -1 -1 -10 333.000000 187.000000 459.000000 263.000000 1.532385 1.604245 3.708947 -4.666177 1.490821 15.556257 -1.385153 0.999250
Car -1 -1 -10 1.000000 199.000000 282.000000 376.000000 1.521395 1.592369 3.758050 -4.703102 1.679177 6.151083 -1.574789 0.992218
Car -1 -1 -10 404.000000 179.000000 482.000000 230.000000 1.569012 1.610885 3.740993 -5.395968 1.469392 23.351422 -1.654157 0.986800
Car -1 -1 -10 289.000000 180.000000 368.000000 229.000000 1.497405 1.633945 3.929286 -9.205219 1.323552 23.670285 -1.876406 0.962636
Car -1 -1 -10 41.000000 190.000000 255.000000 265.000000 1.589228 1.665833 4.125696 -9.853276 1.210672 15.983152 0.449006 0.725141
Car -1 -1 -10 0.000000 177.000000 105.000000 246.000000 1.441536 1.629531 3.810424 -17.235539 0.907342 22.856365 0.992128 0.478084
Car -1 -1 -10 395.000000 173.000000 441.000000 206.000000 1.528112 1.589391 3.898871 -8.923350 0.602299 33.621933 1.332821 0.122155
Car -1 -1 -10 534.000000 166.000000 562.000000 193.000000 1.568016 1.604764 3.134584 -5.444952 1.563711 54.738725 1.521173 0.042490
Car -1 -1 -10 0.000000 180.000000 150.000000 287.000000 1.517367 1.586491 3.729748 -12.334203 1.115514 15.528055 -2.214157 0.023838
