Car -1 -1 -10 747.000000 189.000000 973.000000 335.000000 1.452870 1.606769 3.913184 3.244528 1.709112 9.051854 1.420892 0.999048
Car -1 -1 -10 176.000000 172.000000 382.000000 265.000000 1.634827 1.624716 3.962113 -6.356286 1.587060 14.568142 -3.127395 0.995555
Car -1 -1 -10 0.000000 163.000000 274.000000 330.000000 1.557547 1.591834 3.885053 -5.716050 1.595293 8.116364 0.447928 0.991125
Car -1 -1 -10 412.000000 173.000000 506.000000 208.000000 1.491560 1.648088 3.581096 -7.154989 0.965990 37.506776 1.361559 0.967090
Car -1 -1 -10 793.000000 181.000000 987.000000 270.000000 1.511588 1.625058 3.759926 6.716189 1.685215 16.742466 -1.223343 0.905898
Car -1 -1 -10 714.000000 170.000000 841.000000 223.000000 1.599698 1.634762 3.843497 5.877777 1.627754 27.225224 -0.238939 0.870249
Car -1 -1 -10 292.000000 170.000000 464.000000 236.000000 1.448766 1.575535 4.009676 -6.434022 1.353628 21.395890 0.695777 0.581711
Car -1 -1 -10 766.000000 176.000000 917.000000 245.000000 1.488419 1.664071 3.877292 6.139751 1.494377 19.282294 1.365376 0.387076
Car -1 -1 -10 444.000000 172.000000 534.000000 203.000000 1.588822 1.658219 4.193320 -6.168165 1.463243 38.360452 -2.932809 0.300361
Car -1 -1 -10 366.000000 175.000000 480.000000 219.000000 1.486152 1.555846 3.780576 -7.303341 1.641031 32.148910 1.844639 0.214562
