Pedestrian -1 -1 -10 674.000000 163.000000 701.000000 235.000000 1.691858 0.596281 0.738960 2.074626 1.490082 17.697567 -1.407227 0.998036
Pedestrian -1 -1 -10 651.000000 165.000000 674.000000 236.000000 1.692629 0.601439 0.747604 1.552844 1.536371 17.525583 -1.442106 0.993049
Pedestrian -1 -1 -10 452.000000 164.000000 481.000000 241.000000 1.687915 0.607126 0.757414 -3.094741 1.530646 16.898259 -1.711877 0.986024
Pedestrian -1 -1 -10 538.000000 170.000000 549.000000 205.000000 1.669006 0.608528 0.730302 -2.559012 1.322562 33.382600 -1.614672 0.246690
Pedestrian -1 -1 -10 560.000000 168.000000 573.000000 202.000000 1.645962 0.616406 0.631746 -1.569457 1.281381 38.838682 -1.566353 0.087587
Pedestrian -1 -1 -10 955.000000 188.000000 1015.000000 342.000000 1.815013 0.609341 0.666755 1.664217 1.461815 4.246351 2.138754 0.078689
Pedestrian -1 -1 -10 556.000000 169.000000 569.000000 199.000000 1.623132 0.609070 0.576533 -1.818228 1.359507 39.145930 0.965429 0.034529
Pedestrian -1 -1 -10 847.000000 195.000000 1220.000000 369.000000 1.672474 0.619195 0.663565 2.287242 1.729668 3.015821 1.496789 0.029309
Pedestrian -1 -1 -10 724.000000 164.000000 735.000000 203.000000 1.681019 0.608381 0.579445 5.612601 1.152918 31.137305 2.238230 0.027876
Pedestrian -1 -1 -10 1155.000000 223.000000 1235.000000 376.000000 1.763522 0.604738 0.667623 1.520434 1.150953 2.132801 -0.899518 0.023547
Pedestrian -1 -1 -10 714.000000 162.000000 744.000000 204.000000 1.702388 0.617598 0.593109 5.730198 1.067413 30.316964 0.727041 0.014484
Car -1 -1 -10 566.000000 167.000000 603.000000 193.000000 1.528186 1.586800 3.703927 -1.617636 1.253487 48.250934 -1.670868 0.062264
Cyclist -1 -1 -10 609.000000 166.000000 633.000000 204.000000 1.725356 0.568936 0.762715 0.801428 1.304700 32.654503 -1.488916 0.971825
Cyclist -1 -1 -10 560.000000 168.000000 580.000000 203.000000 1.677120 0.612301 0.728089 -1.507840 1.210118 38.102761 -1.588968 0.457757
Cyclist -1 -1 -10 451.000000 166.000000 481.000000 241.000000 1.682185 0.596714 0.768627 -3.097039 1.489510 16.917214 -1.717929 0.343660
Cyclist -1 -1 -10 674.000000 165.000000 702.000000 234.000000 1.678883 0.582507 0.747510 2.080437 1.450614 17.716960 -1.413602 0.317987
Cyclist -1 -1 -10 685.000000 165.000000 736.000000 211.000000 1.457106 1.524389 3.707119 4.888371 0.771773 31.286239 -1.429568 0.059366
Cyclist -1 -1 -10 563.000000 167.000000 604.000000 193.000000 1.620892 0.603949 0.593601 -1.421284 1.078532 38.336095 -1.588386 0.056768
Cyclist -1 -1 -10 558.000000 168.000000 570.000000 201.000000 1.601613 0.625342 0.571443 -1.624176 1.339494 38.767835 -1.589837 0.037751
Cyclist -1 -1 -10 707.000000 164.000000 737.000000 202.000000 1.694207 0.662066 0.564963 5.596822 1.025583 31.047412 -1.381431 0.031349
Cyclist -1 -1 -10 682.000000 167.000000 709.000000 218.000000 1.695839 0.511325 1.671350 3.234927 1.245247 25.438305 1.723061 0.025060
Cyclist -1 -1 -10 459.000000 172.000000 498.000000 225.000000 1.674810 0.598117 0.590638 -3.386719 1.810438 21.871148 -1.742395 0.019990
Cyclist -1 -1 -10 712.000000 161.000000 767.000000 212.000000 1.633132 0.663364 0.526295 6.011899 1.248613 28.194120 1.231562 0.018900
Cyclist -1 -1 -10 722.000000 164.000000 733.000000 203.000000 1.692128 0.587864 0.601590 5.310647 1.094601 31.185305 2.247980 0.018379
Cyclist -1 -1 -10 691.000000 167.000000 717.000000 204.000000 1.698311 0.566320 1.741777 5.624790 1.164040 34.270668 -0.853665 0.015370
Cyclist -1 -1 -10 535.000000 170.000000 550.000000 203.000000 1.660609 0.595179 0.739727 -2.577929 1.273263 33.389923 -1.621604 0.012394
