Pedestrian -1 -1 -10 575.000000 157.000000 611.000000 231.000000 1.687617 0.613891 0.760326 -0.204720 1.321827 17.938999 -1.547415 0.996091
Pedestrian -1 -1 -10 169.000000 171.000000 207.000000 249.000000 1.710304 0.625743 0.694071 -10.031495 1.831755 17.101355 -2.072427 0.969402
Pedestrian -1 -1 -10 208.000000 174.000000 236.000000 246.000000 1.660273 0.612280 0.685653 -9.973519 1.942230 18.408771 1.547061 0.750599
Pedestrian -1 -1 -10 405.000000 160.000000 426.000000 224.000000 1.880099 0.638175 0.718982 -2.260252 1.782499 5.639063 1.381082 0.648971
Pedestrian -1 -1 -10 190.000000 174.000000 223.000000 247.000000 1.743296 0.580638 0.719208 -9.912946 1.791432 17.185046 -2.026123 0.262862
Pedestrian -1 -1 -10 330.000000 167.000000 346.000000 220.000000 1.648397 0.589976 0.692651 -17.945784 1.656917 47.421955 -1.900005 0.259288
Pedestrian -1 -1 -10 321.000000 166.000000 353.000000 228.000000 1.622117 0.706238 0.644447 -4.077779 1.214072 9.292616 1.228457 0.082819
Pedestrian -1 -1 -10 1066.000000 135.000000 1109.000000 205.000000 1.694832 0.595485 0.584393 14.018798 0.105543 20.000930 -0.938510 0.071061
Pedestrian -1 -1 -10 315.000000 166.000000 340.000000 223.000000 1.889169 0.646435 0.734208 -2.847155 1.776095 5.293830 1.267733 0.044287
Pedestrian -1 -1 -10 293.000000 164.000000 335.000000 229.000000 1.657292 0.611101 0.613058 -6.757478 1.439910 16.639160 -1.904037 0.038286
Pedestrian -1 -1 -10 872.000000 149.000000 903.000000 199.000000 1.648910 0.609705 0.719369 10.313520 0.619118 26.274324 -1.153352 0.034843
Pedestrian -1 -1 -10 1162.000000 127.000000 1224.000000 215.000000 1.729202 0.583607 0.600519 11.794523 0.176844 13.537096 -0.886336 0.019701
Pedestrian -1 -1 -10 330.000000 170.000000 371.000000 231.000000 1.580555 1.214983 3.325709 -8.229549 2.909009 19.189408 1.133573 0.012061
Pedestrian -1 -1 -10 823.000000 154.000000 869.000000 195.000000 1.724853 0.590119 0.786255 10.188467 0.808833 29.639807 0.877737 0.010542
Car -1 -1 -10 299.000000 179.000000 472.000000 293.000000 1.551577 1.602126 3.710832 -3.383690 1.527383 10.939234 -1.395462 0.998795
Car -1 -1 -10 1065.000000 153.000000 1185.000000 189.000000 1.494433 1.602415 3.853710 20.760757 0.236468 27.557399 2.712339 0.038259
Car -1 -1 -10 319.000000 178.000000 396.000000 227.000000 1.495560 1.639918 3.582678 -16.813833 2.181482 46.567851 1.235044 0.017402
Cyclist -1 -1 -10 284.000000 162.000000 342.000000 242.000000 1.766270 0.551788 1.767814 -6.679269 1.522445 16.477100 -1.913246 0.989920
Cyclist -1 -1 -10 1155.000000 129.000000 1225.000000 217.000000 1.610839 1.038376 3.020685 9.588122 1.102895 12.927377 2.113940 0.979859
Cyclist -1 -1 -10 873.000000 149.000000 903.000000 199.000000 1.698997 0.531148 1.719408 10.415630 0.635675 26.240840 -1.158222 0.974532
Cyclist -1 -1 -10 822.000000 155.000000 870.000000 195.000000 1.725575 0.540196 1.679342 10.248019 0.761517 29.595571 -1.184834 0.963512
Cyclist -1 -1 -10 1066.000000 136.000000 1109.000000 204.000000 1.750532 0.600500 0.609314 13.891642 -0.053259 19.861452 -0.960926 0.172516
Cyclist -1 -1 -10 322.000000 168.000000 345.000000 227.000000 1.564023 1.224294 3.257398 -8.406128 2.802232 18.967182 1.113321 0.152458
Cyclist -1 -1 -10 330.000000 170.000000 371.000000 231.000000 1.864982 0.619709 0.729518 -2.659565 1.676279 5.209255 1.289526 0.109208
Cyclist -1 -1 -10 402.000000 158.000000 429.000000 227.000000 1.546282 1.580993 3.652735 -2.747172 1.158533 8.186010 1.313046 0.098069
Cyclist -1 -1 -10 1052.000000 151.000000 1138.000000 198.000000 1.672344 0.578719 0.649171 17.624824 0.739958 25.679905 2.696901 0.084280
Cyclist -1 -1 -10 299.000000 167.000000 335.000000 222.000000 1.574878 1.086658 3.078915 -8.665890 2.820131 18.699135 1.052237 0.053119
Cyclist -1 -1 -10 310.000000 178.000000 396.000000 226.000000 1.472913 1.632990 3.485537 -2.722123 1.513415 5.493432 1.305082 0.028281
Cyclist -1 -1 -10 168.000000 171.000000 210.000000 249.000000 1.668744 0.636277 0.673368 -10.129148 1.697174 17.284990 -2.089433 0.023205
Cyclist -1 -1 -10 297.000000 178.000000 472.000000 296.000000 1.498169 1.551059 3.730540 -3.129494 1.510006 10.482823 -1.483124 0.021778
Cyclist -1 -1 -10 382.000000 172.000000 441.000000 225.000000 1.465145 1.617239 3.461038 -2.343054 1.523803 5.700524 1.376306 0.019330
