Pedestrian -1 -1 -10 434.000000 167.000000 469.000000 253.000000 1.703246 0.606155 0.777626 -3.046321 1.628063 14.465059 -1.729693 0.983357
Pedestrian -1 -1 -10 696.000000 161.000000 730.000000 246.000000 1.696120 0.599656 0.755469 2.339687 1.563227 14.881985 -1.365352 0.981946
Pedestrian -1 -1 -10 667.000000 160.000000 696.000000 248.000000 1.665608 0.607734 0.722432 1.689107 1.558588 14.768548 -1.420588 0.971601
Pedestrian -1 -1 -10 1056.000000 222.000000 1165.000000 372.000000 1.636419 0.602433 0.624335 1.264630 1.109928 1.833749 -0.974013 0.195484
Pedestrian -1 -1 -10 755.000000 151.000000 772.000000 201.000000 1.623357 0.616971 0.647349 5.985609 0.605287 25.431753 -1.311374 0.051991
Pedestrian -1 -1 -10 745.000000 161.000000 756.000000 201.000000 1.758741 0.585236 0.652414 6.251259 0.534848 31.314038 -1.358924 0.037230
Pedestrian -1 -1 -10 728.000000 161.000000 745.000000 203.000000 1.722580 0.588552 0.620582 5.458175 1.056149 28.920858 2.251531 0.022206
Pedestrian -1 -1 -10 684.000000 163.000000 717.000000 241.000000 1.680016 0.593878 0.747787 2.278031 1.492855 14.975994 -1.379046 0.021927
Pedestrian -1 -1 -10 528.000000 169.000000 546.000000 209.000000 1.677157 0.601517 0.727339 -2.626050 1.345230 30.542602 -1.617246 0.014583
Pedestrian -1 -1 -10 741.000000 164.000000 752.000000 201.000000 1.572243 0.593568 0.570808 6.070198 0.952055 28.692498 -1.322135 0.012536
Cyclist -1 -1 -10 588.000000 163.000000 619.000000 215.000000 1.695198 0.573308 0.758107 -0.020907 1.335837 25.916664 -1.521992 0.998663
Cyclist -1 -1 -10 561.000000 166.000000 586.000000 208.000000 1.646911 0.623245 0.708245 -1.214808 1.255892 33.081645 -1.583412 0.982999
Cyclist -1 -1 -10 526.000000 169.000000 547.000000 208.000000 1.629230 0.626417 0.682520 -2.626034 1.335844 30.836551 -1.636831 0.860609
Cyclist -1 -1 -10 696.000000 163.000000 729.000000 245.000000 1.679397 0.585668 0.753215 2.348282 1.488950 14.907783 -1.373786 0.503858
Cyclist -1 -1 -10 430.000000 169.000000 472.000000 246.000000 1.685560 0.588373 0.771042 -3.070651 1.549405 14.483336 -1.741045 0.438577
Cyclist -1 -1 -10 569.000000 166.000000 609.000000 200.000000 1.459788 1.612534 3.857574 -0.855998 0.802589 33.502567 -1.639994 0.061249
Cyclist -1 -1 -10 515.000000 172.000000 539.000000 206.000000 1.676483 0.660616 0.594522 -3.032578 1.335444 31.937078 -1.641187 0.038104
Cyclist -1 -1 -10 712.000000 165.000000 747.000000 218.000000 1.618893 0.595339 0.680400 5.112212 1.038936 27.051700 -1.372468 0.033189
Cyclist -1 -1 -10 667.000000 160.000000 696.000000 247.000000 1.628878 0.596274 0.707538 1.707947 1.480039 14.782096 -1.428919 0.015051
Cyclist -1 -1 -10 472.000000 172.000000 496.000000 202.000000 1.614957 0.581493 0.613603 -5.316024 1.382678 33.619041 -1.724662 0.014954
Cyclist -1 -1 -10 447.000000 174.000000 491.000000 232.000000 1.682005 0.526919 1.707515 -3.583497 1.890675 19.395309 -1.724913 0.013001
Cyclist -1 -1 -10 996.000000 210.000000 1225.000000 370.000000 1.825491 0.590867 0.688439 1.521349 1.148642 2.692741 2.242477 0.012775
