Pedestrian -1 -1 -10 826.000000 175.000000 846.000000 231.000000 1.582985 0.599898 0.560551 10.730497 1.760149 32.480567 1.325231 0.030834
Car -1 -1 -10 787.000000 187.000000 1075.000000 340.000000 1.466309 1.620413 3.982579 3.736583 1.658851 7.770899 1.475631 0.999367
Car -1 -1 -10 472.000000 182.000000 526.000000 220.000000 1.541178 1.597075 3.671793 -4.554971 1.902042 29.821773 1.807976 0.999283
Car -1 -1 -10 269.000000 191.000000 430.000000 281.000000 1.493815 1.549829 3.685529 -4.788220 1.921499 13.523194 1.683311 0.999078
Car -1 -1 -10 -3.000000 192.000000 335.000000 369.000000 1.503884 1.620034 3.663015 -4.945020 1.947335 8.122979 1.492396 0.998679
Car -1 -1 -10 737.000000 184.000000 871.000000 272.000000 1.458809 1.556833 3.949149 3.947918 1.688660 13.263787 -1.471460 0.996189
Car -1 -1 -10 500.000000 180.000000 544.000000 212.000000 1.449611 1.535646 3.774052 -4.268937 1.866270 33.706874 1.826186 0.980234
Car -1 -1 -10 714.000000 181.000000 798.000000 246.000000 1.478403 1.543960 3.826431 4.260387 1.812691 18.974160 -1.492822 0.969776
Car -1 -1 -10 691.000000 180.000000 755.000000 227.000000 1.466064 1.463322 3.693137 4.231918 1.997768 24.928757 -1.489543 0.961012
Car -1 -1 -10 988.000000 204.000000 1244.000000 377.000000 1.454313 1.535173 3.835409 3.911303 1.790624 4.523016 1.645340 0.957883
Car -1 -1 -10 970.000000 176.000000 1073.000000 216.000000 1.473234 1.562240 3.790606 13.343846 1.295039 23.694219 1.543989 0.271303
Car -1 -1 -10 1051.000000 175.000000 1184.000000 231.000000 1.458344 1.605091 3.886562 13.564701 1.344942 19.385555 1.632391 0.081881
Car -1 -1 -10 1176.000000 173.000000 1241.000000 233.000000 1.471926 1.591594 3.918281 14.912374 1.349356 17.426017 -0.856256 0.045694
Cyclist -1 -1 -10 938.000000 178.000000 995.000000 224.000000 1.430750 1.591638 3.637697 11.257185 1.484201 21.550538 1.448376 0.305441
Cyclist -1 -1 -10 958.000000 178.000000 982.000000 227.000000 1.620831 0.588903 0.553165 11.166085 1.565352 21.588191 -1.087645 0.223809
Cyclist -1 -1 -10 905.000000 186.000000 1021.000000 231.000000 1.495093 1.558575 3.786467 11.536350 1.732184 22.555296 1.498211 0.178870
Cyclist -1 -1 -10 989.000000 203.000000 1243.000000 364.000000 1.410547 1.659444 3.787523 3.203292 1.863270 3.587287 1.644605 0.010033
