Pedestrian -1 -1 -10 0.000000 212.000000 107.000000 384.000000 1.811754 0.610308 0.666700 -3.855733 1.680308 3.949971 0.994457 0.071867
Car -1 -1 -10 655.000000 183.000000 721.000000 229.000000 1.449805 1.575127 3.855864 2.888368 1.967258 24.784951 -1.594135 0.999047
Car -1 -1 -10 872.000000 178.000000 1129.000000 272.000000 1.534770 1.665580 4.019157 6.972660 1.617228 12.750287 -2.178582 0.996001
Car -1 -1 -10 283.000000 192.000000 456.000000 249.000000 1.505920 1.586689 3.910272 -6.366906 1.980011 21.246583 -3.016365 0.985746
Car -1 -1 -10 157.000000 199.000000 365.000000 280.000000 1.505667 1.609270 3.707516 -6.141067 1.975222 13.742912 -1.526566 0.965704
Car -1 -1 -10 369.000000 187.000000 483.000000 231.000000 1.488398 1.604449 3.837084 -6.346713 2.022103 27.472318 1.387860 0.931656
Car -1 -1 -10 633.000000 182.000000 677.000000 215.000000 1.404116 1.552524 3.730665 2.451570 1.881301 34.155431 -1.557918 0.910908
Car -1 -1 -10 232.000000 194.000000 400.000000 265.000000 1.495593 1.542094 3.738352 -6.191934 1.939361 14.888001 1.714660 0.586471
Car -1 -1 -10 426.000000 187.000000 524.000000 217.000000 1.479238 1.601278 3.905636 -5.863479 2.432623 38.095929 1.410908 0.450341
Car -1 -1 -10 69.000000 180.000000 343.000000 302.000000 1.503985 1.580464 3.641603 -4.944500 1.662046 9.947969 -2.018526 0.273337
Car -1 -1 -10 0.000000 210.000000 112.000000 375.000000 1.474243 1.615104 3.341604 -4.948348 1.586248 4.978630 0.990971 0.213674
