Car -1 -1 -10 533.000000 184.000000 577.000000 214.000000 1.551682 1.629505 3.748343 -3.066948 2.207531 39.435407 1.644492 0.999134
Car -1 -1 -10 265.000000 194.000000 431.000000 297.000000 1.473249 1.553269 3.668606 -4.567052 2.012574 12.160495 1.664378 0.998841
Car -1 -1 -10 10.000000 202.000000 337.000000 376.000000 1.482688 1.612602 3.695630 -4.957112 1.933873 7.539118 1.580833 0.995735
Car -1 -1 -10 719.000000 187.000000 781.000000 236.000000 1.445366 1.503859 3.579736 4.773080 2.048992 23.060424 -1.425139 0.967262
Car -1 -1 -10 708.000000 183.000000 761.000000 224.000000 1.444820 1.549639 3.801815 5.352535 1.978731 28.604235 -1.501080 0.930062
Car -1 -1 -10 738.000000 175.000000 853.000000 261.000000 1.503779 1.597533 4.025837 4.412555 1.734443 16.802460 -1.487536 0.870531
Car -1 -1 -10 556.000000 183.000000 590.000000 209.000000 1.487660 1.602040 3.740350 -2.714988 2.175817 40.081671 -1.520586 0.343073
Car -1 -1 -10 699.000000 183.000000 740.000000 217.000000 1.461764 1.551722 3.492689 5.284712 2.061731 33.645861 -1.407698 0.341940
Car -1 -1 -10 1.000000 180.000000 135.000000 375.000000 1.489246 1.616362 3.654365 -4.862752 1.954158 5.140250 1.534685 0.269163
Car -1 -1 -10 691.000000 182.000000 726.000000 209.000000 1.421548 1.525568 3.693997 5.084531 2.542966 37.000042 1.172252 0.153311
