Car -1 -1 -10 571.000000 179.000000 606.000000 210.000000 1.541641 1.622853 3.902145 -1.095051 1.365531 39.965089 -1.596010 0.999631
Car -1 -1 -10 272.000000 185.000000 365.000000 237.000000 1.548331 1.592472 3.738632 -8.957256 1.587411 21.961389 -1.465305 0.998882
Car -1 -1 -10 371.000000 189.000000 472.000000 244.000000 1.559317 1.600942 3.743090 -5.010284 1.530803 19.625891 1.707709 0.998769
Car -1 -1 -10 4.000000 207.000000 317.000000 371.000000 1.489891 1.583234 3.828087 -3.383883 1.595803 4.138028 1.624957 0.985266
Car -1 -1 -10 124.000000 184.000000 302.000000 271.000000 1.613818 1.635531 3.799735 -8.004025 1.676721 14.677116 -1.536781 0.979583
Car -1 -1 -10 388.000000 183.000000 439.000000 210.000000 1.512161 1.602613 3.910090 -8.652423 0.926904 31.731659 1.352569 0.134026
Car -1 -1 -10 359.000000 179.000000 404.000000 207.000000 1.526387 1.639322 3.911560 -13.535465 1.421673 42.379236 -1.868096 0.068803
Car -1 -1 -10 424.000000 183.000000 471.000000 212.000000 1.505170 1.544569 3.652563 -8.717071 1.319375 38.670523 -1.729529 0.061633
Car -1 -1 -10 280.000000 182.000000 348.000000 216.000000 1.396210 1.671330 3.932566 -16.081403 1.334495 37.877586 1.142695 0.051116
Car -1 -1 -10 382.000000 183.000000 457.000000 224.000000 1.527251 1.580415 3.849371 -8.730232 1.028613 32.495865 1.754133 0.023460
Car -1 -1 -10 8.000000 201.000000 250.000000 294.000000 1.484314 1.668050 3.577082 -8.513987 1.537571 13.901228 0.970731 0.017895
Car -1 -1 -10 1.000000 61.000000 232.000000 366.000000 1.566616 1.573697 3.730463 -3.506336 1.237921 4.285706 -2.129931 0.013199
Car -1 -1 -10 507.000000 182.000000 544.000000 208.000000 1.428791 1.486097 3.346520 -4.470126 1.579429 38.312519 -1.682334 0.010511
Cyclist -1 -1 -10 -4.000000 0.000000 190.000000 242.000000 1.419723 1.640311 3.816918 -12.259607 1.647748 17.657562 -2.202643 0.093695
Cyclist -1 -1 -10 1.000000 204.000000 308.000000 370.000000 1.755684 0.639495 0.729487 -3.149640 1.876854 3.665534 1.582913 0.017655
