Car -1 -1 -10 459.000000 179.000000 516.000000 221.000000 1.534205 1.606045 3.723487 -4.626465 1.795704 27.823550 1.554334 0.999539
Car -1 -1 -10 828.000000 190.000000 1240.000000 375.000000 1.450185 1.622138 3.953928 3.722731 1.546696 6.116599 1.566988 0.999085
Car -1 -1 -10 193.000000 192.000000 400.000000 301.000000 1.520986 1.550769 3.706830 -4.914144 1.925094 11.256008 1.622470 0.998950
Car -1 -1 -10 750.000000 182.000000 931.000000 293.000000 1.468169 1.598637 4.078367 3.801749 1.615893 10.990631 1.454590 0.995668
Car -1 -1 -10 490.000000 178.000000 537.000000 213.000000 1.487269 1.558795 3.740352 -4.372484 1.763754 32.015446 1.603433 0.993247
Car -1 -1 -10 -3.000000 194.000000 269.000000 378.000000 1.505389 1.584832 3.675894 -4.778103 1.873740 6.509531 1.551832 0.992583
Car -1 -1 -10 695.000000 178.000000 766.000000 230.000000 1.447079 1.534559 3.811115 4.233079 1.790627 22.122537 -1.522865 0.991373
Car -1 -1 -10 721.000000 179.000000 824.000000 252.000000 1.474416 1.552403 3.868874 4.151874 1.713733 16.921666 -1.493251 0.984371
Car -1 -1 -10 1020.000000 174.000000 1218.000000 237.000000 1.451354 1.541358 3.725205 13.399016 1.308789 19.472868 -0.975479 0.279242
Car -1 -1 -10 981.000000 174.000000 1092.000000 215.000000 1.505367 1.614535 3.720609 12.358479 1.244298 21.972925 2.666024 0.136753
