Pedestrian -1 -1 -10 757.000000 158.000000 801.000000 272.000000 1.670437 0.599288 0.720956 2.604601 1.525117 10.364296 -1.290586 0.990625
Pedestrian -1 -1 -10 512.000000 157.000000 521.000000 185.000000 1.626354 0.627510 0.643128 -5.718424 0.474105 49.971436 -1.641385 0.070328
Pedestrian -1 -1 -10 499.000000 156.000000 508.000000 187.000000 1.726658 0.640363 0.798337 -6.354138 0.641845 47.187985 0.386238 0.067817
Pedestrian -1 -1 -10 471.000000 157.000000 482.000000 192.000000 1.678106 0.613769 0.755706 -6.793137 0.896243 39.713795 1.857990 0.048773
Pedestrian -1 -1 -10 1098.000000 160.000000 1120.000000 220.000000 1.705302 0.582612 0.693111 15.383372 0.989211 21.010912 -0.919390 0.032032
Pedestrian -1 -1 -10 821.000000 149.000000 838.000000 225.000000 1.661881 0.589065 0.697798 6.017082 1.405863 19.078535 -1.227412 0.025628
Pedestrian -1 -1 -10 748.000000 166.000000 780.000000 272.000000 1.633039 0.603928 0.688424 2.592614 1.539748 10.318496 -1.317411 0.018245
Pedestrian -1 -1 -10 859.000000 142.000000 886.000000 245.000000 1.720459 0.601516 0.610574 4.938702 1.325926 13.499337 0.911641 0.016702
Pedestrian -1 -1 -10 782.000000 153.000000 795.000000 202.000000 1.871427 0.674714 0.888100 0.838422 1.602783 5.393738 1.867377 0.013212
Pedestrian -1 -1 -10 603.000000 155.000000 631.000000 220.000000 1.621566 0.587024 0.562455 0.699263 1.082508 19.054117 -1.543485 0.010946
Car -1 -1 -10 1109.000000 151.000000 1241.000000 233.000000 1.525481 1.626924 3.947174 11.964956 0.366775 14.778271 1.753939 0.223909
Car -1 -1 -10 1196.000000 193.000000 1237.000000 360.000000 1.473846 1.658181 3.586620 5.189493 1.707424 5.642716 -0.858474 0.017893
Car -1 -1 -10 1170.000000 168.000000 1238.000000 249.000000 1.499583 1.585078 3.636313 11.274464 0.816060 13.346992 -0.861595 0.013217
Cyclist -1 -1 -10 365.000000 161.000000 420.000000 264.000000 1.712427 0.565486 0.749466 -3.724563 1.581264 12.783116 -1.797759 0.999598
Cyclist -1 -1 -10 444.000000 161.000000 482.000000 245.000000 1.702749 0.575762 0.757910 -2.992896 1.504969 15.592563 -1.708834 0.999381
Cyclist -1 -1 -10 389.000000 165.000000 415.000000 235.000000 1.762559 0.684681 0.877723 -2.848972 1.754893 7.504834 1.312212 0.012202
