Pedestrian -1 -1 -10 607.000000 182.000000 615.000000 215.000000 1.537252 1.338008 3.514971 -1.253907 3.304946 21.620758 1.511167 0.024608
Car -1 -1 -10 687.000000 193.000000 880.000000 319.000000 1.457213 1.619749 3.884883 2.703539 1.752838 10.683499 -1.347834 0.999453
Car -1 -1 -10 575.000000 192.000000 641.000000 237.000000 1.455231 1.565672 3.788578 0.164924 2.128768 25.881931 -1.666847 0.998694
Car -1 -1 -10 633.000000 187.000000 704.000000 216.000000 1.569584 1.687372 3.968203 2.891706 2.290821 37.326737 2.236966 0.955763
Car -1 -1 -10 522.000000 186.000000 588.000000 215.000000 1.535663 1.702426 4.005444 -3.283269 2.337695 41.024229 -0.666519 0.927279
Car -1 -1 -10 681.000000 185.000000 772.000000 213.000000 1.563268 1.666527 3.925750 6.261272 2.188003 40.543939 -0.786034 0.424980
Car -1 -1 -10 736.000000 184.000000 827.000000 216.000000 1.519036 1.622779 3.875548 9.434356 2.122682 43.536315 2.357778 0.188417
Car -1 -1 -10 611.000000 187.000000 676.000000 214.000000 1.509409 1.633656 3.873326 2.326250 2.120616 37.161820 -1.509729 0.073037
Car -1 -1 -10 743.000000 188.000000 836.000000 240.000000 1.510404 1.616557 3.794231 10.141906 2.640811 43.271304 1.875885 0.013110
Cyclist -1 -1 -10 290.000000 186.000000 383.000000 339.000000 1.661446 0.568022 0.723632 -3.214073 2.033996 8.642398 -1.878915 0.999635
Cyclist -1 -1 -10 746.000000 183.000000 840.000000 231.000000 1.871812 0.613633 0.740151 0.684680 1.681926 5.729380 1.874690 0.116572
