Car -1 -1 -10 578.000000 179.000000 612.000000 209.000000 1.543293 1.621586 3.907258 -0.756005 1.401436 39.914419 -1.598396 0.999534
Car -1 -1 -10 450.000000 184.000000 509.000000 227.000000 1.533512 1.622762 3.761637 -4.685244 1.517654 25.789210 -1.614028 0.997769
Car -1 -1 -10 308.000000 192.000000 461.000000 271.000000 1.513265 1.535749 3.705024 -4.327388 1.642280 13.947073 1.736475 0.997306
Car -1 -1 -10 108.000000 177.000000 292.000000 268.000000 1.556389 1.601467 3.765758 -8.777506 1.634142 15.947624 -1.500080 0.927562
Car -1 -1 -10 306.000000 189.000000 379.000000 228.000000 1.505406 1.570761 3.806749 -8.848694 1.362468 24.001215 1.186738 0.714957
Car -1 -1 -10 85.000000 188.000000 202.000000 245.000000 1.458479 1.573262 3.668244 -13.364637 1.600674 20.868889 -2.079427 0.608867
Car -1 -1 -10 484.000000 183.000000 524.000000 214.000000 1.501790 1.642747 3.785991 -5.277922 1.363364 35.587871 -1.657281 0.485486
Car -1 -1 -10 397.000000 181.000000 447.000000 213.000000 1.517125 1.606113 3.746681 -8.843457 1.229482 34.168284 -1.697024 0.279317
Car -1 -1 -10 507.000000 182.000000 543.000000 207.000000 1.560000 1.587830 3.710571 -4.831734 1.475490 44.622872 -1.659615 0.268452
Car -1 -1 -10 0.000000 200.000000 141.000000 300.000000 1.420193 1.617794 3.519806 -2.467900 0.915038 2.662672 0.994314 0.061968
