Pedestrian -1 -1 -10 331.000000 160.000000 374.000000 272.000000 1.756873 0.607244 0.794417 -4.124980 1.691544 12.115918 -1.867910 0.989236
Pedestrian -1 -1 -10 354.000000 161.000000 395.000000 264.000000 1.733194 0.591982 0.786013 -3.966930 1.678547 12.282937 0.232252 0.982870
Pedestrian -1 -1 -10 476.000000 168.000000 483.000000 194.000000 1.687836 0.634903 0.761731 -8.988497 1.330776 51.923287 -1.700405 0.227955
Pedestrian -1 -1 -10 352.000000 164.000000 377.000000 248.000000 1.676855 0.599820 0.727228 -3.966308 1.522837 12.251536 -1.856394 0.022710
Pedestrian -1 -1 -10 336.000000 164.000000 360.000000 204.000000 1.709619 0.601513 0.684123 -12.666112 1.108116 33.695270 -1.863462 0.015410
Pedestrian -1 -1 -10 349.000000 167.000000 382.000000 205.000000 1.852133 0.603740 0.594229 -11.767056 1.513790 33.868805 -1.919444 0.015161
Pedestrian -1 -1 -10 332.000000 164.000000 352.000000 226.000000 1.825169 0.674328 0.869297 -3.265055 1.802622 6.845491 1.230305 0.011828
Car -1 -1 -10 529.000000 160.000000 574.000000 210.000000 1.546241 1.639730 3.835393 -2.167599 0.972141 30.313008 -1.668276 0.882304
Cyclist -1 -1 -10 329.000000 161.000000 374.000000 271.000000 1.736839 0.604826 0.807266 -4.139150 1.623019 12.143393 -1.884133 0.014642
Cyclist -1 -1 -10 354.000000 162.000000 396.000000 264.000000 1.720416 0.585139 0.795068 -3.986469 1.608576 12.286921 -1.839294 0.013277
