Car -1 -1 -10 254.000000 181.000000 431.000000 297.000000 1.520097 1.564833 3.698994 -4.353779 1.886585 11.850933 1.635998 0.998500
Car -1 -1 -10 438.000000 183.000000 516.000000 238.000000 1.460527 1.537090 3.720395 -3.891382 1.944076 21.490976 1.584966 0.998432
Car -1 -1 -10 1.000000 184.000000 321.000000 375.000000 1.522013 1.626444 3.684790 -4.599849 1.844000 7.021168 1.540712 0.997560
Car -1 -1 -10 381.000000 188.000000 477.000000 259.000000 1.491284 1.532452 3.710948 -4.247390 2.013234 16.900503 1.733812 0.995797
Car -1 -1 -10 710.000000 171.000000 779.000000 225.000000 1.507758 1.555956 3.821570 4.884962 1.531860 25.844994 -1.506026 0.995686
Car -1 -1 -10 85.000000 173.000000 227.000000 232.000000 1.584162 1.657348 3.883024 -17.378739 1.709616 26.969595 -2.127825 0.931187
Car -1 -1 -10 701.000000 175.000000 739.000000 208.000000 1.437807 1.576951 3.625883 5.623815 1.871640 36.376224 -1.411819 0.428148
Car -1 -1 -10 696.000000 174.000000 724.000000 200.000000 1.478493 1.470189 3.397353 5.889416 1.651820 38.260874 -1.420904 0.218041
Cyclist -1 -1 -10 83.000000 171.000000 225.000000 236.000000 1.662965 0.615970 0.627871 -17.366366 2.188624 25.261961 1.013361 0.092851
Cyclist -1 -1 -10 88.000000 179.000000 126.000000 251.000000 1.827737 0.593456 0.680615 -3.475860 1.589798 3.847891 1.030559 0.019012
