Pedestrian -1 -1 -10 543.000000 167.000000 553.000000 201.000000 1.534498 1.385730 3.550270 -2.973386 2.853684 20.672457 1.460166 0.575952
Pedestrian -1 -1 -10 694.000000 163.000000 706.000000 201.000000 1.628323 0.609513 0.694793 4.372342 1.397357 35.294894 -1.411436 0.359285
Pedestrian -1 -1 -10 532.000000 169.000000 547.000000 214.000000 1.653749 0.605559 0.708403 -2.716626 1.848657 28.274483 -1.630471 0.261436
Pedestrian -1 -1 -10 539.000000 170.000000 550.000000 204.000000 1.504813 1.547438 3.746855 -2.406803 1.945744 15.552944 1.508582 0.024653
Pedestrian -1 -1 -10 500.000000 168.000000 508.000000 204.000000 1.628079 0.593785 0.567246 -4.747996 1.692761 31.745431 -1.709489 0.011359
Car -1 -1 -10 708.000000 169.000000 871.000000 293.000000 1.493755 1.580359 3.877974 2.818204 1.504322 11.109771 -1.447789 0.999726
Car -1 -1 -10 281.000000 181.000000 427.000000 273.000000 1.566422 1.603885 3.755806 -5.152431 1.869432 14.575608 1.673957 0.999231
Car -1 -1 -10 454.000000 180.000000 509.000000 218.000000 1.535187 1.619342 3.849358 -5.495466 1.828288 30.605591 1.550475 0.997111
Car -1 -1 -10 447.000000 180.000000 492.000000 207.000000 1.529415 1.582173 3.642473 -8.402443 1.899351 37.250005 -1.726742 0.019316
Car -1 -1 -10 476.000000 171.000000 511.000000 207.000000 1.470466 1.612272 3.756679 -5.558717 1.625872 32.209666 -1.676664 0.011566
Cyclist -1 -1 -10 531.000000 167.000000 548.000000 218.000000 1.659734 0.595273 0.720952 -2.714517 1.806838 28.283763 -1.637659 0.998277
Cyclist -1 -1 -10 511.000000 171.000000 532.000000 220.000000 1.710123 0.579371 0.749183 -3.376713 1.948340 27.734015 -1.637190 0.998022
Cyclist -1 -1 -10 540.000000 167.000000 554.000000 201.000000 1.509791 1.454725 3.657943 -3.234323 3.459637 21.572329 1.444279 0.134179
Cyclist -1 -1 -10 515.000000 174.000000 544.000000 205.000000 1.685462 0.525775 1.720261 -3.176274 1.601425 28.275912 -1.664382 0.052382
Cyclist -1 -1 -10 512.000000 173.000000 526.000000 206.000000 1.603109 0.587070 0.681682 -3.388478 1.667976 27.850074 -1.666852 0.019554
