Pedestrian -1 -1 -10 1021.000000 135.000000 1149.000000 368.000000 1.695940 0.608464 0.759232 3.233557 1.604526 4.380108 -0.929041 0.997366
Pedestrian -1 -1 -10 832.000000 146.000000 892.000000 292.000000 1.719774 0.603732 0.758131 3.084681 1.510191 8.428974 -1.179652 0.995897
Pedestrian -1 -1 -10 515.000000 149.000000 538.000000 215.000000 1.592456 1.306489 3.416271 -2.747709 1.468977 16.928010 1.419772 0.993782
Pedestrian -1 -1 -10 490.000000 149.000000 512.000000 216.000000 1.755982 0.658685 0.820751 -2.718911 2.275322 11.415140 -1.745015 0.986958
Pedestrian -1 -1 -10 650.000000 141.000000 671.000000 204.000000 1.647035 0.607221 0.583294 1.694505 0.521893 23.176616 1.116342 0.862418
Pedestrian -1 -1 -10 489.000000 140.000000 505.000000 192.000000 1.718521 0.607571 0.779751 -4.669990 0.429259 31.972246 -1.672688 0.629430
Pedestrian -1 -1 -10 436.000000 143.000000 468.000000 213.000000 1.736524 0.573681 0.702288 -4.441546 0.830735 19.539548 -1.743469 0.520194
Pedestrian -1 -1 -10 644.000000 145.000000 661.000000 196.000000 1.580846 0.590503 0.548195 1.719811 0.290879 25.536815 -1.488861 0.363996
Pedestrian -1 -1 -10 621.000000 146.000000 637.000000 188.000000 1.711467 0.590743 0.630187 0.866076 0.491256 26.205378 2.086273 0.267587
Pedestrian -1 -1 -10 246.000000 136.000000 283.000000 219.000000 1.665005 0.594762 0.593452 -7.713845 0.415181 17.187145 -2.017521 0.212079
Pedestrian -1 -1 -10 272.000000 135.000000 324.000000 248.000000 1.633232 0.615879 0.669118 -5.169592 1.173456 11.714933 -1.942607 0.186340
Pedestrian -1 -1 -10 428.000000 140.000000 452.000000 212.000000 1.589205 0.578339 0.636912 -5.363132 0.685051 24.620215 -1.785655 0.081490
Pedestrian -1 -1 -10 416.000000 142.000000 441.000000 206.000000 1.743093 0.562033 0.743029 -6.456104 0.637036 24.667644 -1.751378 0.050016
Pedestrian -1 -1 -10 495.000000 143.000000 512.000000 189.000000 1.733691 0.620240 0.592125 -4.859307 0.413502 32.982462 -1.679173 0.044191
Pedestrian -1 -1 -10 551.000000 144.000000 565.000000 184.000000 1.648847 0.634009 0.705123 -1.840254 0.537257 29.251295 -1.605924 0.034723
Pedestrian -1 -1 -10 410.000000 143.000000 461.000000 218.000000 1.660785 0.627198 0.606822 -4.034072 0.653511 17.970761 0.771901 0.028668
Cyclist -1 -1 -10 268.000000 139.000000 330.000000 245.000000 1.706039 0.524043 1.643731 -5.212582 1.046326 11.841826 -1.939017 0.890014
Cyclist -1 -1 -10 428.000000 143.000000 469.000000 220.000000 1.607280 0.618182 0.631837 -3.628230 0.775897 17.713195 -1.752509 0.762459
Cyclist -1 -1 -10 377.000000 143.000000 471.000000 222.000000 1.707898 0.610914 1.701138 -4.042602 0.748175 18.207017 -1.828388 0.528729
Cyclist -1 -1 -10 489.000000 144.000000 511.000000 196.000000 1.667441 0.596632 0.691682 -4.876588 0.265741 31.966497 -1.695335 0.527571
Cyclist -1 -1 -10 409.000000 141.000000 455.000000 216.000000 1.614237 0.588828 0.593061 -4.453477 0.421543 18.376663 -1.795905 0.463695
Cyclist -1 -1 -10 290.000000 148.000000 346.000000 224.000000 1.648571 0.595856 0.659945 -7.695164 0.838283 17.792365 -1.934803 0.334751
Cyclist -1 -1 -10 305.000000 150.000000 367.000000 207.000000 1.685745 0.560590 1.784904 -11.160430 0.788417 30.302779 0.674855 0.331737
Cyclist -1 -1 -10 329.000000 146.000000 365.000000 197.000000 1.699876 0.592664 1.650606 -11.438335 0.473560 31.233148 -1.893102 0.211979
Cyclist -1 -1 -10 343.000000 146.000000 382.000000 199.000000 1.683924 0.622538 0.722150 -11.115622 0.623879 30.487390 -1.878069 0.192665
Cyclist -1 -1 -10 389.000000 146.000000 437.000000 204.000000 1.676718 0.576716 0.620187 -6.338556 0.200677 24.347732 -1.844355 0.186486
Cyclist -1 -1 -10 651.000000 141.000000 671.000000 204.000000 1.683322 0.578678 0.685204 1.444544 0.504805 25.038025 -1.449756 0.163003
Cyclist -1 -1 -10 423.000000 142.000000 448.000000 204.000000 1.631235 0.578319 0.619634 -5.400947 0.478182 24.823094 -1.772280 0.151737
Cyclist -1 -1 -10 242.000000 137.000000 307.000000 232.000000 1.669450 0.586226 0.635352 -7.863669 1.148885 17.214975 -2.012818 0.129107
Cyclist -1 -1 -10 358.000000 148.000000 423.000000 206.000000 1.676518 0.643021 0.582765 -6.423330 0.498229 21.371137 -1.860579 0.115554
Cyclist -1 -1 -10 515.000000 149.000000 538.000000 212.000000 1.646453 0.715144 0.714251 -1.877296 1.536190 9.882505 1.460987 0.100130
Cyclist -1 -1 -10 246.000000 137.000000 281.000000 210.000000 1.656834 0.584779 0.632018 -12.568265 0.941590 25.431564 -2.021961 0.076914
