Pedestrian -1 -1 -10 539.000000 171.000000 550.000000 204.000000 1.618273 0.601492 0.680123 -3.464170 1.894440 39.214596 -1.627206 0.389467
Pedestrian -1 -1 -10 697.000000 161.000000 711.000000 205.000000 1.683421 0.604682 0.735220 4.426519 1.466313 33.417591 -1.404530 0.107926
Pedestrian -1 -1 -10 523.000000 171.000000 542.000000 221.000000 1.688428 0.592904 0.746547 -2.709570 1.946546 25.171466 0.436895 0.018050
Car -1 -1 -10 721.000000 168.000000 942.000000 325.000000 1.474219 1.576693 3.944401 2.867862 1.530015 9.224053 -1.422753 0.999206
Car -1 -1 -10 226.000000 184.000000 403.000000 292.000000 1.573825 1.614397 3.747688 -5.101116 1.911360 12.632931 1.647550 0.998994
Car -1 -1 -10 446.000000 182.000000 506.000000 222.000000 1.491028 1.564274 3.740979 -5.267582 1.961749 28.452220 1.558428 0.994258
Car -1 -1 -10 744.000000 173.000000 839.000000 234.000000 1.596653 1.577580 3.748326 6.755884 1.485636 26.744208 1.836548 0.022409
Cyclist -1 -1 -10 522.000000 170.000000 542.000000 225.000000 1.698815 0.582881 0.749011 -2.704903 1.893792 25.180350 -1.631321 0.999480
Cyclist -1 -1 -10 498.000000 173.000000 522.000000 228.000000 1.693635 0.573074 0.741872 -3.329460 2.032195 24.685595 -1.646298 0.996474
Cyclist -1 -1 -10 538.000000 171.000000 551.000000 204.000000 1.598428 0.590061 0.667890 -3.515420 1.761859 39.315872 -1.633333 0.480327
Cyclist -1 -1 -10 444.000000 181.000000 506.000000 224.000000 1.475474 1.561684 3.828158 -4.667905 2.023908 27.661600 0.772496 0.336770
Cyclist -1 -1 -10 486.000000 180.000000 516.000000 216.000000 1.642454 0.673300 0.578229 -3.449156 1.969337 25.681892 -1.715458 0.037135
Cyclist -1 -1 -10 514.000000 176.000000 523.000000 202.000000 1.547046 1.143786 3.256798 -4.078409 3.702573 21.798080 1.293213 0.010813
