Car -1 -1 -10 397.000000 194.000000 521.000000 262.000000 1.446756 1.609350 3.949197 -3.292363 1.953270 16.410294 0.893116 0.999444
Car -1 -1 -10 288.000000 187.000000 347.000000 225.000000 1.479042 1.586325 3.862249 -11.796491 2.016520 29.218549 -2.029746 0.998712
Car -1 -1 -10 72.000000 188.000000 123.000000 221.000000 1.537513 1.570707 3.820552 -27.188221 2.574887 38.186726 -2.151212 0.998568
Car -1 -1 -10 901.000000 170.000000 1032.000000 236.000000 1.452561 1.623118 3.929751 8.066413 1.270399 16.822800 1.597354 0.996909
Car -1 -1 -10 271.000000 186.000000 324.000000 220.000000 1.451548 1.556460 3.789360 -14.219989 2.020079 33.505169 -2.037293 0.954742
Car -1 -1 -10 786.000000 170.000000 888.000000 230.000000 1.445643 1.573722 3.710682 5.824799 1.310931 17.974595 1.866194 0.872494
Car -1 -1 -10 462.000000 172.000000 560.000000 212.000000 1.487904 1.654629 3.924418 -4.504533 1.612471 32.875721 -2.857431 0.819692
Car -1 -1 -10 534.000000 156.000000 834.000000 332.000000 1.661861 1.695420 4.231726 0.879922 1.460505 9.695966 -2.070954 0.275970
Car -1 -1 -10 414.000000 178.000000 496.000000 212.000000 1.410044 1.617007 4.124219 -7.787355 1.578822 37.375776 0.735456 0.260026
Car -1 -1 -10 982.000000 161.000000 1188.000000 229.000000 1.449545 1.643584 4.130570 11.746267 1.108499 18.014993 1.531933 0.170310
Car -1 -1 -10 854.000000 170.000000 935.000000 219.000000 1.482097 1.574122 3.691351 10.487413 1.904150 26.017268 1.957096 0.089446
Car -1 -1 -10 -1.000000 191.000000 42.000000 303.000000 1.439965 1.573424 3.689999 -10.800199 2.310237 12.498588 -2.204748 0.022166
Car -1 -1 -10 685.000000 169.000000 874.000000 239.000000 1.455692 1.625544 3.900647 5.369659 1.175261 18.646077 1.766262 0.013017
