Car -1 -1 -10 745.000000 194.000000 979.000000 334.000000 1.460178 1.609665 3.886877 3.282745 1.775018 8.933541 1.398942 0.999630
Car -1 -1 -10 669.000000 181.000000 756.000000 243.000000 1.464814 1.581103 3.880291 2.821043 1.637433 18.556232 -1.569305 0.999258
Car -1 -1 -10 0.000000 193.000000 271.000000 325.000000 1.486880 1.564580 3.854915 -5.967765 1.701887 8.227920 0.424756 0.990459
Car -1 -1 -10 126.000000 185.000000 372.000000 277.000000 1.552616 1.546126 3.899909 -6.304362 1.714912 12.978907 -3.215174 0.974272
Car -1 -1 -10 335.000000 182.000000 489.000000 233.000000 1.520040 1.625118 4.008118 -5.980868 1.778779 23.560758 0.682847 0.973595
Car -1 -1 -10 653.000000 178.000000 707.000000 215.000000 1.416694 1.551835 3.769027 3.116301 1.725126 29.561579 -1.537085 0.938480
Car -1 -1 -10 635.000000 171.000000 668.000000 197.000000 1.549606 1.617365 3.714451 3.141501 1.604797 48.707083 -1.478342 0.438692
Car -1 -1 -10 390.000000 175.000000 480.000000 221.000000 1.453886 1.586953 3.974131 -6.103269 1.500818 24.690091 1.811204 0.187649
Car -1 -1 -10 244.000000 183.000000 446.000000 249.000000 1.584437 1.603389 4.070997 -6.749837 1.828247 17.095616 -3.106495 0.112604
Car -1 -1 -10 144.000000 194.000000 273.000000 259.000000 1.495560 1.639918 3.582678 -10.714851 1.611324 18.944345 1.063797 0.041917
Car -1 -1 -10 1.000000 198.000000 87.000000 377.000000 1.522730 1.595285 3.692660 -5.040802 1.893348 5.734608 -2.199332 0.035646
