Car -1 -1 -10 673.000000 184.000000 757.000000 243.000000 1.436455 1.557018 3.802665 2.858774 1.712973 18.592372 -1.529612 0.999663
Car -1 -1 -10 86.000000 178.000000 404.000000 278.000000 1.533559 1.587478 4.099478 -6.522309 1.586417 13.195468 -3.161958 0.999385
Car -1 -1 -10 371.000000 176.000000 507.000000 221.000000 1.508874 1.610499 3.983656 -5.340618 1.715810 26.515053 0.844780 0.997755
Car -1 -1 -10 552.000000 176.000000 583.000000 201.000000 1.480864 1.555275 3.821110 -2.364473 1.869382 42.910108 1.483217 0.996959
Car -1 -1 -10 660.000000 179.000000 706.000000 216.000000 1.415673 1.559016 3.763657 3.169916 1.700615 27.757553 -1.526106 0.957482
Car -1 -1 -10 283.000000 175.000000 483.000000 232.000000 1.531686 1.577221 4.137055 -6.113286 1.447184 20.619117 -3.065181 0.653092
Car -1 -1 -10 3.000000 202.000000 124.000000 370.000000 1.497244 1.613927 3.783300 -5.988319 1.802606 6.477568 -2.878609 0.529438
Car -1 -1 -10 639.000000 172.000000 669.000000 197.000000 1.458027 1.604979 3.831069 2.758636 1.543672 46.138800 -1.556507 0.335180
Car -1 -1 -10 426.000000 175.000000 516.000000 211.000000 1.435639 1.513330 3.862834 -5.884009 1.452811 32.851287 1.917420 0.249842
Car -1 -1 -10 483.000000 174.000000 548.000000 199.000000 1.490354 1.507167 3.654681 -6.619685 1.819487 48.382512 -1.082749 0.187880
Car -1 -1 -10 219.000000 178.000000 423.000000 253.000000 1.513959 1.538627 3.999963 -6.222804 1.484257 16.068377 -3.138377 0.154900
