Car -1 -1 -10 739.000000 197.000000 1003.000000 348.000000 1.430643 1.618232 3.901482 3.124674 1.731369 8.191078 1.400078 0.999709
Car -1 -1 -10 419.000000 189.000000 464.000000 222.000000 1.527220 1.595063 3.746272 -9.024989 2.477689 38.424549 1.753244 0.999474
Car -1 -1 -10 606.000000 187.000000 669.000000 235.000000 1.436470 1.562791 3.805263 1.021992 1.960694 23.809428 -1.618934 0.998960
Car -1 -1 -10 2.000000 213.000000 259.000000 372.000000 1.445741 1.571342 3.627463 -5.600667 2.131938 8.048007 1.469336 0.996578
Car -1 -1 -10 592.000000 186.000000 645.000000 226.000000 1.379388 1.575508 3.727923 0.667895 2.031273 29.078103 -1.626299 0.994506
Car -1 -1 -10 748.000000 175.000000 858.000000 213.000000 1.508775 1.648467 4.062241 8.034005 1.497762 29.944280 0.728687 0.944280
Car -1 -1 -10 815.000000 170.000000 952.000000 222.000000 1.488345 1.657533 4.019244 9.158450 1.404852 24.292445 -1.741886 0.912818
Car -1 -1 -10 440.000000 188.000000 476.000000 216.000000 1.484850 1.556555 3.738343 -8.985538 2.504008 38.752096 1.848900 0.850823
Car -1 -1 -10 221.000000 194.000000 290.000000 220.000000 1.463752 1.615376 3.783121 -15.617384 2.045942 32.399397 1.673788 0.847017
Car -1 -1 -10 1179.000000 168.000000 1242.000000 253.000000 1.419163 1.556686 3.495763 11.421513 1.417048 13.476831 -0.876462 0.123139
Car -1 -1 -10 0.000000 233.000000 93.000000 375.000000 1.493941 1.612815 3.724758 -5.199733 2.178588 5.739860 -2.191178 0.073149
Cyclist -1 -1 -10 805.000000 168.000000 960.000000 225.000000 1.494268 1.615941 3.956790 8.550425 1.566505 23.251763 0.807271 0.013879
