Car -1 -1 -10 578.000000 178.000000 612.000000 208.000000 1.526547 1.625258 3.905517 -0.734969 1.112683 40.073265 -1.599893 0.999662
Car -1 -1 -10 324.000000 188.000000 480.000000 265.000000 1.493889 1.576159 3.714007 -4.452048 1.618502 14.616744 1.762842 0.997317
Car -1 -1 -10 455.000000 183.000000 513.000000 225.000000 1.527939 1.580477 3.754762 -4.757597 1.426559 27.172425 -1.601709 0.994021
Car -1 -1 -10 148.000000 177.000000 324.000000 258.000000 1.520281 1.619213 3.699621 -8.702922 1.571718 17.168362 -1.468111 0.941170
Car -1 -1 -10 324.000000 189.000000 392.000000 222.000000 1.553214 1.620644 3.646132 -12.023384 1.544937 31.602983 -1.877635 0.773187
Car -1 -1 -10 487.000000 181.000000 528.000000 211.000000 1.449596 1.576224 3.693516 -4.998146 1.392081 36.800777 -1.602726 0.218664
Car -1 -1 -10 403.000000 180.000000 453.000000 206.000000 1.554701 1.621612 3.850553 -8.942830 0.937640 35.753465 -1.797431 0.103635
Car -1 -1 -10 401.000000 189.000000 469.000000 254.000000 1.519791 1.568904 3.634797 -4.122560 1.679834 15.298325 1.832974 0.036690
Car -1 -1 -10 -1.000000 122.000000 222.000000 375.000000 1.614297 1.612834 3.875314 -4.012915 1.328320 4.959750 -1.591666 0.023609
Car -1 -1 -10 200.000000 180.000000 315.000000 235.000000 1.495560 1.639918 3.582678 -13.280465 1.335007 27.273299 1.118180 0.012771
Car -1 -1 -10 232.000000 179.000000 300.000000 219.000000 1.366137 1.591203 3.575607 -16.868265 1.210336 35.654158 1.710956 0.011732
