Pedestrian -1 -1 -10 547.000000 167.000000 555.000000 197.000000 1.694796 0.626620 0.566579 -3.220989 2.326865 38.881535 -1.626947 0.039682
Car -1 -1 -10 682.000000 171.000000 851.000000 282.000000 1.497579 1.607310 3.770008 2.257289 1.566023 11.340323 -1.849853 0.999617
Car -1 -1 -10 37.000000 184.000000 257.000000 264.000000 1.499079 1.573481 3.991380 -9.746839 1.701901 15.712944 -1.554467 0.999552
Car -1 -1 -10 633.000000 170.000000 710.000000 221.000000 1.462428 1.569102 3.947302 2.277276 1.357229 23.523653 -1.646674 0.997907
Car -1 -1 -10 477.000000 170.000000 536.000000 223.000000 1.508131 1.626562 3.720191 -3.404519 1.467919 24.513821 -1.650595 0.997656
Car -1 -1 -10 6.000000 217.000000 148.000000 375.000000 1.491549 1.600249 3.768968 -3.423653 1.841423 3.924360 -2.168856 0.657429
Car -1 -1 -10 626.000000 169.000000 677.000000 209.000000 1.458418 1.501257 3.485119 1.646764 1.492914 31.141129 -1.520229 0.637640
Car -1 -1 -10 523.000000 173.000000 551.000000 204.000000 1.523546 1.609009 3.639094 -3.801995 1.587468 38.064026 -1.601654 0.552596
Car -1 -1 -10 619.000000 167.000000 658.000000 201.000000 1.495760 1.603463 4.041858 2.219370 1.142750 38.994961 -1.547340 0.482732
Car -1 -1 -10 0.000000 188.000000 71.000000 323.000000 1.444231 1.626617 3.653076 -3.254775 1.637505 4.077653 -2.241426 0.191919
Car -1 -1 -10 496.000000 169.000000 535.000000 203.000000 1.556120 1.533566 3.704920 -4.025209 0.901403 30.184303 1.459254 0.056070
