Car -1 -1 -10 317.000000 180.000000 457.000000 272.000000 1.597187 1.641729 3.777972 -4.386042 1.533143 14.224540 -1.380724 0.999318
Car -1 -1 -10 579.000000 172.000000 654.000000 244.000000 1.475001 1.645889 3.774498 0.234493 1.321244 18.116313 -1.559452 0.999232
Car -1 -1 -10 137.000000 186.000000 300.000000 264.000000 1.568903 1.626388 3.761586 -8.684656 1.605172 16.015857 -1.483016 0.999151
Car -1 -1 -10 447.000000 183.000000 506.000000 224.000000 1.513367 1.566026 3.745372 -4.918265 1.387430 26.181486 -1.622566 0.997665
Car -1 -1 -10 487.000000 180.000000 535.000000 212.000000 1.472303 1.634498 3.843705 -4.867994 1.241187 33.763396 -1.698297 0.996437
Car -1 -1 -10 -1.000000 187.000000 223.000000 375.000000 1.500331 1.624269 3.817875 -3.529283 1.703478 4.002360 1.531880 0.832938
Car -1 -1 -10 260.000000 182.000000 338.000000 220.000000 1.551009 1.586623 3.756916 -12.926062 1.349202 29.605932 -1.470907 0.610718
Car -1 -1 -10 3.000000 183.000000 63.000000 212.000000 1.563308 1.661671 3.905460 -28.359509 1.847833 34.902507 1.444004 0.116831
Car -1 -1 -10 593.000000 169.000000 646.000000 216.000000 1.578418 1.622115 3.652762 -0.701020 1.515068 10.382839 -1.617685 0.038734
Car -1 -1 -10 612.000000 177.000000 653.000000 205.000000 1.400086 1.638836 3.585495 2.848102 2.062229 50.677779 1.638498 0.014596
