Pedestrian -1 -1 -10 734.000000 178.000000 816.000000 242.000000 1.511431 1.589002 3.938984 4.392666 2.006542 18.493567 1.325239 0.018777
Car -1 -1 -10 828.000000 189.000000 1128.000000 364.000000 1.453586 1.608928 3.943624 4.222901 1.714192 8.309899 1.571279 0.999412
Car -1 -1 -10 757.000000 185.000000 889.000000 269.000000 1.441414 1.543841 3.823002 4.302994 1.673385 14.474166 1.447148 0.995980
Car -1 -1 -10 544.000000 168.000000 591.000000 204.000000 1.497458 1.611415 3.821036 -1.926859 1.341065 32.466820 1.563335 0.995638
Car -1 -1 -10 732.000000 179.000000 815.000000 239.000000 1.453872 1.520200 3.820377 4.734757 1.806110 19.900832 -1.475906 0.982002
Car -1 -1 -10 711.000000 175.000000 766.000000 222.000000 1.452283 1.557072 3.806687 4.993587 1.644905 26.501591 -1.473755 0.967476
Car -1 -1 -10 691.000000 174.000000 739.000000 211.000000 1.432827 1.518998 3.675037 4.765471 1.589412 31.176353 -1.505976 0.897087
Car -1 -1 -10 467.000000 169.000000 547.000000 249.000000 1.495189 1.601378 3.671773 -2.120832 1.728765 16.527366 1.948485 0.696162
Car -1 -1 -10 1135.000000 229.000000 1241.000000 370.000000 1.477883 1.631866 3.388867 4.087678 1.947447 6.617378 2.319189 0.378313
Car -1 -1 -10 683.000000 174.000000 719.000000 204.000000 1.422310 1.546299 3.632829 4.480620 1.935784 35.999334 -1.446220 0.310700
Car -1 -1 -10 339.000000 143.000000 527.000000 305.000000 1.615108 1.635355 3.897959 -2.467910 1.387648 10.818722 -1.704373 0.270332
