Pedestrian -1 -1 -10 256.000000 158.000000 301.000000 291.000000 1.713442 0.588134 0.638524 -5.223882 1.435805 11.187217 1.633714 0.973693
Pedestrian -1 -1 -10 309.000000 165.000000 342.000000 293.000000 1.621050 0.584834 0.621763 -4.964679 1.410806 12.702587 0.185928 0.791759
Pedestrian -1 -1 -10 269.000000 166.000000 367.000000 293.000000 1.670075 0.615788 0.618410 -5.249971 1.434623 12.562793 -1.914587 0.132875
Pedestrian -1 -1 -10 320.000000 173.000000 359.000000 283.000000 1.897951 0.665029 0.773527 -2.834407 1.810004 5.470705 1.281259 0.043988
Pedestrian -1 -1 -10 293.000000 177.000000 465.000000 290.000000 1.554300 1.539057 3.723668 -3.197982 1.695648 9.935337 1.704563 0.037859
Pedestrian -1 -1 -10 289.000000 167.000000 326.000000 294.000000 1.626810 0.606128 0.583467 -4.966833 1.353491 12.225917 -1.970257 0.034187
Car -1 -1 -10 662.000000 174.000000 740.000000 232.000000 1.445830 1.564895 3.810496 2.629944 1.554626 19.748652 -1.567427 0.999210
Car -1 -1 -10 11.000000 187.000000 442.000000 374.000000 1.511662 1.639728 3.675501 -2.956643 1.661852 4.657894 1.668603 0.997000
Car -1 -1 -10 523.000000 173.000000 563.000000 211.000000 1.517227 1.645790 3.865668 -3.071098 1.626219 33.527309 -1.648412 0.995570
Car -1 -1 -10 291.000000 182.000000 460.000000 283.000000 1.502316 1.597442 3.839690 -3.797922 1.521039 11.497993 0.760310 0.977056
Car -1 -1 -10 640.000000 173.000000 689.000000 210.000000 1.459182 1.555499 3.850525 2.865824 1.504329 31.949987 -1.617336 0.950230
Car -1 -1 -10 804.000000 178.000000 1252.000000 375.000000 1.430628 1.641515 4.145923 2.770114 1.504950 3.220868 1.531670 0.942688
Car -1 -1 -10 633.000000 173.000000 670.000000 204.000000 1.426297 1.534485 3.526032 2.110596 1.778342 35.027387 -1.499462 0.209692
Car -1 -1 -10 547.000000 176.000000 570.000000 201.000000 1.552949 1.560336 3.661716 -2.475538 2.211359 18.303840 -1.788728 0.063726
Car -1 -1 -10 0.000000 194.000000 216.000000 373.000000 1.513760 1.626540 3.299006 -4.747637 1.610570 5.377606 1.059471 0.043319
Car -1 -1 -10 323.000000 175.000000 363.000000 287.000000 1.542681 1.660698 3.765934 -6.205340 1.896161 14.024219 -2.014299 0.010540
Cyclist -1 -1 -10 300.000000 177.000000 440.000000 291.000000 1.441870 1.591797 3.856758 -3.490709 1.286041 10.513042 1.282472 0.215224
Cyclist -1 -1 -10 296.000000 168.000000 359.000000 288.000000 1.595259 0.586315 0.567710 -4.897239 1.293838 12.747316 -1.927644 0.073683
Cyclist -1 -1 -10 218.000000 166.000000 365.000000 295.000000 1.689693 0.516615 1.699415 -5.326762 1.358085 12.444564 -1.971443 0.055889
Cyclist -1 -1 -10 312.000000 167.000000 341.000000 295.000000 1.594897 0.586707 0.571652 -4.820526 1.343751 12.736273 -1.929290 0.035164
