Pedestrian -1 -1 -10 277.000000 157.000000 346.000000 293.000000 1.713439 0.617582 0.767495 -3.808231 1.651994 9.915079 -1.918313 0.995423
Pedestrian -1 -1 -10 326.000000 160.000000 373.000000 288.000000 1.747299 0.593937 0.797925 -3.652399 1.688685 9.984606 0.199059 0.982526
Pedestrian -1 -1 -10 363.000000 166.000000 386.000000 226.000000 1.684260 0.608794 0.719269 -7.075045 1.464132 21.645831 -1.852176 0.504874
Pedestrian -1 -1 -10 493.000000 164.000000 502.000000 192.000000 1.723563 0.607168 0.705068 -7.404399 0.988173 49.187224 -1.684966 0.236919
Pedestrian -1 -1 -10 345.000000 167.000000 382.000000 238.000000 1.666817 0.595836 0.606889 -5.210636 1.922152 16.818615 -1.900427 0.161351
Pedestrian -1 -1 -10 343.000000 164.000000 366.000000 221.000000 1.878725 0.593935 0.732101 -12.958625 1.139766 36.519898 1.254657 0.045605
Pedestrian -1 -1 -10 344.000000 169.000000 357.000000 211.000000 1.864860 0.589725 0.737655 -13.238684 1.166228 37.384690 1.254321 0.019258
Pedestrian -1 -1 -10 334.000000 163.000000 358.000000 216.000000 1.791418 0.585698 0.761708 -13.571821 1.326567 38.529758 1.233863 0.017125
Pedestrian -1 -1 -10 464.000000 158.000000 472.000000 188.000000 1.645649 0.580559 0.558603 -7.616940 1.366149 38.602506 -1.749502 0.011920
Car -1 -1 -10 549.000000 154.000000 596.000000 209.000000 1.495916 1.614600 3.789245 -1.366923 0.805334 28.489688 -1.650472 0.553096
Car -1 -1 -10 2.000000 150.000000 82.000000 331.000000 1.526954 1.596554 3.625569 -6.634477 1.386401 7.974664 -2.211526 0.010840
Cyclist -1 -1 -10 355.000000 166.000000 382.000000 227.000000 1.668085 0.598103 0.731366 -7.052591 1.429002 21.670687 -1.866934 0.147028
Cyclist -1 -1 -10 326.000000 161.000000 378.000000 280.000000 1.717773 0.581313 0.790406 -3.657035 1.604600 9.963235 -1.871219 0.116110
Cyclist -1 -1 -10 336.000000 166.000000 389.000000 240.000000 1.660073 0.584300 0.629199 -5.275842 1.887055 16.847127 -1.904826 0.037144
Cyclist -1 -1 -10 346.000000 168.000000 371.000000 233.000000 1.741796 0.607471 0.748259 -7.449599 1.060237 22.532140 -1.944992 0.028020
Cyclist -1 -1 -10 493.000000 164.000000 503.000000 192.000000 1.752494 0.619890 0.704042 -7.393250 0.938048 49.174938 -1.697515 0.026810
