Car -1 -1 -10 238.000000 186.000000 446.000000 312.000000 1.580136 1.628591 3.756769 -3.816483 1.614898 10.316786 -1.420113 0.999674
Car -1 -1 -10 699.000000 189.000000 807.000000 265.000000 1.435795 1.563795 3.851563 3.237232 1.550758 15.353112 -1.500459 0.999537
Car -1 -1 -10 650.000000 182.000000 703.000000 221.000000 1.471215 1.574792 3.833118 2.886972 1.324803 29.903594 -1.548950 0.999250
Car -1 -1 -10 434.000000 182.000000 514.000000 240.000000 1.570848 1.627422 3.774183 -3.979442 1.495238 20.786059 -1.625455 0.998883
Car -1 -1 -10 3.000000 176.000000 188.000000 310.000000 1.550102 1.617492 3.760943 -8.193753 1.625776 10.460787 -1.629461 0.974715
Car -1 -1 -10 480.000000 184.000000 534.000000 223.000000 1.528395 1.600206 3.722887 -4.085566 1.361260 28.898229 -1.590986 0.936026
Car -1 -1 -10 384.000000 183.000000 441.000000 220.000000 1.533983 1.595409 3.720299 -8.412235 1.360248 30.305255 1.719815 0.608622
Car -1 -1 -10 -2.000000 142.000000 110.000000 249.000000 1.454039 1.580308 3.755594 -13.048182 0.631014 16.552719 1.423273 0.360932
Car -1 -1 -10 502.000000 182.000000 539.000000 212.000000 1.497903 1.618543 3.668665 -4.123674 1.541040 39.175884 -1.662692 0.111112
Car -1 -1 -10 432.000000 182.000000 478.000000 217.000000 1.357538 1.584368 3.777788 -8.474465 1.534887 38.520403 1.866612 0.070321
Car -1 -1 -10 273.000000 187.000000 359.000000 219.000000 1.524966 1.617979 3.897664 -13.168767 0.992137 33.194285 1.669955 0.062622
