Pedestrian -1 -1 -10 667.000000 168.000000 675.000000 195.000000 1.708592 0.603718 0.750922 4.418721 1.856033 50.328487 -1.438889 0.565001
Car -1 -1 -10 403.000000 180.000000 483.000000 234.000000 1.517042 1.591415 3.708675 -4.933226 1.770725 21.649423 1.782161 0.999413
Car -1 -1 -10 715.000000 179.000000 835.000000 251.000000 1.453671 1.566908 3.972524 3.968486 1.598799 16.489682 1.353699 0.997162
Car -1 -1 -10 762.000000 181.000000 950.000000 303.000000 1.471444 1.589223 4.020835 3.873515 1.627491 10.596808 1.433210 0.994696
Car -1 -1 -10 451.000000 178.000000 513.000000 221.000000 1.505417 1.592279 3.741719 -4.714386 1.763046 26.160528 1.797350 0.993422
Car -1 -1 -10 852.000000 192.000000 1238.000000 374.000000 1.449747 1.619209 4.015354 3.770890 1.506083 5.306701 -1.063999 0.989569
Car -1 -1 -10 704.000000 177.000000 771.000000 226.000000 1.428121 1.545454 3.807929 4.353963 1.648956 21.940664 -1.514954 0.981936
Car -1 -1 -10 3.000000 196.000000 230.000000 374.000000 1.467017 1.648516 3.720173 -4.909150 1.893001 6.045043 1.593523 0.929819
Car -1 -1 -10 1076.000000 175.000000 1200.000000 218.000000 1.534016 1.689396 3.777000 16.798169 1.633676 21.936706 1.688387 0.076243
Car -1 -1 -10 1181.000000 170.000000 1240.000000 211.000000 1.541438 1.650990 3.755144 9.096533 1.611385 12.140215 -0.976012 0.033555
