Car -1 -1 -10 -1.000000 206.000000 276.000000 363.000000 1.494669 1.650729 3.772699 -6.089058 2.100915 9.379929 1.459519 0.998619
Car -1 -1 -10 443.000000 189.000000 494.000000 223.000000 1.471824 1.564581 3.765641 -6.230094 2.189331 32.084998 1.745380 0.993143
Car -1 -1 -10 870.000000 182.000000 1242.000000 374.000000 1.432762 1.604738 4.037364 3.141782 1.503855 4.482154 1.613272 0.990973
Car -1 -1 -10 647.000000 176.000000 690.000000 209.000000 1.457443 1.554839 3.959533 3.176363 1.677824 34.632519 1.232505 0.988341
Car -1 -1 -10 468.000000 187.000000 512.000000 216.000000 1.455092 1.552667 3.743095 -6.253948 2.274644 36.986493 1.810725 0.797263
Car -1 -1 -10 95.000000 204.000000 167.000000 234.000000 1.469698 1.618586 3.812374 -25.642550 3.045037 39.448808 0.393207 0.505678
Car -1 -1 -10 175.000000 198.000000 254.000000 228.000000 1.521941 1.628759 3.925406 -20.794918 2.710839 38.421659 0.542445 0.445700
Car -1 -1 -10 229.000000 197.000000 300.000000 227.000000 1.480057 1.623733 3.948258 -18.650318 2.791944 38.221420 0.678880 0.365223
Car -1 -1 -10 137.000000 202.000000 211.000000 229.000000 1.470345 1.587611 3.901374 -23.611252 2.916612 39.530633 0.503542 0.175506
Car -1 -1 -10 495.000000 180.000000 529.000000 207.000000 1.461682 1.564300 3.706188 -6.347396 2.112585 42.012117 -1.674332 0.049438
Car -1 -1 -10 154.000000 201.000000 189.000000 235.000000 1.494839 1.579018 3.777365 -23.348841 2.986170 39.104984 1.031979 0.041938
Cyclist -1 -1 -10 139.000000 201.000000 199.000000 240.000000 1.420704 1.623131 3.881793 -22.215879 3.028014 37.757044 0.454634 0.092981
Cyclist -1 -1 -10 90.000000 203.000000 180.000000 237.000000 1.465544 1.615219 3.780131 -24.897966 3.203777 38.164218 0.506481 0.052220
Cyclist -1 -1 -10 157.000000 199.000000 261.000000 232.000000 1.524577 1.610000 3.960519 -21.005183 2.965061 37.581891 1.110566 0.015697
