Pedestrian -1 -1 -10 719.000000 185.000000 732.000000 222.000000 1.652801 0.613301 0.599067 4.796855 2.085861 29.769408 -1.402910 0.875913
Pedestrian -1 -1 -10 708.000000 173.000000 727.000000 222.000000 1.691976 0.583997 0.618538 4.557876 2.177482 29.066730 2.217599 0.106898
Pedestrian -1 -1 -10 715.000000 187.000000 741.000000 228.000000 1.601533 0.595595 0.627428 4.750360 2.067974 29.437686 -1.388460 0.088226
Pedestrian -1 -1 -10 706.000000 175.000000 714.000000 217.000000 1.489963 1.482346 3.725148 1.545112 3.241541 20.989725 1.699640 0.073192
Pedestrian -1 -1 -10 725.000000 189.000000 746.000000 224.000000 1.609570 0.599639 0.567757 5.305570 2.086422 29.520851 -1.375576 0.048108
Pedestrian -1 -1 -10 717.000000 183.000000 727.000000 220.000000 1.644363 0.596084 0.613986 4.859188 2.033515 29.369912 -1.408855 0.038076
Pedestrian -1 -1 -10 735.000000 191.000000 747.000000 224.000000 1.605059 0.587781 0.527194 5.709131 2.107970 29.508422 -1.376792 0.017106
Car -1 -1 -10 699.000000 192.000000 833.000000 285.000000 1.462978 1.569263 3.837138 3.005523 1.756364 13.090615 -1.479380 0.999519
Car -1 -1 -10 524.000000 184.000000 573.000000 222.000000 1.473699 1.625234 3.855718 -2.589609 1.920180 30.275734 1.592847 0.999183
Car -1 -1 -10 657.000000 184.000000 714.000000 231.000000 1.419753 1.562985 3.869065 2.951010 2.030077 26.298890 1.529456 0.997587
Car -1 -1 -10 561.000000 184.000000 587.000000 209.000000 1.506661 1.587439 3.807475 -2.355880 2.275740 45.511003 -1.617899 0.975265
Car -1 -1 -10 0.000000 207.000000 398.000000 375.000000 1.488436 1.591057 3.751229 -2.674124 1.629743 4.426465 1.595312 0.967939
Car -1 -1 -10 644.000000 181.000000 674.000000 209.000000 1.521206 1.588901 3.832218 2.595977 2.181576 45.304911 -1.507392 0.141015
Car -1 -1 -10 544.000000 184.000000 580.000000 214.000000 1.546650 1.606100 3.834984 -2.572977 1.540729 32.082450 1.537257 0.015205
Cyclist -1 -1 -10 718.000000 186.000000 737.000000 226.000000 1.738609 0.481382 1.655102 4.855756 2.055745 29.875452 -1.373114 0.029634
Cyclist -1 -1 -10 731.000000 192.000000 743.000000 224.000000 1.621764 0.596441 0.552771 5.429958 2.138389 30.176594 -1.399164 0.021536
Cyclist -1 -1 -10 727.000000 189.000000 751.000000 225.000000 1.614683 0.598356 0.562581 5.540840 2.016675 28.691458 -1.376948 0.010781
