Pedestrian -1 -1 -10 746.000000 195.000000 773.000000 271.000000 1.769333 0.583993 0.613010 2.735344 2.641615 13.469738 -1.377655 0.054904
Car -1 -1 -10 244.000000 190.000000 458.000000 337.000000 1.508730 1.585955 3.654385 -3.327462 1.909934 9.420915 1.685330 0.999287
Car -1 -1 -10 852.000000 199.000000 1248.000000 377.000000 1.454662 1.600278 3.951637 4.014864 1.607844 6.223790 1.589099 0.997848
Car -1 -1 -10 757.000000 172.000000 902.000000 290.000000 1.503433 1.590004 3.938837 3.719810 1.559905 11.956313 -1.384733 0.997674
Car -1 -1 -10 680.000000 178.000000 750.000000 228.000000 1.451831 1.588377 3.991190 3.668160 1.750705 23.865550 1.316605 0.987182
Car -1 -1 -10 709.000000 176.000000 820.000000 250.000000 1.418203 1.587596 3.886579 4.062963 1.616395 19.628807 -1.444091 0.981028
Car -1 -1 -10 544.000000 176.000000 580.000000 202.000000 1.514063 1.605540 3.896081 -2.912835 1.756922 42.461682 1.514735 0.966886
Car -1 -1 -10 465.000000 166.000000 552.000000 240.000000 1.604189 1.596289 3.823587 -2.986122 1.641584 20.832696 -1.599360 0.958493
Car -1 -1 -10 2.000000 206.000000 261.000000 374.000000 1.468916 1.615811 3.743917 -2.920067 1.723166 3.759036 -2.132608 0.950519
Car -1 -1 -10 675.000000 177.000000 722.000000 216.000000 1.434034 1.522984 3.673196 3.849574 1.763948 29.613415 -1.464458 0.684693
