Pedestrian -1 -1 -10 553.000000 161.000000 583.000000 224.000000 1.677598 0.605638 0.738469 -0.868816 1.346596 20.431703 -1.579510 0.992310
Pedestrian -1 -1 -10 252.000000 169.000000 276.000000 236.000000 1.712340 0.597956 0.752017 -9.313508 1.709421 19.271603 -1.977996 0.910042
Pedestrian -1 -1 -10 216.000000 178.000000 235.000000 233.000000 1.711568 0.591643 0.738617 -12.015493 1.905653 22.254196 -2.015540 0.659640
Pedestrian -1 -1 -10 365.000000 162.000000 384.000000 219.000000 1.639334 0.597907 0.668895 -6.217672 1.233404 20.371442 0.241326 0.517981
Pedestrian -1 -1 -10 270.000000 173.000000 302.000000 239.000000 1.643356 0.631768 0.588641 -8.375425 1.813942 19.273108 0.579417 0.389812
Pedestrian -1 -1 -10 408.000000 159.000000 428.000000 226.000000 1.753299 0.584003 0.609751 -6.132467 1.189341 24.773934 -1.840743 0.179970
Pedestrian -1 -1 -10 853.000000 154.000000 872.000000 197.000000 1.706880 0.588469 0.768009 10.348839 0.814868 28.599558 -1.170723 0.143372
Pedestrian -1 -1 -10 259.000000 172.000000 329.000000 239.000000 1.698330 0.654293 0.743576 -7.462537 1.657939 18.355731 0.582776 0.052937
Car -1 -1 -10 362.000000 179.000000 495.000000 266.000000 1.531570 1.595343 3.690008 -3.355689 1.466650 13.451367 -1.374283 0.999532
Car -1 -1 -10 1102.000000 141.000000 1220.000000 184.000000 1.567615 1.641103 3.800000 24.279631 0.124731 30.205193 -1.441187 0.145365
Car -1 -1 -10 398.000000 175.000000 450.000000 219.000000 1.589236 1.611226 3.384568 -2.944262 1.692326 7.679321 1.347849 0.048993
Car -1 -1 -10 1016.000000 137.000000 1123.000000 200.000000 1.548181 1.688830 3.765334 18.485052 0.129647 29.015885 -0.369452 0.019805
Cyclist -1 -1 -10 943.000000 140.000000 1011.000000 203.000000 1.612474 0.589710 0.634571 11.405835 0.226436 21.837960 -1.073021 0.997824
Cyclist -1 -1 -10 268.000000 170.000000 355.000000 240.000000 1.698226 0.634578 1.690738 -7.382556 1.640126 17.978268 0.719800 0.996985
Cyclist -1 -1 -10 758.000000 155.000000 802.000000 198.000000 1.731057 0.519736 1.715464 7.929226 0.821634 31.405781 -1.278326 0.996238
Cyclist -1 -1 -10 853.000000 154.000000 873.000000 197.000000 1.697628 0.575953 0.753294 10.334487 0.750563 28.556301 -1.183280 0.946324
Cyclist -1 -1 -10 268.000000 174.000000 304.000000 240.000000 1.670145 0.652734 0.592089 -7.709685 1.735254 18.580826 0.570044 0.864609
Cyclist -1 -1 -10 1019.000000 135.000000 1119.000000 208.000000 1.537572 1.503470 3.735903 8.080879 2.011927 14.479962 2.128039 0.739049
Cyclist -1 -1 -10 255.000000 171.000000 282.000000 236.000000 1.674408 0.581657 0.753500 -9.452057 1.721206 19.475967 -1.982234 0.126620
Cyclist -1 -1 -10 294.000000 170.000000 337.000000 230.000000 1.750375 0.517053 1.659470 -7.346414 1.625710 18.070983 -1.949988 0.054025
Cyclist -1 -1 -10 363.000000 162.000000 387.000000 222.000000 1.615140 0.615573 0.673854 -6.111754 1.218309 20.371969 -1.842961 0.028157
Cyclist -1 -1 -10 404.000000 168.000000 439.000000 217.000000 1.729827 0.578024 0.636070 -6.168672 1.134551 24.770320 -1.840567 0.022872
Cyclist -1 -1 -10 385.000000 175.000000 415.000000 214.000000 1.534610 1.573320 3.713653 -4.105622 1.507043 11.061631 1.292299 0.013321
Cyclist -1 -1 -10 409.000000 158.000000 428.000000 227.000000 1.739386 0.578719 0.639314 -6.216232 1.138385 24.796348 -1.844550 0.010328
