Pedestrian -1 -1 -10 311.000000 179.000000 325.000000 217.000000 1.696657 0.579945 0.737487 -14.764859 1.983137 36.188668 -1.911325 0.314824
Pedestrian -1 -1 -10 318.000000 179.000000 331.000000 216.000000 1.665803 0.584495 0.715786 -14.477285 1.973988 36.574714 -1.904225 0.124795
Pedestrian -1 -1 -10 439.000000 169.000000 456.000000 210.000000 1.633509 0.585789 0.668676 -7.234987 1.304049 31.706630 -1.757723 0.053824
Pedestrian -1 -1 -10 745.000000 156.000000 757.000000 188.000000 1.643059 0.597286 0.694887 6.631786 0.808054 31.293104 -1.331108 0.010359
Car -1 -1 -10 481.000000 176.000000 539.000000 217.000000 1.534860 1.607900 3.712320 -3.677934 1.325959 27.121395 -1.590183 0.999082
Car -1 -1 -10 951.000000 150.000000 1040.000000 179.000000 1.594102 1.664140 3.833928 23.497369 -0.005812 43.331834 -0.027566 0.013285
Cyclist -1 -1 -10 332.000000 176.000000 376.000000 223.000000 1.702752 0.556491 0.776317 -9.926006 1.772210 27.483751 1.711733 0.996012
Cyclist -1 -1 -10 670.000000 160.000000 716.000000 201.000000 1.815871 0.628488 0.873525 4.940674 0.847130 35.173719 0.650295 0.983456
Cyclist -1 -1 -10 735.000000 154.000000 780.000000 198.000000 1.658907 0.639718 0.706936 6.741528 0.833626 30.704802 1.250100 0.798975
Cyclist -1 -1 -10 586.000000 169.000000 617.000000 197.000000 1.726651 0.639847 0.854951 -0.197927 1.163989 42.442194 -1.566184 0.575748
