Car -1 -1 -10 953.000000 194.000000 1242.000000 317.000000 1.558772 1.701958 3.921512 6.262105 1.725345 9.681088 0.040353 0.999434
Car -1 -1 -10 86.000000 184.000000 387.000000 297.000000 1.522337 1.594680 3.990905 -5.985301 1.713122 11.415888 -3.204529 0.998974
Car -1 -1 -10 730.000000 183.000000 878.000000 237.000000 1.472895 1.672772 3.954511 5.608288 1.793536 21.775364 -0.241891 0.997980
Car -1 -1 -10 636.000000 182.000000 674.000000 212.000000 1.457169 1.606356 3.861927 2.220057 1.976348 35.523744 -1.531940 0.994002
Car -1 -1 -10 190.000000 181.000000 412.000000 263.000000 1.514485 1.564636 3.900655 -5.846965 1.612914 15.089876 1.660140 0.989707
Car -1 -1 -10 -12.000000 194.000000 250.000000 356.000000 1.468729 1.611952 3.760959 -5.350114 1.678479 6.799033 -2.138186 0.989605
Car -1 -1 -10 284.000000 181.000000 440.000000 242.000000 1.466356 1.592660 3.703291 -5.545496 1.848497 19.366828 1.678125 0.951387
Car -1 -1 -10 875.000000 184.000000 1128.000000 292.000000 1.452829 1.649753 3.936598 6.086652 1.619871 11.149698 1.530835 0.906176
Car -1 -1 -10 371.000000 179.000000 502.000000 220.000000 1.503816 1.573843 3.967995 -6.732277 1.750423 30.690364 -2.999446 0.889363
Car -1 -1 -10 425.000000 178.000000 518.000000 214.000000 1.545995 1.678315 3.894925 -5.967842 1.753509 37.190230 -1.762490 0.110013
