Pedestrian -1 -1 -10 629.000000 173.000000 640.000000 204.000000 1.646897 0.601631 0.704707 1.606603 1.912308 41.932101 -1.501536 0.300595
Car -1 -1 -10 540.000000 173.000000 593.000000 219.000000 1.559801 1.602846 3.790599 -1.739413 1.708010 29.232961 1.583612 0.999180
Car -1 -1 -10 712.000000 181.000000 792.000000 257.000000 1.462737 1.590667 3.846987 3.548035 1.752461 16.922331 -1.437229 0.998943
Car -1 -1 -10 297.000000 185.000000 512.000000 331.000000 1.544957 1.603975 3.736407 -2.669490 1.711719 9.307527 -1.359695 0.998470
Car -1 -1 -10 374.000000 172.000000 496.000000 220.000000 1.486928 1.553470 3.754526 -5.613380 1.322579 26.960663 0.810427 0.981845
Car -1 -1 -10 -2.000000 195.000000 258.000000 373.000000 1.489252 1.627355 3.733000 -3.037304 1.489742 3.350686 -2.115491 0.973296
Car -1 -1 -10 575.000000 178.000000 610.000000 210.000000 1.492994 1.596385 3.647859 -0.831105 1.886895 36.421456 -1.514235 0.968701
Car -1 -1 -10 696.000000 187.000000 747.000000 236.000000 1.406662 1.562077 3.742199 3.663727 1.994954 20.581016 -1.390145 0.947168
Car -1 -1 -10 952.000000 221.000000 1209.000000 370.000000 1.543663 1.657664 3.623754 2.578272 1.469361 2.712861 -0.973933 0.810633
Cyclist -1 -1 -10 628.000000 173.000000 640.000000 204.000000 1.637520 0.588292 0.718991 1.609024 1.871227 41.948475 -1.505082 0.810271
Cyclist -1 -1 -10 370.000000 171.000000 494.000000 220.000000 1.492145 1.608718 3.877814 -5.477066 1.413989 23.251259 -2.921016 0.025430
