Car -1 -1 -10 684.000000 187.000000 761.000000 242.000000 1.449404 1.585388 3.891748 3.408743 1.834159 20.899875 -1.532515 0.996675
Car -1 -1 -10 37.000000 184.000000 368.000000 289.000000 1.515362 1.653974 4.107180 -6.122208 1.667641 11.765312 -3.210941 0.995963
Car -1 -1 -10 290.000000 180.000000 473.000000 246.000000 1.546181 1.596891 3.962330 -5.407668 1.799429 19.329862 0.725322 0.985864
Car -1 -1 -10 179.000000 183.000000 420.000000 266.000000 1.533461 1.560807 3.870227 -5.721482 1.755839 14.661768 1.634207 0.949503
Car -1 -1 -10 792.000000 178.000000 1141.000000 378.000000 1.496494 1.592381 4.038282 3.406846 1.550171 6.838510 -1.658507 0.915016
Car -1 -1 -10 405.000000 179.000000 513.000000 222.000000 1.461859 1.568899 3.610663 -5.323405 1.983077 27.910227 -2.376395 0.709993
Car -1 -1 -10 1031.000000 206.000000 1242.000000 374.000000 1.469279 1.547899 3.791072 3.952452 1.690211 4.970659 1.677662 0.674226
Car -1 -1 -10 723.000000 185.000000 840.000000 222.000000 1.477129 1.665309 4.125872 6.651215 1.695951 28.863711 1.234620 0.633843
Car -1 -1 -10 2.000000 202.000000 112.000000 379.000000 1.497512 1.631230 3.756533 -5.477214 1.769423 5.968166 -2.188938 0.388883
Car -1 -1 -10 439.000000 180.000000 524.000000 210.000000 1.467834 1.598471 3.943035 -6.321066 1.510061 35.054589 0.839521 0.145233
Cyclist -1 -1 -10 1019.000000 189.000000 1245.000000 375.000000 1.693610 0.665251 0.617232 3.111164 1.817810 4.449250 1.648863 0.018450
