Pedestrian -1 -1 -10 423.000000 172.000000 439.000000 244.000000 1.633767 0.600751 0.541028 -4.401376 1.488709 17.511335 -1.794045 0.606976
Pedestrian -1 -1 -10 434.000000 172.000000 454.000000 250.000000 1.673937 0.638436 0.533481 -4.453282 1.540340 18.758922 1.823210 0.526876
Pedestrian -1 -1 -10 415.000000 174.000000 465.000000 245.000000 1.641416 0.618981 0.588570 -4.889501 1.460461 19.311971 -1.789591 0.197207
Pedestrian -1 -1 -10 442.000000 178.000000 463.000000 251.000000 1.701607 0.594708 0.609954 -4.549510 1.412044 21.765245 -1.793967 0.010741
Car -1 -1 -10 282.000000 185.000000 499.000000 333.000000 1.527820 1.608541 3.731672 -2.615530 1.677247 8.936989 -1.399610 0.998755
Car -1 -1 -10 666.000000 182.000000 717.000000 221.000000 1.427984 1.576283 3.808416 3.425614 1.819981 27.531616 -1.539577 0.998488
Car -1 -1 -10 753.000000 174.000000 1107.000000 376.000000 1.496538 1.585622 4.003053 2.775705 1.548251 6.278379 -1.267435 0.997849
Car -1 -1 -10 710.000000 182.000000 863.000000 293.000000 1.428254 1.576897 3.965481 3.194428 1.712586 11.216853 1.359282 0.992894
Car -1 -1 -10 424.000000 185.000000 547.000000 273.000000 1.546111 1.559900 3.671827 -2.479722 1.840158 13.956139 -1.346433 0.992836
Car -1 -1 -10 559.000000 180.000000 592.000000 210.000000 1.507624 1.628001 3.903559 -2.132199 1.912878 41.474764 -1.630867 0.991816
Car -1 -1 -10 652.000000 181.000000 693.000000 210.000000 1.494096 1.571270 3.995085 3.725542 1.816495 39.596601 -1.625509 0.655319
Car -1 -1 -10 647.000000 180.000000 675.000000 206.000000 1.459241 1.470218 3.654132 3.563330 2.107573 40.282760 1.106353 0.132967
Car -1 -1 -10 745.000000 179.000000 952.000000 338.000000 1.437032 1.563850 3.871550 2.728297 1.508359 6.096616 -1.349222 0.046647
Car -1 -1 -10 418.000000 180.000000 478.000000 257.000000 1.423956 1.586995 3.638967 -4.605710 1.371002 20.155100 -1.754144 0.013782
Cyclist -1 -1 -10 416.000000 173.000000 437.000000 245.000000 1.606083 0.605629 0.536810 -4.395149 1.447578 17.585643 -1.798019 0.073155
Cyclist -1 -1 -10 407.000000 178.000000 465.000000 241.000000 1.726466 0.481219 1.611011 -4.796949 1.442002 19.541259 -1.788447 0.042015
Cyclist -1 -1 -10 369.000000 182.000000 453.000000 233.000000 1.752812 0.579793 0.644045 -4.853643 1.387776 20.833244 -1.856194 0.032326
Cyclist -1 -1 -10 406.000000 178.000000 426.000000 240.000000 1.613382 0.592288 0.517562 -4.496046 1.557373 17.566145 -1.798520 0.026247
Cyclist -1 -1 -10 426.000000 173.000000 442.000000 247.000000 1.726480 0.518027 1.653541 -4.471587 1.451243 17.577146 -1.808995 0.024695
Cyclist -1 -1 -10 390.000000 180.000000 411.000000 238.000000 1.585985 0.574645 0.615151 -5.108176 1.543614 17.358846 -1.816749 0.015649
