Pedestrian -1 -1 -10 826.000000 173.000000 846.000000 224.000000 1.835928 0.617132 0.677784 1.052404 1.690278 5.647212 1.947795 0.024593
Pedestrian -1 -1 -10 817.000000 172.000000 835.000000 227.000000 1.498738 1.493193 3.740057 4.441676 2.950573 19.464310 1.853484 0.010922
Car -1 -1 -10 324.000000 188.000000 454.000000 264.000000 1.518745 1.539624 3.717921 -4.721329 1.976788 15.408742 1.705126 0.999256
Car -1 -1 -10 484.000000 180.000000 534.000000 216.000000 1.524407 1.580864 3.760125 -4.369785 1.839536 31.959591 1.594781 0.998998
Car -1 -1 -10 761.000000 186.000000 979.000000 305.000000 1.444815 1.627859 4.098648 3.852974 1.641827 9.496314 1.435323 0.998329
Car -1 -1 -10 145.000000 192.000000 384.000000 320.000000 1.465713 1.600239 3.771028 -4.707677 1.866174 10.299330 1.562977 0.998092
Car -1 -1 -10 727.000000 182.000000 845.000000 259.000000 1.448488 1.538995 3.874630 4.051857 1.701275 15.380539 -1.476396 0.995887
Car -1 -1 -10 886.000000 194.000000 1242.000000 373.000000 1.452579 1.603098 4.040031 3.990507 1.551017 4.844578 1.547365 0.990621
Car -1 -1 -10 707.000000 179.000000 783.000000 236.000000 1.462200 1.535012 3.808280 4.310497 1.768630 21.163494 -1.502528 0.989399
Car -1 -1 -10 510.000000 179.000000 551.000000 210.000000 1.479251 1.543800 3.755224 -4.078022 1.810704 36.005178 1.640932 0.963900
Car -1 -1 -10 690.000000 178.000000 743.000000 222.000000 1.441718 1.506359 3.721339 4.518221 1.827002 26.991667 -1.518002 0.944339
Car -1 -1 -10 0.000000 203.000000 191.000000 378.000000 1.492388 1.623448 3.751177 -4.817010 1.853714 5.442487 1.571644 0.868945
Car -1 -1 -10 1030.000000 172.000000 1162.000000 231.000000 1.472648 1.560938 3.779725 13.805221 1.446889 20.082204 1.631885 0.276283
Car -1 -1 -10 951.000000 175.000000 1038.000000 209.000000 1.484854 1.654648 3.586904 17.208558 1.694581 31.431460 2.055363 0.230292
Car -1 -1 -10 1128.000000 176.000000 1241.000000 236.000000 1.506845 1.468931 3.570164 14.911786 1.410264 19.446183 -0.896569 0.115274
Car -1 -1 -10 878.000000 181.000000 927.000000 217.000000 1.484843 1.618745 4.123743 12.466968 1.401582 28.742974 1.406389 0.025476
Cyclist -1 -1 -10 827.000000 177.000000 846.000000 224.000000 1.849290 0.609864 0.702290 1.085094 1.712227 6.002962 1.944309 0.106028
Cyclist -1 -1 -10 814.000000 174.000000 856.000000 222.000000 1.485869 1.580019 3.421986 1.106202 1.562509 6.161670 1.939164 0.026108
