Pedestrian -1 -1 -10 398.000000 182.000000 410.000000 216.000000 1.629178 0.610956 0.660213 -9.707289 2.333999 34.238175 -1.828052 0.784502
Pedestrian -1 -1 -10 410.000000 179.000000 424.000000 213.000000 1.677932 0.600719 0.607405 -9.409512 1.898519 34.689124 -1.842010 0.725154
Pedestrian -1 -1 -10 -5.000000 189.000000 181.000000 381.000000 1.611359 0.602476 0.706609 -2.861481 1.814921 4.109380 -2.155104 0.321867
Pedestrian -1 -1 -10 404.000000 180.000000 419.000000 218.000000 1.484312 1.525724 3.797878 -6.537072 3.078855 18.645255 1.296880 0.072901
Car -1 -1 -10 611.000000 181.000000 684.000000 239.000000 1.496019 1.576737 3.814711 1.210486 1.769458 22.004931 -1.589780 0.999086
Car -1 -1 -10 403.000000 191.000000 454.000000 232.000000 1.501206 1.575219 3.740074 -6.782911 2.158810 27.203425 -1.745312 0.998146
Car -1 -1 -10 97.000000 197.000000 347.000000 324.000000 1.500593 1.529324 3.521051 -3.560365 1.486944 5.107814 -2.048778 0.995182
Car -1 -1 -10 584.000000 182.000000 625.000000 218.000000 1.433218 1.575331 3.792862 0.138778 1.848239 31.851901 -1.614905 0.964269
Car -1 -1 -10 967.000000 176.000000 1237.000000 377.000000 1.545458 1.621023 3.627701 3.072137 1.724145 3.327830 -0.952744 0.859065
Car -1 -1 -10 425.000000 184.000000 470.000000 219.000000 1.524414 1.603801 3.574971 -7.411352 2.273844 35.275027 -1.736755 0.841961
Car -1 -1 -10 32.000000 192.000000 261.000000 357.000000 1.459665 1.591031 3.563887 -3.506037 1.557980 4.726076 -2.116751 0.065421
Car -1 -1 -10 444.000000 185.000000 478.000000 212.000000 1.498214 1.564154 3.698047 -7.566318 2.076159 35.734729 -1.676714 0.014021
Cyclist -1 -1 -10 -5.000000 186.000000 215.000000 379.000000 1.649112 0.602452 0.717567 -2.876604 1.789789 4.129855 -2.138138 0.996620
Cyclist -1 -1 -10 56.000000 196.000000 297.000000 346.000000 1.730739 0.490381 1.597808 -2.996368 1.711099 4.185668 -2.087096 0.116166
Cyclist -1 -1 -10 -2.000000 207.000000 103.000000 380.000000 1.818277 0.594356 0.713655 -1.907167 1.188716 2.044637 0.972470 0.082782
