Car -1 -1 -10 748.000000 177.000000 1025.000000 364.000000 1.501720 1.575131 4.007012 3.041277 1.599884 7.708396 -1.716724 0.999398
Car -1 -1 -10 376.000000 197.000000 486.000000 279.000000 1.439459 1.581659 3.733225 -3.669383 2.072735 14.417765 1.445716 0.997411
Car -1 -1 -10 692.000000 181.000000 822.000000 272.000000 1.439572 1.544584 3.884135 2.997115 1.706958 13.856835 -1.533287 0.994588
Car -1 -1 -10 174.000000 200.000000 432.000000 362.000000 1.513280 1.620270 3.748435 -3.708588 2.002034 9.014881 1.615130 0.992365
Car -1 -1 -10 920.000000 191.000000 1250.000000 376.000000 1.489879 1.593372 3.693778 3.361341 1.550104 3.200254 1.576718 0.991360
Car -1 -1 -10 678.000000 179.000000 755.000000 240.000000 1.469017 1.519651 3.771364 3.292112 1.803749 20.373405 -1.557680 0.980425
Car -1 -1 -10 469.000000 187.000000 528.000000 233.000000 1.444008 1.577026 3.705199 -3.782421 2.166790 24.801931 1.578650 0.901581
Car -1 -1 -10 666.000000 178.000000 723.000000 228.000000 1.462339 1.604594 3.888266 3.115003 1.936999 24.754526 -1.558721 0.893468
Car -1 -1 -10 433.000000 188.000000 498.000000 250.000000 1.448565 1.522889 3.716519 -4.091585 2.078669 19.743017 1.806127 0.869237
Car -1 -1 -10 630.000000 178.000000 666.000000 204.000000 1.525038 1.623058 3.738562 2.569313 1.944218 46.759438 -1.524497 0.569432
Cyclist -1 -1 -10 892.000000 193.000000 1245.000000 377.000000 1.630317 0.592542 0.584457 2.530140 1.736462 2.996812 -1.006856 0.012601
