Car -1 -1 -10 760.000000 184.000000 1075.000000 372.000000 1.476040 1.582244 3.952707 3.074330 1.584826 6.937769 -1.692431 0.999697
Car -1 -1 -10 653.000000 173.000000 698.000000 207.000000 1.446710 1.597348 3.852631 2.854437 1.419986 30.277130 -1.559490 0.999051
Car -1 -1 -10 682.000000 164.000000 780.000000 247.000000 1.490116 1.571983 3.916276 3.063385 1.514728 16.676021 -1.517296 0.986778
Car -1 -1 -10 383.000000 169.000000 512.000000 211.000000 1.430039 1.554385 3.741718 -5.847585 1.129864 29.727625 0.794748 0.986209
Car -1 -1 -10 185.000000 173.000000 432.000000 251.000000 1.449693 1.552070 3.965419 -6.310826 1.371719 16.184155 -3.135482 0.968217
Car -1 -1 -10 992.000000 212.000000 1247.000000 374.000000 1.498464 1.638385 3.680347 2.856114 1.622847 2.425958 1.635256 0.688036
Car -1 -1 -10 432.000000 167.000000 522.000000 201.000000 1.533137 1.594183 4.005245 -6.269495 0.980187 36.112248 1.911651 0.405305
Car -1 -1 -10 -4.000000 172.000000 316.000000 276.000000 1.574031 1.618770 4.060061 -7.375613 1.407389 11.719313 -3.194018 0.146805
Car -1 -1 -10 313.000000 169.000000 470.000000 229.000000 1.562753 1.574395 3.819074 -6.106605 1.239773 21.470698 -1.415513 0.050605
Car -1 -1 -10 149.000000 181.000000 361.000000 277.000000 1.511423 1.604417 3.804095 -6.485621 1.621030 12.377952 -2.005575 0.035172
Car -1 -1 -10 3.000000 175.000000 148.000000 230.000000 1.491174 1.584309 3.749631 -13.774548 0.926513 19.281790 1.456188 0.029544
