Car -1 -1 -10 593.000000 192.000000 747.000000 283.000000 1.455413 1.607869 3.974977 1.222583 1.807702 12.781192 1.202537 0.999880
Car -1 -1 -10 308.000000 186.000000 351.000000 217.000000 1.510887 1.610813 3.813237 -15.932188 2.393005 40.437319 -1.903105 0.998979
Car -1 -1 -10 488.000000 183.000000 546.000000 224.000000 1.434320 1.561738 3.871569 -3.638148 1.836516 27.810705 -1.792439 0.998864
Car -1 -1 -10 40.000000 207.000000 217.000000 318.000000 1.476984 1.510584 3.716853 -7.066494 2.064540 9.479308 1.469415 0.992750
Car -1 -1 -10 478.000000 183.000000 524.000000 216.000000 1.456607 1.597789 3.799432 -4.720553 1.817107 32.560864 -1.727740 0.933334
Car -1 -1 -10 93.000000 192.000000 173.000000 220.000000 1.495604 1.594914 3.780930 -21.238317 2.006787 32.686417 1.502136 0.873119
Car -1 -1 -10 -2.000000 218.000000 141.000000 370.000000 1.482417 1.622640 3.683241 -5.862882 2.124307 6.658246 1.420138 0.864422
Car -1 -1 -10 664.000000 166.000000 775.000000 210.000000 1.476600 1.662625 3.988554 4.486979 1.307831 29.227085 -2.512666 0.846593
Car -1 -1 -10 617.000000 176.000000 703.000000 205.000000 1.610748 1.700305 3.990140 2.283474 1.425368 35.314312 -0.003143 0.452794
Car -1 -1 -10 327.000000 184.000000 359.000000 212.000000 1.489233 1.566865 3.787954 -15.801648 2.429270 40.498763 1.707074 0.330327
Car -1 -1 -10 764.000000 111.000000 1247.000000 372.000000 1.585073 1.637410 4.099640 3.216099 1.368002 5.569673 -1.692982 0.194056
