Pedestrian -1 -1 -10 110.000000 173.000000 169.000000 339.000000 1.650110 0.599836 0.706385 -5.492948 1.927288 8.807155 -2.115880 0.975208
Pedestrian -1 -1 -10 37.000000 190.000000 95.000000 343.000000 1.817556 0.614880 0.675771 -4.683378 1.966575 4.915796 1.007015 0.951399
Pedestrian -1 -1 -10 1.000000 228.000000 202.000000 371.000000 1.886336 0.606166 0.738046 -2.313255 1.584886 2.553383 -2.196698 0.282655
Pedestrian -1 -1 -10 562.000000 175.000000 568.000000 203.000000 1.610978 0.599469 0.628197 -2.944134 2.182456 49.161715 -1.615496 0.259726
Pedestrian -1 -1 -10 573.000000 174.000000 581.000000 202.000000 1.670589 0.590981 0.720906 -2.322778 2.035367 49.606961 -1.578829 0.070530
Car -1 -1 -10 748.000000 184.000000 959.000000 333.000000 1.464653 1.591622 3.871135 2.959747 1.628656 8.652413 -1.346702 0.999733
Car -1 -1 -10 452.000000 181.000000 511.000000 228.000000 1.544902 1.602879 3.742004 -5.018799 1.935631 27.879844 1.776085 0.999385
Car -1 -1 -10 662.000000 175.000000 721.000000 225.000000 1.485070 1.553956 3.782005 2.952578 1.614138 24.518330 -1.520884 0.999105
Car -1 -1 -10 284.000000 179.000000 447.000000 286.000000 1.612636 1.611961 3.782748 -4.572842 1.869767 13.700647 -1.414405 0.997250
Car -1 -1 -10 509.000000 182.000000 541.000000 209.000000 1.558690 1.640185 3.875413 -5.536162 2.422559 43.048185 1.440312 0.993621
Car -1 -1 -10 -1.000000 226.000000 228.000000 376.000000 1.508678 1.607744 3.784047 -4.050338 1.880586 4.680953 -2.119714 0.958262
Car -1 -1 -10 21.000000 210.000000 127.000000 363.000000 1.471188 1.672455 3.489207 -2.836210 1.109242 3.091658 0.999231 0.106084
Car -1 -1 -10 86.000000 195.000000 203.000000 366.000000 1.492961 1.599499 3.745303 -4.057201 2.135958 5.345180 1.534678 0.032833
Cyclist -1 -1 -10 -3.000000 225.000000 198.000000 362.000000 1.891625 0.592879 0.777722 -2.517220 1.639997 2.642849 1.022717 0.064013
Cyclist -1 -1 -10 573.000000 174.000000 581.000000 202.000000 1.669069 0.578710 0.732049 -2.328679 1.993244 49.679584 -1.580715 0.028341
Cyclist -1 -1 -10 102.000000 181.000000 189.000000 364.000000 1.626255 0.574254 0.639548 -3.557616 2.258743 5.244892 -2.107979 0.013904
