Pedestrian -1 -1 -10 326.000000 180.000000 338.000000 215.000000 1.620125 0.602119 0.636226 -15.172721 2.186816 39.385733 -1.921684 0.189786
Pedestrian -1 -1 -10 333.000000 180.000000 345.000000 213.000000 1.632252 0.595470 0.686302 -14.842042 1.944666 39.841891 -1.899792 0.033222
Pedestrian -1 -1 -10 464.000000 170.000000 476.000000 203.000000 1.682008 0.617170 0.768729 -6.896478 1.432737 35.785793 1.846204 0.015686
Pedestrian -1 -1 -10 571.000000 168.000000 588.000000 195.000000 1.693945 0.596859 0.733570 -1.552679 1.091710 44.662580 -1.561625 0.012706
Car -1 -1 -10 494.000000 175.000000 543.000000 212.000000 1.486079 1.583173 3.702762 -3.743590 1.257589 30.013629 -1.584125 0.997939
Car -1 -1 -10 1099.000000 134.000000 1224.000000 203.000000 1.576599 1.626981 3.707619 5.648183 1.206141 8.220135 -0.979799 0.128830
Car -1 -1 -10 922.000000 151.000000 1006.000000 176.000000 1.609545 1.681601 3.976154 23.585447 -0.039630 45.371589 3.080048 0.011595
Cyclist -1 -1 -10 347.000000 175.000000 381.000000 220.000000 1.718848 0.522607 1.723907 -10.161898 1.743398 29.558303 -1.832448 0.982211
Cyclist -1 -1 -10 642.000000 162.000000 679.000000 199.000000 1.709812 0.498128 1.677987 3.159512 1.614221 37.790435 -1.468473 0.957033
Cyclist -1 -1 -10 704.000000 160.000000 745.000000 195.000000 1.697394 0.602964 1.782256 5.805380 0.725740 35.348016 1.273411 0.925788
