Pedestrian -1 -1 -10 926.000000 143.000000 1065.000000 371.000000 1.671598 0.606544 0.726936 2.319386 1.568698 4.242988 -1.034660 0.997120
Pedestrian -1 -1 -10 505.000000 161.000000 563.000000 295.000000 1.682530 0.596504 0.728239 -1.042749 1.625176 9.533867 0.442545 0.993658
Pedestrian -1 -1 -10 1157.000000 191.000000 1236.000000 360.000000 1.883912 0.638499 0.731073 2.580273 1.535632 4.035506 2.328130 0.753637
Pedestrian -1 -1 -10 755.000000 160.000000 769.000000 208.000000 1.618998 0.604086 0.660560 6.199012 1.052411 27.229864 -1.326749 0.564666
Pedestrian -1 -1 -10 1029.000000 190.000000 1106.000000 341.000000 1.896368 0.606231 0.738097 1.741533 1.751045 3.607738 -1.012216 0.508513
Pedestrian -1 -1 -10 987.000000 176.000000 1091.000000 365.000000 1.644751 0.604730 0.686305 2.391624 1.597087 4.238016 -0.998777 0.207082
Pedestrian -1 -1 -10 919.000000 184.000000 949.000000 272.000000 1.647349 0.594316 0.578195 6.376320 1.333652 13.451281 -1.140054 0.079321
Pedestrian -1 -1 -10 1015.000000 179.000000 1061.000000 341.000000 1.667292 0.598748 0.604674 2.572018 1.408577 4.189341 -1.027954 0.053294
Pedestrian -1 -1 -10 937.000000 167.000000 984.000000 336.000000 1.619221 0.600706 0.675383 2.305763 1.523972 4.264026 -1.079778 0.012596
Car -1 -1 -10 303.000000 143.000000 531.000000 302.000000 1.644874 1.633338 3.878517 -2.594039 1.363763 10.849133 1.813888 0.817257
Car -1 -1 -10 500.000000 165.000000 567.000000 288.000000 1.521992 1.516975 3.696984 -0.960108 1.387935 10.994722 -1.675286 0.034516
Cyclist -1 -1 -10 1154.000000 193.000000 1238.000000 357.000000 1.900848 0.584826 0.777578 2.061139 1.588729 3.269767 2.294027 0.063281
Cyclist -1 -1 -10 505.000000 168.000000 570.000000 287.000000 1.641892 0.609820 0.700249 -1.010941 1.565284 9.632480 -1.633856 0.018305
