Pedestrian -1 -1 -10 893.000000 134.000000 975.000000 298.000000 1.693646 0.610986 0.751800 3.866768 1.407195 8.176911 -1.099482 0.998177
Pedestrian -1 -1 -10 477.000000 157.000000 545.000000 312.000000 1.712514 0.607911 0.770758 -1.211024 1.638440 7.828294 -1.661074 0.985842
Pedestrian -1 -1 -10 502.000000 167.000000 556.000000 286.000000 1.676796 0.591699 0.614345 -1.115167 1.656887 8.623132 -1.614793 0.918769
Pedestrian -1 -1 -10 1148.000000 137.000000 1228.000000 309.000000 1.684674 0.586145 0.729527 5.746468 1.454684 7.137572 -0.834528 0.671399
Pedestrian -1 -1 -10 688.000000 172.000000 715.000000 233.000000 1.610832 0.601517 0.569813 2.444609 1.458799 17.522160 -1.422672 0.275560
Pedestrian -1 -1 -10 718.000000 173.000000 740.000000 221.000000 1.589322 0.587298 0.550728 4.096187 1.136899 21.066028 -1.384575 0.176718
Pedestrian -1 -1 -10 573.000000 163.000000 591.000000 222.000000 1.683853 0.601459 0.723921 -0.578738 1.345231 21.172590 -1.557900 0.171824
Pedestrian -1 -1 -10 384.000000 150.000000 393.000000 193.000000 1.639700 0.583879 0.521099 -8.243046 0.251930 27.919985 -1.829523 0.168623
Pedestrian -1 -1 -10 510.000000 167.000000 535.000000 250.000000 1.616504 0.604994 0.648546 -1.943242 1.344261 17.035171 -1.655892 0.050185
Pedestrian -1 -1 -10 631.000000 161.000000 648.000000 199.000000 1.749960 0.615721 0.631294 1.616867 0.837100 30.208516 -1.502448 0.049644
Pedestrian -1 -1 -10 386.000000 151.000000 402.000000 202.000000 1.654152 0.605441 0.612027 -8.739871 0.145934 30.054623 -1.857129 0.034223
Pedestrian -1 -1 -10 477.000000 162.000000 513.000000 242.000000 1.608386 0.598223 0.627640 -2.045992 1.058186 17.409682 -1.709583 0.025322
Pedestrian -1 -1 -10 598.000000 164.000000 617.000000 224.000000 1.672464 0.604115 0.720030 0.195193 1.364035 21.047762 -1.520610 0.024765
Pedestrian -1 -1 -10 432.000000 157.000000 517.000000 223.000000 1.761824 0.615378 0.713786 -4.490895 1.346405 21.483989 0.368364 0.017935
Pedestrian -1 -1 -10 503.000000 166.000000 526.000000 224.000000 1.658923 0.590867 0.603923 -3.556575 1.450315 28.266512 -1.689044 0.015180
Pedestrian -1 -1 -10 670.000000 172.000000 686.000000 211.000000 1.636554 0.603703 0.605365 3.475122 0.928617 31.317367 -1.460820 0.013756
Pedestrian -1 -1 -10 1205.000000 126.000000 1231.000000 182.000000 1.723975 0.589063 0.608012 15.353118 -0.106396 17.383529 -0.870624 0.013452
Pedestrian -1 -1 -10 930.000000 157.000000 972.000000 225.000000 1.649523 0.599221 0.548589 8.326657 0.926191 15.933334 -1.122217 0.011609
Car -1 -1 -10 3.000000 151.000000 429.000000 374.000000 1.539098 1.591302 3.751027 -2.702194 1.447057 5.388485 1.568557 0.982665
Car -1 -1 -10 374.000000 156.000000 469.000000 230.000000 1.596377 1.593165 3.858800 -5.124949 1.063929 20.513665 1.731779 0.908234
Car -1 -1 -10 405.000000 159.000000 498.000000 219.000000 1.554488 1.583884 3.769687 -4.964924 0.916736 22.150007 -1.669961 0.066118
Car -1 -1 -10 246.000000 164.000000 418.000000 276.000000 1.456288 1.625047 3.667230 -3.894341 2.344528 15.271489 -1.923909 0.010102
Cyclist -1 -1 -10 496.000000 171.000000 541.000000 255.000000 1.810741 0.589871 0.663960 -1.005049 1.342461 4.202432 1.519655 0.033347
Cyclist -1 -1 -10 474.000000 160.000000 546.000000 307.000000 1.697252 0.593621 0.769419 -1.200181 1.585292 7.829683 -1.671593 0.027162
Cyclist -1 -1 -10 503.000000 167.000000 558.000000 288.000000 1.670862 0.588718 0.599856 -1.125332 1.592472 8.679500 -1.615051 0.020772
Cyclist -1 -1 -10 503.000000 166.000000 526.000000 224.000000 1.671095 0.577662 0.619296 -3.625330 1.346469 28.333798 -1.698132 0.014499
Cyclist -1 -1 -10 1142.000000 135.000000 1229.000000 306.000000 1.725520 0.524906 1.705836 5.888252 1.405642 7.338209 -0.855818 0.010598
