Pedestrian -1 -1 -10 272.000000 140.000000 393.000000 373.000000 1.686721 0.599383 0.749178 -1.741058 1.618309 4.519492 -1.889761 0.997896
Pedestrian -1 -1 -10 1.000000 170.000000 91.000000 373.000000 1.630915 0.603896 0.645221 -3.340414 1.739417 4.092059 -2.211861 0.572822
Pedestrian -1 -1 -10 289.000000 170.000000 315.000000 225.000000 1.627535 0.599553 0.653602 -9.732160 1.399706 23.330484 -1.946291 0.222806
Pedestrian -1 -1 -10 294.000000 172.000000 306.000000 221.000000 1.599217 0.605278 0.592083 -10.013986 1.320447 23.899345 -1.933888 0.114613
Pedestrian -1 -1 -10 287.000000 159.000000 319.000000 257.000000 1.504448 1.538834 3.757252 -7.176293 2.330003 14.241554 1.177389 0.071783
Pedestrian -1 -1 -10 299.000000 173.000000 310.000000 219.000000 1.637289 0.608527 0.624428 -9.903411 1.372000 23.579359 -1.945696 0.051239
Pedestrian -1 -1 -10 280.000000 156.000000 358.000000 307.000000 1.618955 0.600695 0.658992 -1.734461 1.418384 4.526641 -1.924580 0.017922
Pedestrian -1 -1 -10 300.000000 172.000000 326.000000 215.000000 1.880259 0.670930 0.885215 -4.010084 2.216740 7.531984 1.233891 0.011576
Car -1 -1 -10 359.000000 187.000000 644.000000 314.000000 1.534596 1.691966 3.995651 -1.415459 1.591238 10.092892 -0.658464 0.999213
Car -1 -1 -10 272.000000 152.000000 401.000000 370.000000 1.528091 1.583241 3.638289 -2.252879 1.443576 5.411769 -1.888179 0.010399
Cyclist -1 -1 -10 1.000000 173.000000 92.000000 374.000000 1.615831 0.599445 0.646250 -3.302916 1.722837 4.083792 -2.214005 0.082145
Cyclist -1 -1 -10 290.000000 171.000000 318.000000 229.000000 1.512293 1.567011 3.785782 -7.185489 2.298247 14.302449 1.177068 0.051365
Cyclist -1 -1 -10 262.000000 147.000000 393.000000 373.000000 1.690269 0.593215 0.764464 -1.761065 1.577980 4.561474 -1.901296 0.021660
Cyclist -1 -1 -10 284.000000 162.000000 323.000000 262.000000 1.526912 1.552105 3.712596 -6.402447 1.530883 13.491306 1.215661 0.017348
