Pedestrian -1 -1 -10 500.000000 174.000000 518.000000 224.000000 1.683725 0.595735 0.728101 -3.525871 2.008953 25.319038 -1.657780 0.122148
Pedestrian -1 -1 -10 708.000000 159.000000 726.000000 212.000000 1.653872 0.621111 0.709119 4.006743 1.528439 26.863824 -1.389743 0.076366
Pedestrian -1 -1 -10 365.000000 182.000000 373.000000 212.000000 1.602231 0.597502 0.567267 -8.283975 1.829189 25.470295 -1.878343 0.059927
Pedestrian -1 -1 -10 364.000000 182.000000 391.000000 227.000000 1.605446 0.576967 0.544869 -8.124701 1.950295 24.832522 -1.848137 0.015004
Pedestrian -1 -1 -10 411.000000 178.000000 448.000000 229.000000 1.633798 0.594805 0.547751 -5.216109 1.791999 20.847758 -1.774461 0.010631
Car -1 -1 -10 637.000000 175.000000 672.000000 201.000000 1.471798 1.545052 3.782755 2.932982 1.615408 39.460310 1.060467 0.964688
Car -1 -1 -10 1.000000 212.000000 127.000000 374.000000 1.493817 1.614473 3.714848 -5.145969 1.831317 5.452993 -2.177132 0.538366
Car -1 -1 -10 489.000000 179.000000 530.000000 211.000000 1.604090 1.570607 3.857779 -5.388977 2.208791 38.246376 1.470285 0.317335
Car -1 -1 -10 369.000000 189.000000 459.000000 247.000000 1.510812 1.599004 3.839390 -5.723274 2.062651 20.143358 1.862554 0.280081
Car -1 -1 -10 406.000000 182.000000 450.000000 231.000000 1.464049 1.580547 3.687054 -5.576157 1.571640 21.450922 1.337158 0.019313
Car -1 -1 -10 360.000000 188.000000 411.000000 237.000000 1.461169 1.567993 3.829895 -7.426397 2.050280 24.198127 0.722771 0.010582
Cyclist -1 -1 -10 396.000000 176.000000 457.000000 293.000000 1.726001 0.601613 0.761400 -2.846621 2.016363 11.510064 -1.780545 0.999583
Cyclist -1 -1 -10 339.000000 179.000000 410.000000 301.000000 1.696698 0.572348 0.745890 -3.481030 1.990335 11.065730 -1.833437 0.999460
Cyclist -1 -1 -10 499.000000 174.000000 520.000000 226.000000 1.664060 0.585746 0.743509 -3.514668 1.959822 25.324187 -1.661918 0.998274
Cyclist -1 -1 -10 377.000000 188.000000 459.000000 249.000000 1.499011 1.543593 3.729037 -5.313641 2.119168 19.081995 1.717397 0.564034
Cyclist -1 -1 -10 492.000000 178.000000 528.000000 212.000000 1.618557 0.575811 0.704131 -3.544826 1.816909 25.312636 -1.667003 0.315302
Cyclist -1 -1 -10 353.000000 188.000000 429.000000 262.000000 1.658849 0.584083 0.628549 -3.627095 2.310811 11.975834 -1.872809 0.125874
Cyclist -1 -1 -10 709.000000 160.000000 727.000000 212.000000 1.727580 0.505852 1.609061 4.026733 1.469456 26.943690 -1.383145 0.060789
Cyclist -1 -1 -10 360.000000 184.000000 399.000000 234.000000 1.449958 1.563288 3.611605 -6.127263 2.262539 19.126079 -1.872087 0.043182
Cyclist -1 -1 -10 406.000000 182.000000 450.000000 231.000000 1.686764 0.644737 0.595755 -5.390162 1.844772 20.356618 1.804827 0.028755
Cyclist -1 -1 -10 417.000000 173.000000 439.000000 242.000000 1.736874 0.579232 0.636932 -4.669382 2.377858 18.267378 -1.833875 0.010878
