Pedestrian -1 -1 -10 808.000000 163.000000 851.000000 267.000000 1.728400 0.588311 0.650108 3.621210 1.491622 11.515945 -1.196429 0.974265
Pedestrian -1 -1 -10 932.000000 144.000000 973.000000 270.000000 1.592599 0.620301 0.636385 5.282569 1.288796 10.774821 2.506281 0.281300
Pedestrian -1 -1 -10 797.000000 176.000000 829.000000 264.000000 1.757987 0.584242 0.608698 4.576162 1.112356 14.556390 -1.294779 0.208696
Pedestrian -1 -1 -10 542.000000 153.000000 551.000000 184.000000 1.636098 0.625126 0.703894 -3.223018 0.334683 45.108670 -1.611862 0.082480
Pedestrian -1 -1 -10 868.000000 149.000000 902.000000 229.000000 1.650352 0.627066 0.599307 6.765061 1.389395 16.857852 2.456948 0.078099
Pedestrian -1 -1 -10 923.000000 145.000000 955.000000 265.000000 1.629518 0.623042 0.694447 5.487645 1.250729 10.911653 1.451781 0.063450
Pedestrian -1 -1 -10 522.000000 152.000000 532.000000 186.000000 1.681065 0.645596 0.799675 -4.137970 0.532343 40.434475 -1.642102 0.060938
Pedestrian -1 -1 -10 911.000000 149.000000 940.000000 250.000000 1.622984 0.600603 0.656642 5.559842 1.083701 11.644403 0.977293 0.040543
Pedestrian -1 -1 -10 606.000000 152.000000 612.000000 181.000000 1.694645 0.622161 0.777258 0.586614 0.245659 49.087778 0.538094 0.030159
Pedestrian -1 -1 -10 963.000000 151.000000 999.000000 282.000000 1.664521 0.599562 0.691358 5.501617 1.358173 9.823589 1.033882 0.023729
Cyclist -1 -1 -10 411.000000 158.000000 484.000000 275.000000 1.718501 0.561324 0.775419 -2.336283 1.574724 10.841619 -1.721725 0.999596
Cyclist -1 -1 -10 290.000000 151.000000 390.000000 323.000000 1.704025 0.559530 0.737999 -2.891342 1.570275 8.019467 -1.864355 0.999229
Cyclist -1 -1 -10 427.000000 163.000000 458.000000 201.000000 1.708116 0.581175 1.790860 -6.910896 0.940286 29.353783 -1.744265 0.011419
