Pedestrian -1 -1 -10 669.000000 170.000000 683.000000 207.000000 1.633890 0.605536 0.688072 3.566015 1.794604 36.638286 -1.452307 0.914826
Car -1 -1 -10 755.000000 183.000000 964.000000 312.000000 1.432136 1.601242 3.957661 3.443099 1.581217 9.230043 1.412560 0.998263
Car -1 -1 -10 223.000000 185.000000 385.000000 277.000000 1.541459 1.556981 3.711703 -5.524589 1.877662 13.217653 1.629343 0.997696
Car -1 -1 -10 475.000000 179.000000 528.000000 204.000000 1.440534 1.621529 4.009547 -5.985866 1.852225 42.701603 0.851634 0.994830
Car -1 -1 -10 -7.000000 189.000000 279.000000 346.000000 1.537222 1.668250 3.727847 -5.722362 1.879439 9.012287 1.526747 0.992155
Car -1 -1 -10 845.000000 185.000000 1249.000000 372.000000 1.436024 1.635484 4.136633 3.462644 1.545909 4.094513 1.523232 0.985702
Car -1 -1 -10 238.000000 177.000000 305.000000 215.000000 1.420732 1.565804 3.684757 -14.311533 1.731838 30.990568 1.166162 0.048438
Car -1 -1 -10 827.000000 186.000000 1010.000000 358.000000 1.448475 1.579037 3.782581 3.471803 1.825085 4.776844 1.355856 0.030034
Car -1 -1 -10 302.000000 180.000000 337.000000 205.000000 1.558249 1.657159 3.682161 -14.384544 1.650740 35.569600 -1.931042 0.018202
Car -1 -1 -10 295.000000 185.000000 360.000000 226.000000 1.508830 1.633706 3.964134 -10.719474 1.351785 28.845225 0.746616 0.010606
