Pedestrian -1 -1 -10 700.000000 164.000000 710.000000 192.000000 1.709232 0.617519 0.704785 6.759847 1.634823 49.173706 -1.406648 0.084622
Car -1 -1 -10 771.000000 176.000000 842.000000 241.000000 1.472627 1.577440 3.785776 5.341952 1.654667 19.133707 -1.365914 0.999551
Car -1 -1 -10 617.000000 166.000000 665.000000 208.000000 1.532455 1.617456 3.882007 1.641727 1.418258 31.816999 -1.462255 0.999496
Car -1 -1 -10 448.000000 173.000000 594.000000 281.000000 1.538794 1.581057 3.770248 -1.453874 1.557124 12.302812 -1.634845 0.999070
Car -1 -1 -10 -10.000000 176.000000 451.000000 372.000000 1.515251 1.667658 3.844739 -2.653675 1.590370 5.390045 1.622646 0.988311
Car -1 -1 -10 875.000000 204.000000 1241.000000 372.000000 1.439920 1.578686 3.822873 3.141533 1.527551 4.184472 1.601737 0.974316
Car -1 -1 -10 644.000000 169.000000 680.000000 200.000000 1.516558 1.599040 3.718941 2.793309 1.573336 38.458667 -1.439373 0.960512
Car -1 -1 -10 762.000000 177.000000 807.000000 226.000000 1.455755 1.550667 3.716350 5.595630 1.950816 22.382117 -1.355767 0.950329
Car -1 -1 -10 475.000000 163.000000 577.000000 225.000000 1.428191 1.541804 3.821528 -2.916303 1.185743 25.482079 2.053056 0.935248
Cyclist -1 -1 -10 700.000000 164.000000 710.000000 192.000000 1.655839 0.584831 0.727085 6.576213 1.563847 48.639330 -1.405124 0.179160
Cyclist -1 -1 -10 469.000000 162.000000 575.000000 229.000000 1.610181 0.659679 1.733640 -3.153057 1.225988 19.423332 1.959145 0.012060
