Car -1 -1 -10 750.000000 183.000000 908.000000 297.000000 1.450172 1.588474 3.926214 3.616351 1.578788 11.564201 -1.404403 0.999626
Car -1 -1 -10 680.000000 183.000000 730.000000 219.000000 1.436323 1.586626 3.811588 4.100833 1.882268 30.201896 -1.528353 0.997176
Car -1 -1 -10 209.000000 185.000000 421.000000 257.000000 1.537214 1.653549 3.997105 -6.181963 1.724293 15.853265 -3.078755 0.996107
Car -1 -1 -10 -10.000000 183.000000 329.000000 333.000000 1.525253 1.690528 4.115267 -5.537586 1.673137 8.801982 0.431750 0.995274
Car -1 -1 -10 385.000000 180.000000 510.000000 228.000000 1.512946 1.602063 3.901168 -4.788304 1.780304 24.231512 1.489288 0.992925
Car -1 -1 -10 712.000000 179.000000 821.000000 256.000000 1.469361 1.555444 3.888028 3.904945 1.704126 16.321227 -1.517394 0.987451
Car -1 -1 -10 319.000000 182.000000 471.000000 237.000000 1.542177 1.597808 3.947748 -5.878935 1.650080 21.636679 -2.997101 0.979210
Car -1 -1 -10 427.000000 178.000000 537.000000 219.000000 1.525204 1.587369 3.959264 -4.753603 1.706524 29.828509 0.857942 0.645722
Car -1 -1 -10 473.000000 178.000000 554.000000 211.000000 1.514881 1.585946 3.766772 -4.431162 1.794956 35.923916 -1.123501 0.320054
Car -1 -1 -10 711.000000 179.000000 778.000000 226.000000 1.543172 1.613801 3.691203 4.306872 1.979465 29.704830 -1.354195 0.067196
Car -1 -1 -10 6.000000 185.000000 154.000000 338.000000 1.460679 1.590232 3.788723 -6.055202 1.554847 8.662033 -2.149734 0.047020
