Pedestrian -1 -1 -10 350.000000 164.000000 386.000000 257.000000 1.682952 0.607035 0.722110 -4.605080 1.604241 14.308694 0.213969 0.977108
Pedestrian -1 -1 -10 476.000000 183.000000 507.000000 254.000000 1.613941 0.615537 0.620180 -2.294960 1.812053 14.479790 -1.692744 0.591133
Pedestrian -1 -1 -10 445.000000 187.000000 475.000000 254.000000 1.657551 0.578979 0.693061 -2.800475 1.846145 14.164509 -1.718423 0.324570
Pedestrian -1 -1 -10 1120.000000 128.000000 1154.000000 231.000000 1.673405 0.601513 0.668768 10.943018 0.907028 14.578918 2.657751 0.150606
Pedestrian -1 -1 -10 1103.000000 129.000000 1137.000000 231.000000 1.722937 0.601399 0.609236 10.736707 0.970665 14.648699 -0.931320 0.076550
Pedestrian -1 -1 -10 466.000000 186.000000 494.000000 249.000000 1.611817 0.585147 0.606610 -2.679751 1.646861 15.565652 -1.696792 0.065551
Pedestrian -1 -1 -10 1090.000000 130.000000 1124.000000 230.000000 1.640452 0.619797 0.648451 12.060628 0.968196 17.445959 -0.951440 0.059103
Car -1 -1 -10 728.000000 152.000000 913.000000 292.000000 1.543228 1.601895 3.972197 3.463326 1.184370 11.160073 -1.404931 0.969015
Car -1 -1 -10 967.000000 206.000000 1234.000000 372.000000 1.546374 1.645639 3.824381 3.366430 1.592708 4.658684 1.693539 0.191117
Cyclist -1 -1 -10 978.000000 201.000000 1216.000000 373.000000 1.628343 0.602918 0.594935 2.761191 1.860332 4.048556 -0.981727 0.537004
