Car -1 -1 -10 674.000000 176.000000 744.000000 222.000000 1.444892 1.583081 3.871879 3.358310 1.541102 23.790876 -1.572403 0.998516
Car -1 -1 -10 368.000000 192.000000 453.000000 244.000000 1.502323 1.576433 3.780532 -6.108344 2.143353 21.835914 1.684393 0.997866
Car -1 -1 -10 436.000000 188.000000 493.000000 226.000000 1.495962 1.562210 3.754057 -6.030067 2.235543 29.177156 1.755152 0.996665
Car -1 -1 -10 869.000000 146.000000 1063.000000 213.000000 1.539141 1.663824 4.039067 9.354201 0.830117 19.581352 1.528268 0.996334
Car -1 -1 -10 269.000000 197.000000 401.000000 274.000000 1.478148 1.558240 3.714347 -5.999652 2.125046 15.954294 1.634938 0.991704
Car -1 -1 -10 89.000000 207.000000 316.000000 329.000000 1.490348 1.610782 3.685299 -6.127523 2.084919 10.853207 1.520835 0.910109
Car -1 -1 -10 6.000000 223.000000 145.000000 372.000000 1.489696 1.596890 3.826124 -6.193448 1.935384 6.958745 -2.183260 0.848288
Car -1 -1 -10 661.000000 176.000000 715.000000 213.000000 1.414491 1.554158 3.779560 3.362546 1.508665 29.158751 -1.562097 0.748074
Car -1 -1 -10 794.000000 156.000000 948.000000 204.000000 1.571396 1.697859 3.965879 9.789518 0.424160 30.740691 1.925458 0.442146
Car -1 -1 -10 649.000000 178.000000 688.000000 205.000000 1.441434 1.558995 3.700644 3.143735 1.896338 39.435785 -1.483975 0.384173
Car -1 -1 -10 466.000000 186.000000 513.000000 217.000000 1.434491 1.534326 3.606147 -5.713788 2.578733 34.428510 -1.700399 0.151693
Car -1 -1 -10 215.000000 210.000000 320.000000 270.000000 1.500448 1.625011 3.858184 -6.983603 1.838333 14.116559 1.605255 0.044203
Car -1 -1 -10 235.000000 223.000000 297.000000 255.000000 1.590215 1.627115 3.306834 -5.482209 2.275118 9.073456 1.246615 0.016215
Car -1 -1 -10 1191.000000 129.000000 1241.000000 179.000000 1.447005 1.572045 3.694586 24.061468 0.370033 28.403921 -0.937982 0.012649
