Pedestrian -1 -1 -10 2.000000 159.000000 103.000000 369.000000 1.732022 0.566553 0.738800 -4.666046 1.782421 5.725097 -0.110966 0.018626
Car -1 -1 -10 779.000000 193.000000 1079.000000 376.000000 1.482943 1.603812 3.924985 3.256588 1.698093 7.225601 -1.663366 0.999468
Car -1 -1 -10 675.000000 183.000000 756.000000 243.000000 1.457540 1.569841 3.805958 3.101733 1.800890 19.623136 -1.521101 0.999418
Car -1 -1 -10 17.000000 170.000000 347.000000 298.000000 1.614806 1.646836 4.062841 -6.049872 1.604263 10.691893 -3.256074 0.997266
Car -1 -1 -10 231.000000 175.000000 443.000000 243.000000 1.522421 1.646656 4.111256 -6.522353 1.654126 18.581193 -3.063526 0.977835
Car -1 -1 -10 653.000000 176.000000 697.000000 217.000000 1.450133 1.562083 3.871148 2.978900 1.719167 30.386957 -1.561142 0.962861
Car -1 -1 -10 420.000000 178.000000 511.000000 216.000000 1.527395 1.581199 3.723684 -5.342950 1.740833 29.733000 1.870810 0.877822
Car -1 -1 -10 1000.000000 216.000000 1247.000000 369.000000 1.470878 1.523579 3.624931 3.443077 1.743340 3.865588 1.646238 0.782319
Car -1 -1 -10 308.000000 169.000000 486.000000 228.000000 1.630549 1.678676 4.039804 -6.117542 1.499571 23.454887 -3.013788 0.580605
Car -1 -1 -10 163.000000 180.000000 355.000000 263.000000 1.521527 1.572543 3.667984 -6.055889 1.632097 14.152302 -1.991994 0.575191
Car -1 -1 -10 2.000000 165.000000 132.000000 360.000000 1.502952 1.631762 3.764015 -5.590518 1.620011 6.224626 -2.871959 0.481262
