Pedestrian -1 -1 -10 2.000000 166.000000 151.000000 373.000000 1.638261 0.607451 0.644556 -3.147378 1.695004 4.523366 -0.075237 0.995357
Pedestrian -1 -1 -10 294.000000 163.000000 357.000000 332.000000 1.685455 0.608400 0.753013 -2.747118 1.726615 7.421790 -1.894584 0.992636
Pedestrian -1 -1 -10 150.000000 158.000000 241.000000 369.000000 1.657517 0.599522 0.711487 -2.667827 1.689261 4.790607 -2.050642 0.988317
Pedestrian -1 -1 -10 231.000000 170.000000 301.000000 336.000000 1.679063 0.604825 0.728480 -3.465832 1.752750 7.426175 -1.971111 0.960693
Pedestrian -1 -1 -10 188.000000 166.000000 248.000000 331.000000 1.633018 0.601624 0.673464 -2.643001 1.589613 4.758495 -2.037308 0.824710
Pedestrian -1 -1 -10 266.000000 158.000000 308.000000 302.000000 1.678056 0.599574 0.613117 -3.660478 1.677629 8.188830 -1.918570 0.820272
Pedestrian -1 -1 -10 665.000000 161.000000 685.000000 228.000000 1.676596 0.618292 0.734495 2.165410 1.438519 19.321634 2.158638 0.662455
Pedestrian -1 -1 -10 108.000000 171.000000 155.000000 298.000000 1.666613 0.599284 0.605508 -2.724155 1.475693 4.142751 -2.149900 0.653420
Pedestrian -1 -1 -10 153.000000 163.000000 209.000000 312.000000 1.610067 0.596019 0.567728 -2.911475 1.570959 5.371022 -2.055213 0.471516
Pedestrian -1 -1 -10 216.000000 171.000000 260.000000 317.000000 1.700234 0.596266 0.604008 -3.264120 1.773913 6.522805 1.589904 0.417287
Pedestrian -1 -1 -10 286.000000 175.000000 427.000000 297.000000 1.788959 0.645656 0.724485 -4.252746 1.788198 11.059701 -2.977975 0.390641
Pedestrian -1 -1 -10 525.000000 171.000000 542.000000 216.000000 1.663229 0.596818 0.718045 -2.448587 1.416744 27.212788 -1.623551 0.303427
Car -1 -1 -10 290.000000 179.000000 432.000000 287.000000 1.537400 1.575507 3.754752 -4.150076 1.644502 12.301087 1.649781 0.981815
Car -1 -1 -10 292.000000 169.000000 367.000000 319.000000 1.532595 1.583366 3.684804 -3.198112 1.546418 8.513335 -1.909310 0.022203
Cyclist -1 -1 -10 462.000000 163.000000 504.000000 244.000000 1.670572 0.604250 0.742644 -2.646952 1.503863 16.137693 -1.698260 0.999073
Cyclist -1 -1 -10 283.000000 174.000000 434.000000 298.000000 1.780133 0.661831 0.758616 -4.270543 1.704382 11.184133 -2.970929 0.055098
Cyclist -1 -1 -10 149.000000 165.000000 255.000000 345.000000 1.623278 0.603442 0.643740 -2.757224 1.612776 4.950456 -2.054852 0.038815
Cyclist -1 -1 -10 273.000000 164.000000 317.000000 300.000000 1.671209 0.614043 0.594368 -3.411426 1.637601 8.171179 -1.929688 0.022061
Cyclist -1 -1 -10 263.000000 166.000000 363.000000 312.000000 1.696871 0.617117 0.740257 -2.980801 1.563595 7.652449 -1.931417 0.020364
Cyclist -1 -1 -10 524.000000 170.000000 543.000000 216.000000 1.653963 0.580273 0.717970 -2.310564 1.264216 27.254331 -1.625847 0.010083
