Pedestrian -1 -1 -10 119.000000 173.000000 207.000000 373.000000 1.693151 0.605647 0.754367 -3.564497 1.794849 5.878829 -2.080016 0.996178
Pedestrian -1 -1 -10 359.000000 159.000000 412.000000 315.000000 1.684923 0.606436 0.744474 -2.404740 1.680897 8.166825 -1.822374 0.990953
Pedestrian -1 -1 -10 208.000000 160.000000 314.000000 373.000000 1.720262 0.578281 0.754419 -2.258013 1.725106 4.777697 0.110656 0.989952
Pedestrian -1 -1 -10 91.000000 180.000000 159.000000 336.000000 1.650764 0.596651 0.706316 -3.586113 1.710920 5.873952 -2.121804 0.981166
Pedestrian -1 -1 -10 294.000000 162.000000 363.000000 372.000000 1.690588 0.581905 0.725092 -2.138681 1.776181 5.338691 0.193498 0.974671
Pedestrian -1 -1 -10 166.000000 172.000000 234.000000 331.000000 1.650274 0.602752 0.603031 -2.778261 1.698634 5.290598 0.061289 0.761796
Pedestrian -1 -1 -10 253.000000 165.000000 324.000000 326.000000 1.701462 0.568581 0.729968 -2.299564 1.620225 4.901911 0.145238 0.697616
Pedestrian -1 -1 -10 321.000000 163.000000 357.000000 323.000000 1.650520 0.602467 0.690840 -2.121166 1.631327 5.583790 -1.893709 0.589560
Pedestrian -1 -1 -10 198.000000 162.000000 242.000000 312.000000 1.690462 0.584165 0.627493 -4.108892 1.856624 7.238286 1.562376 0.476448
Pedestrian -1 -1 -10 535.000000 169.000000 551.000000 215.000000 1.654417 0.595568 0.708498 -2.112338 1.362755 27.603288 -1.615542 0.435230
Pedestrian -1 -1 -10 309.000000 173.000000 421.000000 282.000000 1.866498 0.637665 0.701665 -4.356306 1.777883 12.231142 -2.970434 0.302106
Pedestrian -1 -1 -10 664.000000 160.000000 686.000000 224.000000 1.666226 0.615064 0.707014 2.375293 1.395901 20.832365 2.165250 0.281730
Pedestrian -1 -1 -10 291.000000 169.000000 336.000000 327.000000 1.647123 0.576947 0.691516 -2.127592 1.662880 5.312376 -1.902908 0.179392
Pedestrian -1 -1 -10 546.000000 170.000000 562.000000 215.000000 1.660526 0.589241 0.724561 -1.841595 1.355427 27.683587 -1.590738 0.160553
Pedestrian -1 -1 -10 306.000000 174.000000 368.000000 268.000000 1.645661 0.592655 0.550688 -4.206368 1.490882 13.231308 -1.913362 0.140671
Pedestrian -1 -1 -10 262.000000 167.000000 388.000000 295.000000 1.748165 0.658373 0.704377 -3.464730 1.607501 9.394187 0.674194 0.123579
Car -1 -1 -10 325.000000 175.000000 446.000000 278.000000 1.503451 1.603779 3.810623 -4.149215 1.479302 13.638591 1.689429 0.803837
Car -1 -1 -10 353.000000 168.000000 415.000000 300.000000 1.535808 1.535904 3.532346 -2.735853 1.464729 9.400313 -1.840134 0.074383
Cyclist -1 -1 -10 478.000000 163.000000 518.000000 232.000000 1.693118 0.595184 0.761835 -2.786297 1.469697 19.142369 -1.666718 0.999231
Cyclist -1 -1 -10 332.000000 177.000000 437.000000 281.000000 1.489654 1.565276 3.704926 -4.119919 1.535735 12.838880 -1.822493 0.377076
Cyclist -1 -1 -10 356.000000 164.000000 411.000000 307.000000 1.688837 0.597922 0.757687 -2.407291 1.637885 8.186488 -1.834485 0.035019
Cyclist -1 -1 -10 323.000000 161.000000 354.000000 290.000000 1.751206 0.454111 1.603579 -4.301289 1.107485 11.199012 -1.906078 0.024855
Cyclist -1 -1 -10 272.000000 170.000000 405.000000 286.000000 1.755387 0.687444 0.636679 -3.624323 1.455551 9.836525 0.682773 0.018933
Cyclist -1 -1 -10 664.000000 161.000000 687.000000 224.000000 1.601093 0.597215 0.688392 2.397745 1.205333 21.075862 -1.443217 0.015043
Cyclist -1 -1 -10 309.000000 174.000000 365.000000 261.000000 1.666853 0.585499 0.576284 -4.295007 1.465265 13.253283 -1.921566 0.013757
Cyclist -1 -1 -10 264.000000 161.000000 369.000000 366.000000 1.743608 0.565921 0.782023 -2.320898 1.756407 5.015788 -1.898837 0.011312
Cyclist -1 -1 -10 201.000000 161.000000 251.000000 317.000000 1.698209 0.580763 0.610725 -4.014894 1.732841 7.225585 1.557096 0.011263
