Car -1 -1 -10 634.000000 181.000000 688.000000 219.000000 1.433188 1.576670 3.828676 2.337487 1.894088 29.703245 -1.593479 0.998606
Car -1 -1 -10 795.000000 180.000000 957.000000 245.000000 1.527567 1.672029 4.055863 6.612289 1.672636 17.556562 -2.264844 0.996142
Car -1 -1 -10 318.000000 183.000000 477.000000 230.000000 1.521451 1.571992 3.932831 -6.712216 1.815010 26.286773 0.690012 0.970856
Car -1 -1 -10 32.000000 194.000000 308.000000 300.000000 1.537440 1.608292 3.763263 -6.347685 1.728274 10.415369 -2.724422 0.936081
Car -1 -1 -10 -2.000000 187.000000 206.000000 333.000000 1.545750 1.620418 3.948017 -6.811360 1.666549 9.540061 -2.182914 0.775515
Car -1 -1 -10 378.000000 182.000000 491.000000 217.000000 1.460419 1.595486 3.819124 -6.997437 1.813703 31.745617 0.789063 0.688178
Car -1 -1 -10 269.000000 185.000000 430.000000 244.000000 1.491110 1.622123 3.687035 -6.310169 1.934806 19.801804 1.732247 0.556835
Car -1 -1 -10 617.000000 179.000000 660.000000 208.000000 1.522958 1.556619 3.737477 1.519996 1.979463 38.628629 -1.555309 0.360334
Car -1 -1 -10 130.000000 177.000000 367.000000 284.000000 1.603783 1.644502 3.953366 -6.037839 1.669444 13.015431 -3.173808 0.310195
Car -1 -1 -10 422.000000 182.000000 511.000000 212.000000 1.622386 1.694060 4.038080 -7.646497 1.816652 37.049519 -2.880578 0.214161
