Car -1 -1 -10 387.000000 181.000000 477.000000 238.000000 1.545216 1.610094 3.760091 -4.943993 1.402843 20.346643 -1.352397 0.999159
Car -1 -1 -10 575.000000 173.000000 629.000000 222.000000 1.484698 1.618618 3.781632 -0.224121 1.088518 25.375362 -1.586792 0.998629
Car -1 -1 -10 1.000000 149.000000 337.000000 374.000000 1.643375 1.676128 3.898980 -4.638124 1.493710 7.306057 -1.534840 0.949490
Car -1 -1 -10 508.000000 172.000000 549.000000 203.000000 1.513159 1.641254 3.810777 -4.426933 1.081377 42.211343 -1.676952 0.899471
Car -1 -1 -10 353.000000 179.000000 389.000000 206.000000 1.510749 1.628096 3.794351 -13.520400 1.220151 41.027441 -1.845022 0.410006
Car -1 -1 -10 266.000000 181.000000 344.000000 237.000000 1.511586 1.655661 3.798703 -6.553370 2.038891 13.373538 -2.043753 0.159737
Car -1 -1 -10 424.000000 176.000000 469.000000 206.000000 1.490382 1.646700 3.582468 -8.394578 0.992915 40.141147 1.347963 0.150041
Car -1 -1 -10 389.000000 180.000000 431.000000 211.000000 1.534129 1.617208 3.609511 -9.022626 1.432927 32.318869 -1.812282 0.092045
Car -1 -1 -10 203.000000 175.000000 338.000000 240.000000 1.470152 1.617796 3.391398 -2.524058 1.080627 4.052511 1.187904 0.030797
Car -1 -1 -10 577.000000 174.000000 609.000000 204.000000 1.495560 1.639918 3.582678 -1.121550 0.674370 34.985912 1.550588 0.015003
