Pedestrian -1 -1 -10 453.000000 178.000000 465.000000 204.000000 1.651514 0.571459 0.530185 -7.471773 1.688246 34.405789 1.841220 0.499947
Car -1 -1 -10 416.000000 186.000000 493.000000 240.000000 1.495106 1.568569 3.688956 -4.648929 1.992687 21.617933 1.772550 0.999392
Car -1 -1 -10 694.000000 180.000000 804.000000 263.000000 1.462313 1.559066 3.825750 2.993510 1.639631 14.719114 -1.510156 0.998800
Car -1 -1 -10 798.000000 185.000000 1100.000000 373.000000 1.472701 1.601334 4.022473 3.318080 1.677423 6.597023 1.491715 0.998269
Car -1 -1 -10 675.000000 179.000000 751.000000 238.000000 1.453380 1.551306 3.818067 3.271695 1.713171 20.770385 -1.554045 0.992100
Car -1 -1 -10 950.000000 196.000000 1247.000000 377.000000 1.471145 1.600360 3.639156 3.256448 1.592468 2.759882 1.574105 0.986839
Car -1 -1 -10 103.000000 186.000000 305.000000 252.000000 1.506465 1.619063 3.967430 -9.671048 1.844780 18.296512 0.443178 0.981558
Car -1 -1 -10 657.000000 178.000000 706.000000 218.000000 1.475782 1.531136 3.844162 3.469390 1.720356 28.914392 1.162004 0.975628
Car -1 -1 -10 457.000000 177.000000 515.000000 227.000000 1.486525 1.541758 3.658317 -4.601612 1.794828 26.754406 1.573724 0.969100
Car -1 -1 -10 491.000000 178.000000 535.000000 217.000000 1.533712 1.558996 3.593200 -4.441214 1.802464 28.623048 -1.612148 0.761690
Car -1 -1 -10 4.000000 209.000000 149.000000 378.000000 1.479935 1.614740 3.698556 -4.162287 1.950154 4.967314 -2.172384 0.435546
Cyclist -1 -1 -10 1.000000 209.000000 145.000000 375.000000 1.513865 1.639030 3.551299 -5.072048 2.011063 5.351531 1.015328 0.016945
