Pedestrian -1 -1 -10 766.000000 183.000000 805.000000 285.000000 1.621256 0.605648 0.643039 3.012104 1.957244 10.888436 1.224088 0.436614
Pedestrian -1 -1 -10 747.000000 180.000000 818.000000 258.000000 1.714016 0.613995 0.590571 3.176967 1.691091 12.685728 -1.330452 0.050989
Pedestrian -1 -1 -10 757.000000 183.000000 856.000000 276.000000 1.683986 0.598495 0.661429 2.917022 1.886894 11.159189 -1.255904 0.025665
Car -1 -1 -10 778.000000 175.000000 951.000000 308.000000 1.511940 1.597348 3.971995 3.799680 1.613506 10.679683 1.434294 0.998218
Car -1 -1 -10 196.000000 190.000000 449.000000 360.000000 1.526250 1.615423 3.693778 -3.233924 1.897812 8.512722 1.670906 0.997874
Car -1 -1 -10 692.000000 181.000000 755.000000 232.000000 1.433025 1.578987 3.917277 4.108613 1.879572 22.883532 -1.504186 0.995442
Car -1 -1 -10 910.000000 211.000000 1235.000000 371.000000 1.437338 1.583235 3.858949 4.197362 1.707493 4.821887 1.577023 0.993640
Car -1 -1 -10 551.000000 177.000000 586.000000 204.000000 1.503001 1.632370 3.891634 -2.697471 1.917408 41.110179 -1.630666 0.975444
Car -1 -1 -10 721.000000 182.000000 834.000000 251.000000 1.427277 1.552586 3.833508 4.177173 1.790830 18.533492 -1.456974 0.893945
Car -1 -1 -10 0.000000 203.000000 195.000000 378.000000 1.603158 1.660184 3.462704 -5.379265 2.066669 6.220663 1.103175 0.671114
Car -1 -1 -10 682.000000 180.000000 731.000000 219.000000 1.418116 1.566822 3.758035 4.468908 1.746992 28.835206 -1.498951 0.664496
Car -1 -1 -10 462.000000 166.000000 559.000000 244.000000 1.615912 1.610634 3.870077 -2.728061 1.613430 19.807731 -1.587928 0.595229
Car -1 -1 -10 752.000000 179.000000 866.000000 280.000000 1.490165 1.557205 3.913335 3.494224 1.627084 11.795785 -1.329314 0.273421
