Pedestrian -1 -1 -10 508.000000 172.000000 532.000000 237.000000 1.684733 0.600613 0.736387 -2.083542 1.589838 18.218465 -1.646674 0.992827
Pedestrian -1 -1 -10 201.000000 166.000000 269.000000 310.000000 1.668118 0.594490 0.494531 -4.290038 1.623462 8.790986 0.577114 0.987056
Pedestrian -1 -1 -10 565.000000 169.000000 584.000000 224.000000 1.691727 0.596641 0.748152 -1.008734 1.531941 23.116789 -1.560344 0.960235
Pedestrian -1 -1 -10 639.000000 173.000000 661.000000 231.000000 1.659602 0.601431 0.708597 1.329545 1.631958 19.910422 -1.470081 0.942196
Pedestrian -1 -1 -10 361.000000 160.000000 393.000000 255.000000 1.675072 0.602014 0.720370 -4.570494 1.441949 14.180296 -1.837576 0.934385
Pedestrian -1 -1 -10 1144.000000 140.000000 1235.000000 374.000000 1.913951 0.666352 0.844665 2.082697 1.347614 3.277854 2.310490 0.640607
Pedestrian -1 -1 -10 629.000000 167.000000 645.000000 216.000000 1.661260 0.609405 0.712173 1.432774 1.293906 26.184300 -1.483933 0.291447
Pedestrian -1 -1 -10 633.000000 169.000000 652.000000 224.000000 1.606567 0.607364 0.650340 1.394493 1.497901 19.918360 -1.489399 0.198166
Pedestrian -1 -1 -10 121.000000 172.000000 297.000000 343.000000 1.650407 0.650239 0.597609 -3.195202 1.733858 5.775100 1.529598 0.098825
Pedestrian -1 -1 -10 74.000000 180.000000 108.000000 274.000000 1.618782 0.604634 0.594602 -7.736153 1.381272 11.096586 -2.180163 0.063453
Pedestrian -1 -1 -10 0.000000 120.000000 74.000000 366.000000 1.645469 0.588361 0.725330 -2.737679 1.380887 3.436905 -2.187170 0.032173
Cyclist -1 -1 -10 507.000000 175.000000 538.000000 236.000000 1.647231 0.597923 0.731077 -2.144171 1.521695 18.438117 -1.649777 0.377798
Cyclist -1 -1 -10 1150.000000 135.000000 1234.000000 374.000000 1.876422 0.594063 0.719977 1.748532 1.268019 2.784666 2.335869 0.021207
Cyclist -1 -1 -10 0.000000 121.000000 68.000000 369.000000 1.633719 0.574321 0.725816 -2.764770 1.316448 3.439575 -2.198130 0.010760
