Pedestrian -1 -1 -10 397.000000 184.000000 407.000000 220.000000 1.477782 1.541392 3.827021 -6.866864 3.378357 18.723138 1.274767 0.590180
Pedestrian -1 -1 -10 407.000000 180.000000 419.000000 215.000000 1.504524 1.476642 3.686711 -6.491548 2.847789 19.091716 1.306205 0.382589
Pedestrian -1 -1 -10 0.000000 190.000000 126.000000 372.000000 1.679495 0.581838 0.736110 -3.358603 1.813553 4.046858 -0.097983 0.358741
Pedestrian -1 -1 -10 -22.000000 208.000000 259.000000 373.000000 1.721471 0.598931 0.708447 -3.004205 1.880918 4.085554 -0.045378 0.070680
Pedestrian -1 -1 -10 172.000000 192.000000 334.000000 370.000000 1.704887 0.607246 0.651176 -2.751287 2.040823 5.690004 1.620367 0.029260
Car -1 -1 -10 600.000000 183.000000 666.000000 235.000000 1.462152 1.571015 3.831516 0.868291 1.884271 23.415549 -1.651977 0.998939
Car -1 -1 -10 403.000000 191.000000 450.000000 229.000000 1.493790 1.624536 3.748408 -7.276009 2.252465 28.574435 -1.744694 0.997483
Car -1 -1 -10 850.000000 186.000000 1237.000000 375.000000 1.438345 1.616871 3.980403 3.258079 1.578179 3.555540 1.498333 0.961366
Car -1 -1 -10 188.000000 193.000000 367.000000 301.000000 1.462167 1.534616 3.475953 -3.223504 1.610904 7.402866 -1.991443 0.944947
Car -1 -1 -10 -16.000000 210.000000 265.000000 373.000000 1.499257 1.599167 3.764093 -3.625841 1.554785 4.814323 -2.773862 0.937345
Car -1 -1 -10 574.000000 183.000000 613.000000 218.000000 1.445468 1.600236 3.764986 -0.674026 1.999302 33.550742 -1.614844 0.903837
Car -1 -1 -10 423.000000 185.000000 461.000000 221.000000 1.482935 1.632257 3.609598 -8.267480 2.305390 36.592362 -1.776312 0.259740
Car -1 -1 -10 143.000000 202.000000 353.000000 364.000000 1.471927 1.602544 3.662498 -3.179932 1.809786 6.716954 -1.403535 0.141644
Car -1 -1 -10 0.000000 189.000000 128.000000 380.000000 1.486536 1.613911 3.675207 -4.046261 1.545479 4.481217 -2.177352 0.059330
Car -1 -1 -10 684.000000 193.000000 861.000000 292.000000 1.480324 1.617244 4.021295 2.483406 1.605758 11.475477 -1.854679 0.019306
Cyclist -1 -1 -10 176.000000 187.000000 339.000000 376.000000 1.711576 0.594232 1.732192 -2.903812 1.968924 6.235358 -1.986437 0.997056
Cyclist -1 -1 -10 1.000000 187.000000 113.000000 376.000000 1.661821 0.565841 0.729651 -3.381322 1.748256 4.043887 -2.186621 0.729057
Cyclist -1 -1 -10 191.000000 195.000000 364.000000 296.000000 1.692314 0.601345 1.752111 -5.239902 2.148973 11.204298 1.630231 0.605761
Cyclist -1 -1 -10 -44.000000 207.000000 263.000000 377.000000 1.781005 0.592797 0.834565 -3.500779 1.947590 4.030092 1.514460 0.533392
