Pedestrian -1 -1 -10 674.000000 167.000000 682.000000 206.000000 1.647074 0.601985 0.698673 3.459208 1.585582 34.588965 -1.440566 0.230747
Car -1 -1 -10 774.000000 183.000000 1056.000000 346.000000 1.456867 1.598054 3.864398 3.353344 1.526463 7.662935 1.461149 0.999477
Car -1 -1 -10 471.000000 177.000000 524.000000 204.000000 1.469241 1.606058 4.094632 -5.983714 1.630608 39.929280 0.960502 0.996914
Car -1 -1 -10 139.000000 183.000000 346.000000 293.000000 1.552645 1.586199 3.712774 -5.688971 1.848619 11.519057 1.591596 0.996542
Car -1 -1 -10 2.000000 195.000000 208.000000 375.000000 1.501705 1.609366 3.661802 -5.528363 1.847565 7.174715 1.549788 0.952925
Car -1 -1 -10 935.000000 170.000000 1248.000000 378.000000 1.482658 1.521455 3.838598 3.544144 1.750372 5.307885 1.637625 0.911962
Car -1 -1 -10 202.000000 175.000000 276.000000 218.000000 1.455010 1.557953 3.777549 -15.127904 1.399298 30.077152 1.082262 0.614992
Car -1 -1 -10 264.000000 183.000000 340.000000 236.000000 1.540078 1.634703 3.717944 -10.395131 1.547461 26.507520 0.645774 0.112602
Car -1 -1 -10 172.000000 178.000000 240.000000 218.000000 1.497424 1.610723 3.914288 -16.001443 1.457670 29.342534 1.044946 0.024069
Cyclist -1 -1 -10 939.000000 171.000000 1247.000000 376.000000 1.413916 1.627033 3.830460 2.710724 1.782842 3.603030 1.652866 0.020119
