Pedestrian -1 -1 -10 469.000000 174.000000 494.000000 249.000000 1.669913 0.600545 0.687195 -2.476778 1.743718 15.286114 -1.694245 0.997014
Pedestrian -1 -1 -10 246.000000 155.000000 297.000000 284.000000 1.737200 0.596143 0.776387 -4.944319 1.595919 10.396217 0.106909 0.995916
Pedestrian -1 -1 -10 574.000000 172.000000 609.000000 248.000000 1.669413 0.605817 0.726891 -0.199310 1.791001 15.363483 -1.549781 0.992071
Pedestrian -1 -1 -10 541.000000 169.000000 564.000000 236.000000 1.693009 0.592491 0.753026 -1.275323 1.612639 18.963903 0.480244 0.974030
Pedestrian -1 -1 -10 614.000000 168.000000 632.000000 219.000000 1.666989 0.613834 0.720824 0.752285 1.373679 23.396734 -1.509569 0.616252
Pedestrian -1 -1 -10 656.000000 167.000000 667.000000 205.000000 1.702011 0.590204 0.680715 2.812051 1.378304 34.906503 0.628484 0.049799
Pedestrian -1 -1 -10 639.000000 168.000000 652.000000 206.000000 1.668603 0.574314 0.687663 1.894828 1.141652 34.658965 0.607820 0.038637
Pedestrian -1 -1 -10 631.000000 168.000000 644.000000 207.000000 1.627348 0.606331 0.644215 1.652232 1.174335 34.393730 -1.506232 0.031398
Pedestrian -1 -1 -10 577.000000 172.000000 598.000000 229.000000 1.586559 1.207268 3.244818 -1.313379 2.528253 20.200465 1.488928 0.019877
Pedestrian -1 -1 -10 601.000000 163.000000 615.000000 212.000000 1.676584 0.605707 0.731667 0.463415 1.335141 30.283264 -1.520877 0.014202
Pedestrian -1 -1 -10 586.000000 167.000000 604.000000 226.000000 1.607629 0.594263 0.628211 -0.159509 1.310009 30.130226 -1.552212 0.012338
Car -1 -1 -10 932.000000 212.000000 1201.000000 370.000000 1.396448 1.625271 3.606235 1.722178 0.918084 3.008866 2.179367 0.010748
Cyclist -1 -1 -10 465.000000 177.000000 498.000000 249.000000 1.653244 0.585798 0.701443 -2.491049 1.686083 15.322607 -1.700046 0.065614
Cyclist -1 -1 -10 538.000000 169.000000 565.000000 235.000000 1.691123 0.589987 0.763440 -1.270016 1.563039 18.986162 -1.593807 0.013349
