Car -1 -1 -10 359.000000 182.000000 476.000000 254.000000 1.546848 1.600701 3.745464 -4.533650 1.440049 16.864466 -1.367106 0.999672
Car -1 -1 -10 74.000000 198.000000 351.000000 344.000000 1.578593 1.677806 3.773781 -4.717092 1.672953 8.704061 -1.501746 0.999363
Car -1 -1 -10 578.000000 173.000000 660.000000 254.000000 1.468257 1.651905 3.791450 0.261044 1.402141 16.673106 -1.573594 0.999345
Car -1 -1 -10 62.000000 187.000000 251.000000 275.000000 1.589663 1.720982 3.849280 -8.416659 1.482962 13.521528 -1.505543 0.984189
Car -1 -1 -10 223.000000 183.000000 304.000000 224.000000 1.527361 1.590496 3.777712 -12.337458 1.336981 25.093450 1.665324 0.874254
Car -1 -1 -10 340.000000 183.000000 409.000000 222.000000 1.463055 1.459751 3.533566 -9.000167 1.157756 27.024747 1.176163 0.661326
Car -1 -1 -10 0.000000 189.000000 50.000000 258.000000 1.495923 1.441112 3.531681 -13.418413 1.789703 16.026547 -2.259430 0.421243
Car -1 -1 -10 612.000000 170.000000 648.000000 201.000000 1.516481 1.611369 3.728356 1.753778 1.041748 36.798004 -1.528709 0.184634
Car -1 -1 -10 149.000000 186.000000 242.000000 237.000000 1.486527 1.568168 3.696792 -18.525264 1.327707 32.006716 1.571438 0.182870
Car -1 -1 -10 4.000000 189.000000 109.000000 257.000000 1.442803 1.536812 3.677709 -15.732157 1.914534 20.225007 0.993461 0.138085
Cyclist -1 -1 -10 219.000000 182.000000 307.000000 224.000000 1.522977 1.588671 3.755828 -12.271652 1.465020 24.958406 1.666124 0.057819
Cyclist -1 -1 -10 68.000000 186.000000 234.000000 276.000000 1.505953 1.688976 3.938164 -8.063713 1.467817 13.173523 -2.067182 0.011297
