Pedestrian -1 -1 -10 707.000000 137.000000 765.000000 291.000000 1.714132 0.596439 0.717908 1.697391 1.372945 8.569910 -1.333696 0.997327
Pedestrian -1 -1 -10 538.000000 140.000000 565.000000 218.000000 1.604127 0.616756 0.588331 -1.345930 0.710271 17.110984 -1.605225 0.995784
Pedestrian -1 -1 -10 646.000000 134.000000 696.000000 304.000000 1.764312 0.591658 0.776639 0.833230 1.478054 8.092813 0.642667 0.995563
Pedestrian -1 -1 -10 568.000000 137.000000 594.000000 217.000000 1.674283 0.616718 0.680452 -0.610554 0.815598 16.957873 -1.577736 0.987190
Pedestrian -1 -1 -10 497.000000 141.000000 523.000000 213.000000 1.616656 0.605554 0.577794 -2.230700 0.570217 17.437121 -1.692851 0.982393
Pedestrian -1 -1 -10 472.000000 142.000000 496.000000 213.000000 1.623213 0.622212 0.617793 -3.259317 0.426009 18.428053 -1.729677 0.925256
Pedestrian -1 -1 -10 416.000000 142.000000 442.000000 213.000000 1.668325 0.705977 0.697638 -3.113075 1.515305 9.497088 1.329430 0.804822
Pedestrian -1 -1 -10 245.000000 136.000000 277.000000 255.000000 1.643533 0.599617 0.697362 -5.570752 1.105204 11.748441 -1.977207 0.750905
Pedestrian -1 -1 -10 529.000000 140.000000 556.000000 207.000000 1.641025 0.711501 0.664888 -1.133732 1.091882 8.292616 1.491997 0.636016
Pedestrian -1 -1 -10 275.000000 134.000000 317.000000 239.000000 1.616691 0.609518 0.702392 -5.241571 0.875116 11.927242 -1.946406 0.386179
Pedestrian -1 -1 -10 524.000000 141.000000 544.000000 199.000000 1.700386 0.592905 0.605882 -2.598216 0.036072 24.508130 -1.676917 0.380321
Pedestrian -1 -1 -10 447.000000 148.000000 470.000000 206.000000 1.661025 0.557517 0.633215 -4.657163 0.502024 21.442714 1.845623 0.361557
Pedestrian -1 -1 -10 520.000000 141.000000 536.000000 193.000000 1.651886 0.704836 0.678455 -1.794845 1.440202 10.270933 1.472928 0.331784
Pedestrian -1 -1 -10 705.000000 146.000000 745.000000 236.000000 1.809360 0.608787 0.657621 0.260218 1.496472 4.882490 1.812815 0.276901
Pedestrian -1 -1 -10 554.000000 141.000000 571.000000 199.000000 1.623124 0.605714 0.667778 -1.246864 0.278088 25.103696 -1.606045 0.264462
Pedestrian -1 -1 -10 561.000000 140.000000 581.000000 195.000000 1.649671 0.599868 0.622054 -1.225675 0.119114 25.118181 -1.611942 0.257474
Cyclist -1 -1 -10 275.000000 134.000000 317.000000 238.000000 1.752813 0.579793 0.644046 -5.119662 1.119349 12.748261 -1.998403 0.596403
Cyclist -1 -1 -10 443.000000 147.000000 471.000000 212.000000 1.674813 0.568683 0.682862 -4.692585 0.653634 21.031705 1.853894 0.468529
Cyclist -1 -1 -10 403.000000 153.000000 464.000000 217.000000 1.614666 0.588202 0.641970 -4.480129 0.751053 20.708735 -1.794531 0.400464
Cyclist -1 -1 -10 415.000000 142.000000 444.000000 213.000000 1.545850 1.583855 3.615926 -3.259373 1.487627 9.910301 1.332080 0.375447
Cyclist -1 -1 -10 304.000000 153.000000 372.000000 205.000000 1.681553 0.511308 1.687831 -11.472294 0.896897 30.499853 -1.933603 0.236661
Cyclist -1 -1 -10 336.000000 152.000000 387.000000 198.000000 1.712585 0.547231 1.675550 -11.289935 0.832890 31.398951 -1.851799 0.176105
Cyclist -1 -1 -10 319.000000 154.000000 357.000000 195.000000 1.494095 1.566242 3.698479 -11.465556 0.660320 31.059747 -1.930925 0.154858
Cyclist -1 -1 -10 236.000000 141.000000 337.000000 240.000000 1.698527 0.519324 1.696338 -5.251510 0.859995 11.758360 -1.956052 0.136100
Cyclist -1 -1 -10 569.000000 139.000000 592.000000 210.000000 1.637805 0.592240 0.630750 -0.563226 0.579501 20.162372 -1.602948 0.039072
Cyclist -1 -1 -10 555.000000 141.000000 573.000000 194.000000 1.652032 0.585855 0.640105 -1.269041 0.097238 25.159328 -1.626416 0.029547
Cyclist -1 -1 -10 240.000000 134.000000 280.000000 260.000000 1.622806 0.595017 0.704234 -5.546351 1.057597 11.758452 -1.988265 0.029324
Cyclist -1 -1 -10 526.000000 140.000000 546.000000 202.000000 1.716965 0.579479 0.635150 -2.611002 0.083424 24.545246 -1.681205 0.020094
Cyclist -1 -1 -10 546.000000 141.000000 569.000000 209.000000 1.703018 0.611108 0.650333 -1.286229 0.459006 20.885984 -1.619934 0.015052
Cyclist -1 -1 -10 533.000000 140.000000 562.000000 210.000000 1.657990 0.586625 0.628033 -1.572078 0.291128 20.184537 -1.648569 0.014507
Cyclist -1 -1 -10 561.000000 140.000000 581.000000 195.000000 1.651462 0.585899 0.640146 -1.272281 0.095787 25.158062 -1.616607 0.013990
