Pedestrian -1 -1 -10 430.000000 179.000000 447.000000 227.000000 1.752615 0.624653 0.624397 -4.841799 1.825655 20.299680 -1.820505 0.949982
Pedestrian -1 -1 -10 412.000000 182.000000 427.000000 221.000000 1.631130 0.599399 0.591949 -7.376590 2.106095 28.019999 -1.768527 0.906605
Pedestrian -1 -1 -10 706.000000 184.000000 731.000000 215.000000 1.693724 0.593258 0.596457 5.155920 2.015303 35.240671 -1.429486 0.019907
Pedestrian -1 -1 -10 422.000000 185.000000 431.000000 217.000000 1.668843 0.598678 0.605508 -8.301897 1.899514 32.940221 -1.822865 0.019904
Pedestrian -1 -1 -10 413.000000 181.000000 446.000000 225.000000 1.596773 0.599923 0.616321 -6.552695 1.925657 27.214264 -1.802633 0.017740
Pedestrian -1 -1 -10 408.000000 195.000000 479.000000 248.000000 1.728908 0.641878 0.707809 -4.620616 2.281075 19.919115 -1.738496 0.012039
Pedestrian -1 -1 -10 427.000000 181.000000 437.000000 223.000000 1.725043 0.584276 0.593035 -6.482781 1.889611 27.448603 -1.820091 0.011429
Car -1 -1 -10 686.000000 184.000000 803.000000 271.000000 1.483067 1.563809 3.859092 2.843523 1.756291 14.857873 -1.491223 0.999635
Car -1 -1 -10 406.000000 194.000000 482.000000 248.000000 1.549930 1.592173 3.690860 -4.778117 2.064647 20.786057 -1.678266 0.998409
Car -1 -1 -10 648.000000 183.000000 700.000000 228.000000 1.459681 1.556746 3.771849 2.401102 1.910029 24.924472 -1.561028 0.993041
Car -1 -1 -10 625.000000 181.000000 657.000000 210.000000 1.527529 1.623947 3.805711 1.765187 1.838097 40.550266 -1.541775 0.958781
Car -1 -1 -10 451.000000 181.000000 508.000000 227.000000 1.554924 1.622426 3.704498 -5.100535 2.082259 29.331280 -1.602855 0.956256
Car -1 -1 -10 0.000000 214.000000 218.000000 372.000000 1.505841 1.614461 3.790568 -4.743505 1.885527 5.349344 1.590909 0.937890
Car -1 -1 -10 491.000000 185.000000 527.000000 213.000000 1.569488 1.592597 3.800805 -5.980556 2.473092 43.436888 -1.698199 0.414310
Car -1 -1 -10 984.000000 195.000000 1243.000000 370.000000 1.451205 1.521548 3.603660 3.036869 1.624035 2.822417 -0.298107 0.279049
Car -1 -1 -10 430.000000 184.000000 492.000000 235.000000 1.457757 1.588177 3.804636 -5.824425 2.119158 28.125293 1.891556 0.054937
Car -1 -1 -10 412.000000 182.000000 458.000000 230.000000 1.542828 1.622478 3.748426 -6.916099 1.655978 28.572252 -1.786225 0.026701
Car -1 -1 -10 705.000000 185.000000 731.000000 216.000000 1.548322 1.634687 3.669476 5.236814 1.849763 36.216737 -1.406469 0.023066
Car -1 -1 -10 471.000000 185.000000 520.000000 221.000000 1.513146 1.588146 3.618437 -4.964154 2.152864 30.171724 -1.653698 0.011518
Cyclist -1 -1 -10 706.000000 185.000000 731.000000 216.000000 1.692271 0.580684 0.631535 5.207344 1.952205 35.320602 -1.434137 0.031978
Cyclist -1 -1 -10 982.000000 191.000000 1229.000000 374.000000 1.602234 0.608383 0.635420 2.486933 1.731345 2.710001 -0.943281 0.022793
Cyclist -1 -1 -10 412.000000 183.000000 432.000000 223.000000 1.625983 0.598998 0.594321 -7.335304 2.051412 27.980991 -1.783585 0.014685
Cyclist -1 -1 -10 412.000000 182.000000 458.000000 230.000000 1.723276 0.444270 1.660116 -4.426738 2.088362 19.537287 -1.795290 0.014257
Cyclist -1 -1 -10 425.000000 181.000000 448.000000 221.000000 1.683553 0.581956 0.609853 -6.352713 1.795923 27.313179 -1.810626 0.010547
