Car -1 -1 -10 549.000000 188.000000 719.000000 343.000000 1.475299 1.639214 3.822789 0.265032 1.654504 8.674747 -1.543367 0.999605
Car -1 -1 -10 425.000000 177.000000 513.000000 243.000000 1.531995 1.599329 3.673429 -3.531610 1.802774 17.782742 -1.651130 0.994822
Car -1 -1 -10 692.000000 177.000000 754.000000 218.000000 1.429293 1.583453 3.809463 4.512132 1.616795 27.543600 -1.500020 0.994503
Car -1 -1 -10 466.000000 164.000000 531.000000 223.000000 1.575849 1.552269 3.649677 -3.649136 1.541719 24.247726 -1.565273 0.990971
Car -1 -1 -10 1.000000 178.000000 317.000000 372.000000 1.503192 1.610253 3.865007 -3.101886 1.706928 3.577749 1.619446 0.983713
Car -1 -1 -10 578.000000 177.000000 652.000000 259.000000 1.486998 1.605375 3.793348 0.164906 1.391207 18.870705 -1.511221 0.740172
Car -1 -1 -10 567.000000 184.000000 680.000000 289.000000 1.528200 1.634695 3.646568 0.236630 1.369158 18.457393 1.595744 0.106275
Car -1 -1 -10 753.000000 177.000000 851.000000 251.000000 1.558807 1.637125 3.323816 1.342456 1.875241 8.627992 1.954298 0.032564
Car -1 -1 -10 582.000000 179.000000 642.000000 222.000000 1.495193 1.646709 3.607820 0.595486 1.236782 34.413138 1.578933 0.028705
Car -1 -1 -10 901.000000 10.000000 1230.000000 368.000000 1.531254 1.633619 3.647271 3.287808 1.505507 3.743760 -0.985997 0.020272
Cyclist -1 -1 -10 578.000000 180.000000 655.000000 261.000000 1.472835 1.557669 3.845855 0.139112 1.472280 18.379596 -1.594615 0.085739
Cyclist -1 -1 -10 102.000000 180.000000 179.000000 229.000000 1.626084 0.601936 0.702460 -17.964519 2.159230 28.641170 -2.123989 0.028673
Cyclist -1 -1 -10 562.000000 186.000000 717.000000 333.000000 1.455611 1.580409 3.730645 0.188930 1.643744 7.722540 -1.530876 0.023113
