Pedestrian -1 -1 -10 749.000000 163.000000 766.000000 218.000000 1.635745 0.615327 0.514028 5.456444 1.043866 25.325234 1.215596 0.079592
Pedestrian -1 -1 -10 755.000000 162.000000 764.000000 207.000000 1.633741 0.588740 0.515867 5.523330 0.997880 25.335155 1.214058 0.059475
Pedestrian -1 -1 -10 746.000000 168.000000 757.000000 209.000000 1.654039 0.596804 0.577373 5.446490 1.110787 26.679154 -1.379766 0.031325
Pedestrian -1 -1 -10 751.000000 169.000000 761.000000 207.000000 1.673585 0.596556 0.601119 5.427771 1.104754 26.563399 -1.378582 0.029789
Pedestrian -1 -1 -10 739.000000 169.000000 772.000000 207.000000 1.632675 0.648178 0.542610 5.547164 1.234419 26.755536 1.251204 0.019616
Pedestrian -1 -1 -10 741.000000 173.000000 752.000000 211.000000 1.633955 0.595596 0.545305 5.441311 1.373312 27.117618 -1.386346 0.018870
Car -1 -1 -10 362.000000 187.000000 522.000000 296.000000 1.537726 1.586349 3.754037 -2.746846 1.909908 12.157152 1.733621 0.999671
Car -1 -1 -10 718.000000 159.000000 913.000000 296.000000 1.546091 1.634985 4.164723 3.349531 1.557378 11.808106 -1.700892 0.996649
Car -1 -1 -10 678.000000 185.000000 762.000000 247.000000 1.446409 1.540066 3.733455 3.317541 1.824357 19.574536 -1.503952 0.991310
Car -1 -1 -10 660.000000 185.000000 719.000000 228.000000 1.412194 1.550055 3.793901 3.226716 1.950087 25.598203 -1.544745 0.983985
Car -1 -1 -10 468.000000 181.000000 513.000000 207.000000 1.462446 1.593367 3.853138 -6.376344 1.671197 36.522765 0.896394 0.054016
Car -1 -1 -10 735.000000 173.000000 757.000000 236.000000 1.495560 1.639917 3.582678 3.469076 1.281465 19.124547 1.757372 0.042767
