Car -1 -1 -10 573.000000 174.000000 611.000000 209.000000 1.498174 1.581837 3.848281 -0.746519 1.158010 36.283755 -1.611252 0.999450
Car -1 -1 -10 438.000000 181.000000 504.000000 225.000000 1.528795 1.592659 3.696842 -4.739157 1.327228 25.081078 -1.620028 0.998874
Car -1 -1 -10 327.000000 183.000000 453.000000 260.000000 1.522584 1.580625 3.669882 -4.819180 1.497759 15.503931 -1.399077 0.998860
Car -1 -1 -10 286.000000 182.000000 379.000000 231.000000 1.486374 1.586967 3.821635 -8.863123 1.300747 22.950090 -1.879056 0.977761
Car -1 -1 -10 -1.000000 194.000000 294.000000 372.000000 1.500864 1.616230 3.774241 -4.548277 1.564530 5.912074 1.622545 0.955107
Car -1 -1 -10 55.000000 175.000000 259.000000 274.000000 1.562656 1.640909 3.856891 -8.602459 1.336908 14.040056 1.559309 0.947184
Car -1 -1 -10 191.000000 175.000000 293.000000 219.000000 1.492224 1.628592 3.966237 -17.335381 0.713614 33.366952 1.623050 0.299796
Car -1 -1 -10 368.000000 179.000000 434.000000 205.000000 1.486139 1.476152 3.706858 -9.893893 0.808229 35.388471 1.238242 0.130645
Car -1 -1 -10 463.000000 178.000000 509.000000 212.000000 1.473504 1.610891 3.787036 -5.783298 0.960066 32.876966 -1.641468 0.021783
Car -1 -1 -10 1.000000 194.000000 135.000000 370.000000 1.478470 1.616203 3.734395 -4.588594 1.579707 5.516816 -2.182924 0.014829
Car -1 -1 -10 108.000000 203.000000 259.000000 256.000000 1.602621 1.632733 3.443821 -6.020331 2.097940 7.978698 1.048074 0.011313
