Pedestrian -1 -1 -10 532.000000 175.000000 544.000000 212.000000 1.654958 0.601791 0.713071 -3.484473 2.137388 35.319804 -1.627449 0.688300
Pedestrian -1 -1 -10 683.000000 164.000000 693.000000 204.000000 1.635999 0.603046 0.693393 4.328757 1.533903 38.869012 -1.430393 0.127244
Pedestrian -1 -1 -10 545.000000 175.000000 558.000000 212.000000 1.629527 0.592147 0.691911 -2.862111 2.045745 35.905783 -1.615455 0.036283
Pedestrian -1 -1 -10 525.000000 177.000000 550.000000 206.000000 1.668739 0.594570 0.708396 -3.344809 2.024406 35.564908 -1.626367 0.034446
Pedestrian -1 -1 -10 678.000000 168.000000 698.000000 200.000000 1.665520 0.614882 0.732899 4.273303 1.633554 39.140156 -1.426330 0.021707
Car -1 -1 -10 678.000000 172.000000 780.000000 256.000000 1.478255 1.570998 3.837432 2.829387 1.553347 15.942415 -1.509757 0.999182
Car -1 -1 -10 366.000000 182.000000 463.000000 251.000000 1.568472 1.605673 3.717167 -5.154875 1.962733 19.352689 1.709040 0.998742
Car -1 -1 -10 474.000000 183.000000 518.000000 215.000000 1.540849 1.634712 3.903703 -5.633347 2.177854 34.816064 1.480983 0.998301
Car -1 -1 -10 1.000000 179.000000 248.000000 372.000000 1.528534 1.610650 3.837846 -4.572322 1.750043 5.469751 1.626429 0.930985
Car -1 -1 -10 527.000000 178.000000 547.000000 205.000000 1.540440 1.622739 3.711229 -3.728240 1.821594 36.524435 -1.627310 0.043976
Cyclist -1 -1 -10 532.000000 175.000000 544.000000 213.000000 1.674675 0.593294 0.727218 -3.485833 2.109078 35.355795 -1.633286 0.927112
Cyclist -1 -1 -10 544.000000 174.000000 562.000000 212.000000 1.640217 0.584235 0.697432 -2.867590 1.987837 35.940752 -1.612019 0.585781
Cyclist -1 -1 -10 525.000000 178.000000 548.000000 204.000000 1.616369 0.592260 0.619588 -3.364401 1.901702 35.454334 -1.655547 0.063106
Cyclist -1 -1 -10 544.000000 178.000000 554.000000 205.000000 1.631523 0.578522 0.697720 -2.931089 2.002301 35.971033 -1.616495 0.010566
