Car -1 -1 -10 184.000000 192.000000 397.000000 313.000000 1.544387 1.605343 3.735112 -4.854191 1.974929 11.114615 1.634733 0.999346
Car -1 -1 -10 514.000000 179.000000 554.000000 208.000000 1.510132 1.583086 3.761725 -4.046257 1.794856 38.179958 1.570058 0.999245
Car -1 -1 -10 769.000000 184.000000 944.000000 289.000000 1.447914 1.587228 3.968314 4.007830 1.610169 11.510896 -1.404518 0.999148
Car -1 -1 -10 347.000000 185.000000 465.000000 260.000000 1.518788 1.552958 3.714416 -4.557853 1.972837 16.579648 1.709937 0.999064
Car -1 -1 -10 419.000000 185.000000 501.000000 236.000000 1.446370 1.546101 3.726898 -4.295691 1.985125 21.705802 1.716292 0.998933
Car -1 -1 -10 877.000000 194.000000 1236.000000 374.000000 1.470761 1.615854 4.006498 4.195873 1.521233 5.726117 1.601643 0.996303
Car -1 -1 -10 702.000000 179.000000 770.000000 230.000000 1.375229 1.515353 3.709604 4.126994 1.726396 22.773421 -1.523781 0.995520
Car -1 -1 -10 719.000000 181.000000 831.000000 250.000000 1.415820 1.543799 3.827005 4.031562 1.686045 17.139288 -1.504811 0.993992
Car -1 -1 -10 692.000000 178.000000 746.000000 217.000000 1.400752 1.522106 3.722955 4.517337 1.675434 27.970352 -1.557846 0.950122
Car -1 -1 -10 531.000000 178.000000 564.000000 205.000000 1.508997 1.573945 3.678670 -3.924241 1.926562 38.101416 -1.541947 0.851347
