Car -1 -1 -10 478.000000 180.000000 532.000000 227.000000 1.491047 1.642644 3.851230 -3.815652 1.350022 26.730276 -1.716738 0.999710
Car -1 -1 -10 580.000000 179.000000 678.000000 255.000000 1.476786 1.576127 3.889922 0.638571 1.453597 17.429394 -1.667289 0.999526
Car -1 -1 -10 29.000000 193.000000 274.000000 320.000000 1.570568 1.643823 3.770265 -6.270468 1.644531 10.077509 1.502707 0.999109
Car -1 -1 -10 246.000000 185.000000 374.000000 261.000000 1.553978 1.599604 3.747970 -6.779859 1.516580 16.433946 -1.460715 0.998285
Car -1 -1 -10 332.000000 183.000000 405.000000 231.000000 1.532488 1.587624 3.755951 -8.120574 1.513103 24.552039 -1.738896 0.993853
Car -1 -1 -10 395.000000 183.000000 435.000000 213.000000 1.482540 1.608430 3.766484 -9.852567 1.409241 36.515619 -1.823529 0.986392
Car -1 -1 -10 31.000000 171.000000 220.000000 259.000000 1.592786 1.666440 3.849984 -10.761611 1.271205 15.039144 -1.584690 0.399841
Car -1 -1 -10 215.000000 185.000000 310.000000 245.000000 1.529302 1.611060 3.860969 -11.896357 1.388471 24.725544 -1.995530 0.284800
Car -1 -1 -10 -1.000000 163.000000 113.000000 266.000000 1.583035 1.658248 4.044054 -11.639249 1.357196 15.107798 -2.223646 0.204925
Car -1 -1 -10 476.000000 183.000000 511.000000 217.000000 1.530773 1.670154 3.785079 -3.425508 1.992307 15.531622 -1.819150 0.090924
Car -1 -1 -10 413.000000 183.000000 447.000000 209.000000 1.419496 1.664206 3.827587 -10.862083 1.619314 44.531672 1.825288 0.061126
Car -1 -1 -10 286.000000 173.000000 349.000000 210.000000 1.490095 1.572729 3.697902 -13.933173 0.766367 34.165187 -1.528891 0.046784
