Car -1 -1 -10 713.000000 193.000000 866.000000 299.000000 1.440759 1.600647 4.032258 2.967561 1.866312 10.349117 1.324433 0.998844
Car -1 -1 -10 673.000000 180.000000 729.000000 223.000000 1.414299 1.580537 3.895190 3.281136 1.756042 25.433942 1.552634 0.997149
Car -1 -1 -10 462.000000 176.000000 533.000000 230.000000 1.490983 1.561451 3.666655 -3.273470 1.632463 21.037455 -1.614067 0.996245
Car -1 -1 -10 2.000000 182.000000 426.000000 375.000000 1.496579 1.608220 3.780563 -3.143037 1.680761 5.743818 1.608534 0.992889
Car -1 -1 -10 791.000000 206.000000 1217.000000 375.000000 1.453850 1.590092 3.901194 3.237947 1.585631 5.902052 1.575144 0.989372
Car -1 -1 -10 506.000000 176.000000 557.000000 215.000000 1.494640 1.601819 3.726104 -3.009890 1.749140 27.542896 1.595023 0.979473
Car -1 -1 -10 329.000000 173.000000 485.000000 292.000000 1.529321 1.560454 3.729497 -3.221638 1.690307 11.924315 1.729183 0.928801
Car -1 -1 -10 1139.000000 241.000000 1235.000000 370.000000 1.479612 1.683670 3.471545 2.251313 1.128912 3.453582 2.300822 0.019178
Car -1 -1 -10 994.000000 224.000000 1213.000000 371.000000 1.521041 1.610747 3.756259 3.026423 1.630233 5.539776 -0.965915 0.012405
Car -1 -1 -10 213.000000 190.000000 446.000000 305.000000 1.480858 1.545501 3.725872 -2.894925 1.645487 6.153952 1.728956 0.012366
