Car -1 -1 -10 573.000000 181.000000 609.000000 214.000000 1.522627 1.624145 3.889753 -0.827201 1.278513 37.931238 -1.597344 0.999647
Car -1 -1 -10 293.000000 197.000000 474.000000 304.000000 1.576139 1.612888 3.745959 -3.443576 1.710711 11.072065 1.712980 0.999621
Car -1 -1 -10 128.000000 193.000000 306.000000 277.000000 1.584067 1.646417 3.794840 -7.853998 1.721746 14.538003 -1.502679 0.999492
Car -1 -1 -10 442.000000 187.000000 503.000000 227.000000 1.519000 1.591290 3.770510 -5.082678 1.550032 26.713918 1.568809 0.998192
Car -1 -1 -10 109.000000 193.000000 235.000000 248.000000 1.473888 1.580916 3.671241 -12.900403 1.606013 21.013656 -2.092354 0.976784
Car -1 -1 -10 318.000000 189.000000 374.000000 228.000000 1.500830 1.578024 3.706919 -8.258136 1.373903 23.332502 -1.907692 0.798936
Car -1 -1 -10 233.000000 181.000000 325.000000 223.000000 1.590989 1.638641 3.813596 -13.236616 1.403627 28.634664 1.624232 0.571509
Car -1 -1 -10 366.000000 195.000000 423.000000 221.000000 1.578149 1.041286 3.081802 -8.597831 4.705056 23.385473 1.085258 0.144351
Car -1 -1 -10 401.000000 192.000000 441.000000 221.000000 1.531779 1.517754 3.692027 -8.950980 1.749458 34.369392 1.377851 0.040854
Car -1 -1 -10 338.000000 194.000000 376.000000 219.000000 1.578051 1.599279 3.314945 -3.333443 1.666845 6.892352 1.300537 0.029474
Car -1 -1 -10 437.000000 185.000000 480.000000 216.000000 1.504599 1.626478 3.786002 -8.702204 1.424729 40.913969 -1.755764 0.022673
