Car -1 -1 -10 411.000000 184.000000 496.000000 246.000000 1.520021 1.576886 3.685668 -4.286855 1.950131 20.161384 1.767233 0.999318
Car -1 -1 -10 769.000000 186.000000 1052.000000 372.000000 1.463611 1.588094 3.941227 3.294876 1.690284 7.398927 -1.712564 0.998689
Car -1 -1 -10 691.000000 182.000000 810.000000 272.000000 1.483024 1.568738 3.899528 2.960322 1.735558 14.763171 -1.496495 0.998002
Car -1 -1 -10 652.000000 179.000000 740.000000 246.000000 1.471562 1.581223 4.037155 2.680830 1.804899 18.437408 1.240261 0.995758
Car -1 -1 -10 633.000000 180.000000 695.000000 227.000000 1.418494 1.546307 3.710973 2.141047 1.907905 24.822062 -1.541358 0.987362
Car -1 -1 -10 920.000000 194.000000 1259.000000 378.000000 1.434190 1.591137 3.800161 3.270643 1.845009 2.972786 1.557754 0.979670
Car -1 -1 -10 16.000000 196.000000 271.000000 376.000000 1.485210 1.600531 3.732346 -3.396458 1.789391 4.146403 1.584889 0.955516
Car -1 -1 -10 458.000000 184.000000 510.000000 229.000000 1.467235 1.599267 3.709346 -4.356730 2.118759 25.887259 -1.628849 0.918533
Car -1 -1 -10 487.000000 183.000000 524.000000 215.000000 1.545225 1.566766 3.698058 -5.511598 1.994057 33.312185 2.001507 0.588583
Car -1 -1 -10 629.000000 180.000000 670.000000 217.000000 1.481465 1.616824 3.734986 1.829273 1.839857 30.616537 -1.499488 0.276414
