Pedestrian -1 -1 -10 628.000000 161.000000 665.000000 290.000000 1.618182 0.620054 0.662451 0.749818 1.757803 9.386092 1.066651 0.996733
Pedestrian -1 -1 -10 645.000000 170.000000 781.000000 299.000000 1.768504 0.706964 0.700171 1.097960 1.686342 9.095638 1.208363 0.022634
Car -1 -1 -10 631.000000 169.000000 791.000000 297.000000 1.486274 1.579785 3.844237 1.369878 1.439429 10.107733 -1.501065 0.998701
Car -1 -1 -10 265.000000 176.000000 388.000000 244.000000 1.452718 1.534014 3.685100 -6.613466 1.734015 16.885822 1.651353 0.810790
Car -1 -1 -10 647.000000 168.000000 683.000000 198.000000 1.509650 1.637536 3.663130 4.182574 1.308768 40.780468 -1.485660 0.109208
Car -1 -1 -10 627.000000 164.000000 677.000000 282.000000 1.464626 1.534574 3.632572 1.226455 1.528326 10.059479 -0.871745 0.061335
Car -1 -1 -10 268.000000 165.000000 311.000000 204.000000 1.495560 1.639917 3.582678 -18.294975 2.154826 40.462556 1.153388 0.017339
Car -1 -1 -10 320.000000 180.000000 356.000000 240.000000 1.438369 1.579160 3.678938 -6.419248 1.621849 17.447179 -1.877135 0.016603
Car -1 -1 -10 -14.000000 122.000000 326.000000 367.000000 1.592209 1.625649 3.904578 -3.224776 1.435676 4.261732 1.608641 0.011685
Car -1 -1 -10 630.000000 160.000000 660.000000 191.000000 1.594797 1.613541 3.785196 2.153838 1.010552 43.812339 -1.500836 0.010903
Cyclist -1 -1 -10 624.000000 165.000000 671.000000 282.000000 1.644450 0.613025 0.635480 0.853225 1.645727 9.293742 1.062689 0.022447
