Car -1 -1 -10 635.000000 180.000000 762.000000 274.000000 1.473095 1.594321 3.898980 1.927862 1.481640 14.533204 -1.582356 0.999726
Car -1 -1 -10 521.000000 181.000000 567.000000 224.000000 1.513418 1.641846 3.838851 -2.555890 1.401194 28.831842 -1.652473 0.999263
Car -1 -1 -10 238.000000 188.000000 381.000000 276.000000 1.543980 1.606250 3.731182 -5.872393 1.585868 14.164173 -1.449409 0.999042
Car -1 -1 -10 348.000000 189.000000 435.000000 242.000000 1.545685 1.576104 3.742951 -6.081077 1.525724 20.326504 -1.419919 0.998290
Car -1 -1 -10 439.000000 184.000000 475.000000 210.000000 1.561303 1.608287 3.875493 -8.426744 1.362889 40.413147 -1.755105 0.985315
Car -1 -1 -10 116.000000 166.000000 284.000000 254.000000 1.633225 1.615333 3.842544 -10.065497 1.359412 18.061466 -1.514412 0.971774
Car -1 -1 -10 397.000000 184.000000 454.000000 224.000000 1.491342 1.573599 3.708497 -7.067167 1.505117 28.055366 -1.696394 0.918232
Car -1 -1 -10 512.000000 184.000000 541.000000 214.000000 1.524194 1.619722 3.667553 -4.352352 1.585224 37.456155 -1.632752 0.766062
Car -1 -1 -10 0.000000 189.000000 201.000000 380.000000 1.508739 1.624741 3.748969 -4.986476 1.708907 5.556046 1.591428 0.686386
Car -1 -1 -10 300.000000 187.000000 358.000000 212.000000 1.574870 1.642494 4.039389 -14.201826 1.100797 36.843853 0.781748 0.580152
