Pedestrian -1 -1 -10 909.000000 155.000000 959.000000 285.000000 1.636770 0.602270 0.686730 4.308329 1.410427 9.022485 -1.106617 0.996961
Pedestrian -1 -1 -10 588.000000 161.000000 598.000000 195.000000 1.702417 0.637441 0.807731 -0.303696 0.929217 39.913771 -1.544958 0.382607
Pedestrian -1 -1 -10 650.000000 161.000000 660.000000 188.000000 1.641383 0.645558 0.655659 3.726004 0.535360 48.547649 -1.458193 0.266190
Pedestrian -1 -1 -10 1040.000000 147.000000 1099.000000 279.000000 1.632715 0.606475 0.620249 6.386703 1.266789 9.440997 -0.946522 0.126531
Pedestrian -1 -1 -10 571.000000 161.000000 585.000000 195.000000 1.721019 0.616802 0.760164 -1.245887 1.027141 39.198401 -1.573525 0.104380
Pedestrian -1 -1 -10 1017.000000 139.000000 1055.000000 247.000000 1.670627 0.620523 0.613517 8.322760 1.381708 13.432777 1.076137 0.093252
Pedestrian -1 -1 -10 768.000000 155.000000 792.000000 235.000000 1.632016 0.601527 0.637009 4.378911 0.984483 17.412524 -1.313617 0.060590
Pedestrian -1 -1 -10 662.000000 160.000000 667.000000 189.000000 1.747804 0.591132 0.661634 4.380163 0.533929 49.013220 -1.410267 0.024364
Pedestrian -1 -1 -10 1131.000000 137.000000 1227.000000 311.000000 1.648563 0.612995 0.689250 6.146289 1.191456 7.110512 1.672045 0.022244
Pedestrian -1 -1 -10 577.000000 161.000000 593.000000 195.000000 1.744802 0.627212 0.697760 -0.902830 1.028204 39.998841 -1.565171 0.020137
Car -1 -1 -10 606.000000 167.000000 642.000000 197.000000 1.527811 1.615634 3.920188 1.012628 1.092087 36.278295 -1.559361 0.998603
Cyclist -1 -1 -10 172.000000 167.000000 405.000000 372.000000 1.661066 0.566200 0.731927 -1.956327 1.668644 4.574393 -1.930323 0.999902
