Pedestrian -1 -1 -10 690.000000 182.000000 764.000000 236.000000 1.459296 1.582641 3.934988 3.845247 1.957536 21.908328 -1.501433 0.024605
Car -1 -1 -10 500.000000 176.000000 556.000000 217.000000 1.469440 1.581143 3.754525 -3.205302 1.651884 28.348688 1.524364 0.997584
Car -1 -1 -10 691.000000 183.000000 762.000000 235.000000 1.450446 1.555180 3.795323 3.937148 1.869484 22.793816 -1.508848 0.993374
Car -1 -1 -10 761.000000 195.000000 950.000000 324.000000 1.477117 1.595770 4.012068 3.715145 1.841022 10.179417 1.487421 0.993165
Car -1 -1 -10 668.000000 181.000000 727.000000 224.000000 1.413033 1.536893 3.884363 3.784275 1.835879 26.608764 1.193366 0.990848
Car -1 -1 -10 724.000000 188.000000 840.000000 266.000000 1.452231 1.570647 3.898007 3.868335 1.875105 15.852967 -1.493253 0.990338
Car -1 -1 -10 904.000000 208.000000 1231.000000 374.000000 1.451158 1.604856 3.923456 4.065985 1.801575 5.149693 1.571916 0.989958
Car -1 -1 -10 349.000000 174.000000 500.000000 291.000000 1.505015 1.500341 3.681654 -3.007842 1.643458 10.385286 -1.670599 0.965904
Car -1 -1 -10 654.000000 180.000000 700.000000 213.000000 1.428434 1.510748 3.662859 3.452886 1.799258 33.586643 -1.518244 0.861363
Car -1 -1 -10 525.000000 175.000000 565.000000 207.000000 1.534366 1.596762 3.761708 -3.212879 1.733666 35.500409 -1.611253 0.292489
Car -1 -1 -10 71.000000 135.000000 431.000000 372.000000 1.589191 1.652963 3.844911 -3.025728 1.529788 6.627758 -1.985584 0.254407
