Car -1 -1 -10 758.000000 177.000000 975.000000 315.000000 1.475693 1.581910 3.985823 3.553433 1.532593 9.510552 -1.699265 0.999532
Car -1 -1 -10 36.000000 199.000000 332.000000 333.000000 1.513886 1.654315 3.830329 -5.877733 2.015698 10.248332 1.568406 0.999518
Car -1 -1 -10 697.000000 182.000000 770.000000 237.000000 1.440540 1.554028 3.856342 3.724969 1.771646 20.290980 1.280822 0.998946
Car -1 -1 -10 288.000000 191.000000 415.000000 265.000000 1.524745 1.561200 3.711404 -5.741624 2.087253 16.083873 1.667606 0.998423
Car -1 -1 -10 417.000000 185.000000 489.000000 231.000000 1.493673 1.554294 3.838670 -5.751029 2.084532 25.174140 1.772609 0.997076
Car -1 -1 -10 880.000000 192.000000 1236.000000 372.000000 1.448505 1.593298 3.925711 3.565153 1.716214 4.611055 1.534829 0.955331
Car -1 -1 -10 671.000000 180.000000 736.000000 223.000000 1.446045 1.469843 3.606680 3.448456 2.040534 26.297959 -1.484202 0.953748
Car -1 -1 -10 658.000000 179.000000 700.000000 211.000000 1.430998 1.546550 3.744997 3.297317 1.785586 34.122203 -1.531381 0.779311
Car -1 -1 -10 492.000000 179.000000 529.000000 207.000000 1.513763 1.554692 3.740618 -6.083435 2.155950 38.894272 1.980779 0.639300
Car -1 -1 -10 192.000000 190.000000 300.000000 224.000000 1.495560 1.639918 3.582678 -13.676600 2.094659 29.449048 1.104272 0.012891
