Car -1 -1 -10 338.000000 193.000000 433.000000 251.000000 1.554280 1.600899 3.725350 -6.273250 2.216471 20.147852 1.702603 0.999446
Car -1 -1 -10 667.000000 176.000000 737.000000 225.000000 1.469644 1.581114 4.024205 3.127128 1.613529 23.092660 1.328014 0.997779
Car -1 -1 -10 399.000000 189.000000 471.000000 234.000000 1.504947 1.553954 3.703876 -6.125476 2.194789 25.474855 1.741859 0.996624
Car -1 -1 -10 453.000000 177.000000 502.000000 218.000000 1.469876 1.604093 3.791611 -6.447927 2.031672 33.759465 1.523938 0.918195
Car -1 -1 -10 0.000000 202.000000 109.000000 246.000000 1.513884 1.637001 3.772609 -20.567318 2.500576 26.745440 -1.571193 0.845482
Car -1 -1 -10 478.000000 181.000000 519.000000 210.000000 1.482610 1.530963 3.639587 -6.423724 1.989376 36.936020 -1.735911 0.406728
Car -1 -1 -10 1078.000000 132.000000 1204.000000 183.000000 1.815453 1.750519 4.309855 24.728923 0.159990 33.609664 -2.030981 0.102360
Car -1 -1 -10 1123.000000 132.000000 1236.000000 175.000000 1.500720 1.585903 3.952589 26.210084 -0.176290 33.397783 2.892114 0.017296
Car -1 -1 -10 33.000000 203.000000 170.000000 243.000000 1.475058 1.549984 3.743154 -19.955736 2.477505 27.147856 0.394747 0.014316
Car -1 -1 -10 680.000000 167.000000 726.000000 196.000000 1.489392 1.640543 3.576369 5.958281 0.870596 43.563421 1.699115 0.013941
