Pedestrian -1 -1 -10 161.000000 182.000000 183.000000 227.000000 1.624340 0.600430 0.568927 -15.913468 2.412476 26.609694 -2.116487 0.752718
Pedestrian -1 -1 -10 193.000000 185.000000 206.000000 217.000000 1.688269 0.596377 0.608773 -18.603724 2.022332 33.184416 -2.094454 0.498455
Pedestrian -1 -1 -10 187.000000 184.000000 212.000000 223.000000 1.691315 0.597927 0.604383 -18.522122 2.050237 33.169263 -2.093831 0.089768
Pedestrian -1 -1 -10 157.000000 187.000000 207.000000 230.000000 1.635627 0.606868 0.597297 -15.729824 2.576929 26.628664 -2.086096 0.028060
Pedestrian -1 -1 -10 188.000000 186.000000 199.000000 220.000000 1.617563 0.598495 0.576354 -21.422303 2.059208 37.383193 -2.084749 0.014058
Pedestrian -1 -1 -10 137.000000 197.000000 223.000000 237.000000 1.492969 1.606056 3.714489 -16.008295 2.644652 26.844261 1.570873 0.013807
Car -1 -1 -10 597.000000 173.000000 631.000000 204.000000 1.532944 1.624523 3.939451 0.187645 1.732419 43.587712 -1.573910 0.999039
Car -1 -1 -10 132.000000 198.000000 231.000000 240.000000 1.549593 1.631634 3.839354 -16.217927 2.497209 27.313294 1.573928 0.998528
Cyclist -1 -1 -10 152.000000 188.000000 202.000000 228.000000 1.714817 0.455424 1.647987 -15.791288 2.396708 26.815939 -2.107579 0.057690
Cyclist -1 -1 -10 134.000000 197.000000 227.000000 240.000000 1.521082 1.590600 3.775592 -15.977154 2.565377 26.960480 1.574858 0.026876
Cyclist -1 -1 -10 160.000000 183.000000 183.000000 225.000000 1.752811 0.579793 0.644045 -16.298858 2.117355 27.541904 -2.132671 0.026037
Cyclist -1 -1 -10 185.000000 186.000000 212.000000 218.000000 1.678465 0.587810 0.630275 -18.603066 2.006578 33.180097 -2.099381 0.017327
