Pedestrian -1 -1 -10 692.000000 161.000000 758.000000 336.000000 1.694236 0.605535 0.754657 1.273315 1.684914 7.254465 -1.361002 0.996828
Pedestrian -1 -1 -10 196.000000 161.000000 265.000000 341.000000 1.706926 0.610201 0.766314 -3.677115 1.740236 7.225484 -2.003184 0.995546
Pedestrian -1 -1 -10 640.000000 167.000000 697.000000 341.000000 1.666774 0.606053 0.722382 0.679667 1.681754 7.188393 -1.441006 0.992253
Pedestrian -1 -1 -10 -1.000000 183.000000 188.000000 374.000000 1.629780 0.632674 0.691285 -2.204809 1.595774 3.087427 -2.174984 0.840897
Pedestrian -1 -1 -10 802.000000 166.000000 832.000000 243.000000 1.660718 0.600293 0.711031 5.167899 1.446320 16.504390 -1.244399 0.804437
Pedestrian -1 -1 -10 754.000000 163.000000 780.000000 238.000000 1.651659 0.608553 0.698081 4.188565 1.363952 18.067145 -1.314654 0.643810
Pedestrian -1 -1 -10 690.000000 173.000000 709.000000 236.000000 1.613162 0.604919 0.650998 2.557732 1.484870 18.420330 -1.413366 0.117644
Pedestrian -1 -1 -10 8.000000 192.000000 119.000000 283.000000 1.680897 0.615973 0.659177 -8.000682 1.815994 10.480961 -2.183695 0.061731
Pedestrian -1 -1 -10 786.000000 163.000000 823.000000 262.000000 1.619667 0.598723 0.605674 4.148011 1.281339 13.938230 -1.288038 0.051937
Pedestrian -1 -1 -10 46.000000 209.000000 162.000000 345.000000 1.614899 0.600794 0.622973 -2.029565 1.503538 2.940466 -2.160888 0.051819
Pedestrian -1 -1 -10 751.000000 162.000000 790.000000 276.000000 1.614249 0.591057 0.615541 1.675053 1.820577 7.520957 -1.320259 0.043262
Pedestrian -1 -1 -10 708.000000 164.000000 821.000000 309.000000 1.778537 0.577770 0.782680 1.179264 1.769908 7.509160 0.769086 0.027117
Pedestrian -1 -1 -10 0.000000 180.000000 91.000000 353.000000 1.648168 0.606327 0.555479 -3.681574 2.067768 4.769590 0.369246 0.024975
Pedestrian -1 -1 -10 79.000000 208.000000 137.000000 299.000000 1.918610 0.669403 0.840088 -5.904329 2.401083 6.834018 1.036013 0.020626
Pedestrian -1 -1 -10 33.000000 212.000000 148.000000 267.000000 1.901813 0.665267 0.779830 -5.816942 2.329715 6.400104 1.023190 0.011079
Cyclist -1 -1 -10 335.000000 161.000000 433.000000 328.000000 1.722267 0.567333 0.773168 -2.498784 1.702885 8.309500 -1.809138 0.999759
Cyclist -1 -1 -10 0.000000 188.000000 187.000000 373.000000 1.727217 0.507333 1.589322 -2.270919 1.581179 3.094197 -2.181945 0.576368
Cyclist -1 -1 -10 394.000000 175.000000 444.000000 236.000000 1.733434 0.553291 1.719788 -5.016800 1.592385 20.415794 -1.786737 0.511355
Cyclist -1 -1 -10 360.000000 175.000000 437.000000 264.000000 1.837348 0.591997 0.691605 -1.845944 1.444353 4.343049 1.352874 0.134539
Cyclist -1 -1 -10 0.000000 179.000000 88.000000 361.000000 1.642298 0.608489 0.607496 -2.305762 1.633375 3.331289 -2.197450 0.091295
Cyclist -1 -1 -10 751.000000 162.000000 786.000000 254.000000 1.531424 1.609327 3.446969 1.059614 2.412986 9.853196 1.867702 0.071239
Cyclist -1 -1 -10 748.000000 167.000000 817.000000 297.000000 1.648761 0.564121 0.687884 1.688381 1.829644 7.703988 -1.275200 0.061680
Cyclist -1 -1 -10 780.000000 165.000000 821.000000 262.000000 1.661717 0.580092 0.619340 4.014189 1.338575 14.150304 -1.305802 0.054176
Cyclist -1 -1 -10 5.000000 202.000000 116.000000 270.000000 1.536899 1.550697 3.351524 -5.707702 1.946668 5.962079 0.987975 0.040300
Cyclist -1 -1 -10 696.000000 163.000000 768.000000 331.000000 1.685041 0.592797 0.769601 1.250191 1.655641 7.307440 -1.356879 0.016953
Cyclist -1 -1 -10 825.000000 169.000000 1001.000000 368.000000 1.771672 0.496588 1.719823 2.525226 1.959803 5.806105 -1.107938 0.012856
