Car -1 -1 -10 759.000000 183.000000 879.000000 233.000000 1.442834 1.683844 3.947907 6.287916 1.596533 23.541399 1.365675 0.996797
Car -1 -1 -10 331.000000 172.000000 487.000000 227.000000 1.478847 1.611433 3.981104 -5.850685 1.426920 22.925876 1.889741 0.996234
Car -1 -1 -10 246.000000 173.000000 455.000000 240.000000 1.538880 1.614882 3.962535 -5.769401 1.523986 18.121298 -3.054548 0.995208
Car -1 -1 -10 785.000000 194.000000 1237.000000 372.000000 1.443943 1.630639 4.030495 2.914518 1.588893 4.775626 1.548690 0.993123
Car -1 -1 -10 694.000000 179.000000 772.000000 212.000000 1.500379 1.666870 3.968102 5.451511 1.693472 35.285610 -1.422367 0.969501
Car -1 -1 -10 387.000000 170.000000 516.000000 217.000000 1.580850 1.556327 3.872914 -5.532332 1.420474 28.520488 1.793959 0.849810
Car -1 -1 -10 8.000000 162.000000 266.000000 355.000000 1.495366 1.623837 3.951748 -5.259733 1.690970 7.571075 -2.178659 0.485349
Car -1 -1 -10 899.000000 190.000000 1190.000000 301.000000 1.504693 1.558218 3.594746 6.837081 1.491073 11.368540 -0.989699 0.401439
Car -1 -1 -10 461.000000 172.000000 545.000000 202.000000 1.463292 1.588588 3.835158 -5.661242 1.536939 43.392434 -1.725677 0.377545
Car -1 -1 -10 783.000000 187.000000 939.000000 246.000000 1.467266 1.545427 3.787623 6.711898 1.671161 22.472849 2.450702 0.293397
Car -1 -1 -10 797.000000 187.000000 1035.000000 264.000000 1.466023 1.675522 3.944198 5.895826 1.613314 14.975777 3.041034 0.219347
Car -1 -1 -10 54.000000 137.000000 337.000000 304.000000 1.608582 1.637691 4.035701 -5.128439 1.332349 10.271718 -2.071346 0.189933
Car -1 -1 -10 749.000000 180.000000 833.000000 223.000000 1.446826 1.667990 3.807091 6.255434 1.607298 25.524336 -1.345206 0.057116
