Car -1 -1 -10 701.000000 176.000000 842.000000 277.000000 1.524206 1.625912 3.890031 2.978136 1.631993 13.308415 1.363564 0.999722
Car -1 -1 -10 320.000000 185.000000 476.000000 242.000000 1.440598 1.570538 3.854468 -5.725232 1.821643 21.030652 0.726006 0.946629
Car -1 -1 -10 689.000000 177.000000 757.000000 207.000000 1.487807 1.626695 4.101216 6.305005 1.496907 38.967945 1.180355 0.882143
Car -1 -1 -10 201.000000 182.000000 429.000000 262.000000 1.463428 1.616836 3.975088 -5.028948 1.417659 13.709988 0.711932 0.770403
Car -1 -1 -10 405.000000 180.000000 487.000000 220.000000 1.528154 1.608814 3.788853 -6.688220 1.629178 30.528150 -1.303585 0.534703
Car -1 -1 -10 124.000000 191.000000 369.000000 282.000000 1.624459 1.720795 3.866270 -5.626860 1.663095 11.299006 -0.982753 0.248952
Car -1 -1 -10 331.000000 177.000000 395.000000 220.000000 1.466413 1.649648 3.622685 -10.147266 1.107369 27.740549 1.244846 0.090324
Car -1 -1 -10 244.000000 177.000000 392.000000 229.000000 1.509001 1.582576 3.924028 -10.882737 0.960797 26.314089 1.229180 0.054725
Car -1 -1 -10 347.000000 178.000000 414.000000 204.000000 1.489760 1.532441 3.659357 -17.384345 1.516253 49.719616 1.764477 0.036398
Car -1 -1 -10 117.000000 185.000000 267.000000 244.000000 1.454939 1.505208 3.501160 -15.231275 1.630227 24.467629 -2.070740 0.035964
Car -1 -1 -10 75.000000 193.000000 347.000000 347.000000 1.530948 1.585357 3.897950 -4.382003 1.633933 8.561741 -2.625696 0.033919
