Pedestrian -1 -1 -10 685.000000 171.000000 710.000000 227.000000 1.709362 0.611040 0.772573 2.619529 1.769718 21.404451 -1.413423 0.014490
Car -1 -1 -10 75.000000 194.000000 315.000000 314.000000 1.544593 1.630890 3.768654 -6.744739 2.052433 11.821963 1.541473 0.999489
Car -1 -1 -10 470.000000 187.000000 530.000000 232.000000 1.487236 1.572833 3.714160 -4.096890 2.083671 26.627025 1.825887 0.998796
Car -1 -1 -10 503.000000 185.000000 548.000000 216.000000 1.562337 1.570105 3.758939 -4.068983 2.418165 37.128642 -1.661924 0.977839
Car -1 -1 -10 708.000000 168.000000 805.000000 202.000000 1.528077 1.646525 4.170879 7.773110 1.525257 38.278277 1.221512 0.963085
Car -1 -1 -10 454.000000 189.000000 502.000000 218.000000 1.515722 1.602882 3.776751 -7.207112 2.604723 36.972670 -1.734127 0.873938
Car -1 -1 -10 350.000000 196.000000 433.000000 243.000000 1.469386 1.542528 3.714407 -6.853298 2.234628 22.341246 1.700458 0.826254
Car -1 -1 -10 2.000000 200.000000 101.000000 375.000000 1.509860 1.618166 3.714483 -6.293172 2.069923 6.962024 -2.181405 0.467264
Car -1 -1 -10 1162.000000 151.000000 1240.000000 209.000000 1.472929 1.561898 3.814768 18.842200 1.163585 22.487641 1.750411 0.045165
Car -1 -1 -10 1134.000000 215.000000 1238.000000 368.000000 1.466645 1.640298 3.597230 3.434811 1.707071 3.816639 -0.888341 0.043451
Car -1 -1 -10 174.000000 193.000000 273.000000 225.000000 1.607010 1.729246 4.079648 -18.366023 1.969323 34.321497 0.551524 0.023150
Car -1 -1 -10 895.000000 150.000000 955.000000 179.000000 1.533350 1.565923 3.966486 20.418429 0.385646 45.903217 -1.680220 0.018355
