Pedestrian -1 -1 -10 885.000000 95.000000 925.000000 300.000000 1.790970 0.659824 0.851423 3.019626 2.263071 9.957917 -1.204277 0.360904
Pedestrian -1 -1 -10 407.000000 176.000000 433.000000 212.000000 1.598685 0.576577 0.591671 -7.405409 1.375823 27.078649 -1.790991 0.041811
Car -1 -1 -10 248.000000 193.000000 422.000000 302.000000 1.536226 1.591061 3.724049 -4.527301 2.038414 12.130191 1.626249 0.999253
Car -1 -1 -10 727.000000 175.000000 888.000000 284.000000 1.453136 1.565622 3.898321 3.344203 1.509187 11.543508 -1.446066 0.999195
Car -1 -1 -10 799.000000 172.000000 1257.000000 372.000000 1.483420 1.620387 4.117076 3.073343 1.443942 4.961605 1.563091 0.996728
Car -1 -1 -10 443.000000 178.000000 512.000000 236.000000 1.476748 1.555195 3.766998 -4.041162 1.934539 22.969922 1.589750 0.995342
Car -1 -1 -10 681.000000 175.000000 754.000000 232.000000 1.440453 1.541256 3.752944 3.315901 1.573598 20.127849 -1.519090 0.994021
Car -1 -1 -10 373.000000 178.000000 476.000000 260.000000 1.536674 1.549221 3.735629 -4.372630 1.968368 17.632567 1.708456 0.992473
Car -1 -1 -10 991.000000 174.000000 1237.000000 325.000000 1.485979 1.648564 3.609833 1.644070 0.932331 3.094364 2.301500 0.018548
Car -1 -1 -10 668.000000 175.000000 729.000000 217.000000 1.431759 1.516516 3.709574 3.610340 1.534216 26.391045 -1.573607 0.017680
Cyclist -1 -1 -10 881.000000 98.000000 931.000000 301.000000 1.745975 0.690344 0.846765 2.911407 2.019904 9.311822 1.971857 0.014392
