Pedestrian -1 -1 -10 791.000000 200.000000 828.000000 311.000000 1.605971 0.603790 0.634946 2.862459 2.049422 9.752973 -1.263839 0.900912
Pedestrian -1 -1 -10 776.000000 195.000000 858.000000 301.000000 1.684926 0.603604 0.649587 3.103627 2.019963 9.052300 1.231531 0.243791
Pedestrian -1 -1 -10 735.000000 196.000000 843.000000 273.000000 1.648381 0.624502 0.715187 2.446442 2.064182 10.205605 -1.306511 0.028754
Car -1 -1 -10 804.000000 189.000000 1009.000000 344.000000 1.528285 1.594478 3.986371 3.882171 1.756888 9.379382 1.459371 0.998652
Car -1 -1 -10 122.000000 204.000000 432.000000 375.000000 1.500763 1.613867 3.730101 -3.241894 1.933529 7.168181 1.607197 0.997017
Car -1 -1 -10 702.000000 196.000000 770.000000 249.000000 1.439851 1.611973 4.020192 4.197342 2.282338 20.876196 1.311732 0.994826
Car -1 -1 -10 554.000000 190.000000 589.000000 218.000000 1.481527 1.614713 3.879947 -2.340058 2.397805 40.089523 1.526149 0.986359
Car -1 -1 -10 733.000000 197.000000 835.000000 271.000000 1.449638 1.641275 4.115712 4.024439 2.061680 15.891458 1.333756 0.981440
Car -1 -1 -10 968.000000 215.000000 1238.000000 376.000000 1.417812 1.591398 3.831211 4.097975 1.922207 3.967242 1.547487 0.956466
Car -1 -1 -10 459.000000 177.000000 561.000000 263.000000 1.566852 1.584691 3.821353 -2.718810 1.901006 18.543108 -1.595251 0.883237
Car -1 -1 -10 693.000000 192.000000 747.000000 237.000000 1.453269 1.584275 3.880583 4.299849 2.458829 26.798308 -1.511354 0.774997
Car -1 -1 -10 750.000000 195.000000 886.000000 294.000000 1.452439 1.521766 3.818232 3.787300 1.743193 9.935012 -0.632515 0.683854
Car -1 -1 -10 684.000000 191.000000 728.000000 228.000000 1.386462 1.569084 3.824743 4.337405 2.597928 32.677496 -1.453866 0.152563
Car -1 -1 -10 788.000000 199.000000 847.000000 306.000000 1.487422 1.528056 3.668921 3.652693 1.854082 9.875379 -0.647687 0.145941
