Pedestrian -1 -1 -10 579.000000 165.000000 589.000000 202.000000 1.656494 0.608337 0.698387 -0.701497 0.966863 34.914561 -1.565142 0.856179
Pedestrian -1 -1 -10 648.000000 165.000000 658.000000 192.000000 1.726937 0.611015 0.679349 3.356713 0.957360 46.387738 -1.423938 0.790490
Pedestrian -1 -1 -10 573.000000 165.000000 585.000000 201.000000 1.673039 0.619878 0.663259 -0.700159 1.115645 35.945492 0.963150 0.782312
Pedestrian -1 -1 -10 1000.000000 159.000000 1060.000000 313.000000 1.769333 0.583993 0.613010 6.607612 1.342860 10.413778 -1.042854 0.639827
Pedestrian -1 -1 -10 655.000000 163.000000 663.000000 191.000000 1.703033 0.608943 0.657200 4.052509 0.832755 50.847391 -1.470390 0.273852
Pedestrian -1 -1 -10 662.000000 164.000000 669.000000 192.000000 1.667075 0.630238 0.623218 4.306517 0.915689 47.149844 -1.422428 0.191415
Pedestrian -1 -1 -10 582.000000 165.000000 598.000000 201.000000 1.721309 0.596028 0.705391 -0.789920 1.064892 35.141824 -1.540111 0.054823
Pedestrian -1 -1 -10 620.000000 166.000000 634.000000 191.000000 1.612517 0.934351 2.933469 -0.419090 2.655678 19.971922 1.431817 0.045058
Pedestrian -1 -1 -10 593.000000 165.000000 601.000000 195.000000 1.665961 0.656875 0.596136 -0.156020 0.825532 52.209348 1.048181 0.044614
Pedestrian -1 -1 -10 665.000000 165.000000 672.000000 193.000000 1.757854 0.579049 0.650646 4.206625 0.924511 47.128835 0.663445 0.023386
Pedestrian -1 -1 -10 587.000000 165.000000 605.000000 199.000000 1.849597 0.623304 0.649052 -0.481097 1.223743 39.776099 -1.599169 0.023352
Pedestrian -1 -1 -10 992.000000 160.000000 1053.000000 233.000000 1.676094 0.606404 0.700278 7.893183 1.146722 13.559385 -1.014775 0.013143
Car -1 -1 -10 589.000000 172.000000 640.000000 213.000000 1.487402 1.599378 3.894294 0.690238 1.156865 27.034067 1.669066 0.999207
Car -1 -1 -10 928.000000 162.000000 998.000000 205.000000 1.495560 1.639918 3.582678 13.409116 1.308135 24.692506 2.038488 0.030195
Car -1 -1 -10 595.000000 169.000000 631.000000 199.000000 1.555043 1.594090 3.680527 -0.509865 1.540144 15.719139 -1.678228 0.022866
Car -1 -1 -10 612.000000 168.000000 636.000000 193.000000 1.484264 1.654787 3.580997 1.159542 0.332562 46.935759 1.599944 0.010797
Cyclist -1 -1 -10 998.000000 156.000000 1065.000000 310.000000 1.752813 0.579793 0.644046 6.574609 1.285944 10.492084 -1.046513 0.611783
Cyclist -1 -1 -10 981.000000 165.000000 1134.000000 348.000000 1.675921 0.582162 0.622075 6.617329 1.323886 10.276257 -1.013843 0.019338
Cyclist -1 -1 -10 992.000000 160.000000 1053.000000 233.000000 1.733930 0.488102 1.656402 7.934700 1.069197 13.633624 -1.018167 0.019246
