Car -1 -1 -10 573.000000 175.000000 614.000000 212.000000 1.503721 1.628032 3.870764 -0.655213 1.092763 34.047743 -1.592292 0.999681
Car -1 -1 -10 303.000000 187.000000 446.000000 271.000000 1.529645 1.601765 3.723741 -4.708304 1.544547 14.196484 -1.407322 0.999622
Car -1 -1 -10 397.000000 180.000000 474.000000 233.000000 1.543783 1.594543 3.711421 -5.340432 1.420953 21.987687 -1.634605 0.996346
Car -1 -1 -10 -3.000000 187.000000 232.000000 294.000000 1.526701 1.603109 3.780014 -8.684993 1.619521 12.281024 -1.609085 0.981243
Car -1 -1 -10 266.000000 180.000000 362.000000 235.000000 1.482357 1.630909 3.902880 -8.979275 1.328594 22.139853 -1.865626 0.968492
Car -1 -1 -10 -4.000000 208.000000 229.000000 376.000000 1.510858 1.620590 3.837717 -4.590189 1.686020 5.329543 1.603467 0.825316
Car -1 -1 -10 536.000000 166.000000 561.000000 192.000000 1.476764 1.659550 3.585648 -4.522892 1.168265 48.552209 -1.647061 0.093688
Car -1 -1 -10 387.000000 173.000000 437.000000 207.000000 1.506752 1.593642 3.841459 -8.669023 0.762006 31.957030 -1.755844 0.047552
Car -1 -1 -10 3.000000 209.000000 112.000000 335.000000 1.450438 1.671896 3.489738 -2.944953 1.029088 3.132339 0.983343 0.023311
Car -1 -1 -10 494.000000 170.000000 544.000000 206.000000 1.498295 1.574569 3.622351 -4.188349 0.931367 33.024424 -1.595303 0.015174
