Car -1 -1 -10 685.000000 182.000000 767.000000 244.000000 1.447547 1.567038 3.837208 3.187613 1.674219 18.543268 -1.515211 0.999471
Car -1 -1 -10 233.000000 179.000000 460.000000 251.000000 1.461237 1.552136 3.964152 -5.920101 1.555443 16.936805 -3.073117 0.998578
Car -1 -1 -10 731.000000 172.000000 873.000000 223.000000 1.586282 1.716430 4.158329 6.277904 1.493316 24.050738 -1.881477 0.994526
Car -1 -1 -10 331.000000 175.000000 483.000000 230.000000 1.498052 1.532320 3.837191 -5.871352 1.580428 23.148042 1.819109 0.948178
Car -1 -1 -10 393.000000 175.000000 500.000000 214.000000 1.484165 1.553345 3.731343 -5.638242 1.418276 29.783292 -1.764351 0.900999
Car -1 -1 -10 837.000000 168.000000 1225.000000 374.000000 1.460096 1.602690 3.964734 3.089471 1.543891 4.291020 1.514431 0.883555
Car -1 -1 -10 33.000000 184.000000 294.000000 294.000000 1.499073 1.612777 3.818166 -6.419465 1.694906 11.263891 -2.113227 0.768648
Car -1 -1 -10 -1.000000 147.000000 238.000000 331.000000 1.624913 1.607978 3.969410 -6.346186 1.468523 8.894818 -2.145396 0.558783
Car -1 -1 -10 687.000000 173.000000 741.000000 201.000000 1.514565 1.642317 3.909600 5.385957 1.364663 38.064232 1.227368 0.453353
Car -1 -1 -10 1.000000 197.000000 177.000000 383.000000 1.473108 1.670690 3.453049 -3.253201 1.275777 3.583402 0.990691 0.266456
Car -1 -1 -10 432.000000 175.000000 536.000000 207.000000 1.462106 1.615362 3.717943 -5.173548 1.864441 35.706354 1.895662 0.120505
Car -1 -1 -10 152.000000 186.000000 394.000000 264.000000 1.515299 1.605331 3.968739 -6.155956 1.673694 14.837791 0.514887 0.078906
