Car -1 -1 -10 405.000000 189.000000 473.000000 233.000000 1.523151 1.589733 3.753551 -6.254020 2.173544 26.740136 1.690749 0.998504
Car -1 -1 -10 445.000000 188.000000 498.000000 222.000000 1.479006 1.575109 3.751490 -6.137897 2.144442 32.030952 1.544564 0.990266
Car -1 -1 -10 110.000000 200.000000 200.000000 235.000000 1.512004 1.644898 3.894237 -20.773941 2.729353 33.047938 0.462991 0.961410
Car -1 -1 -10 654.000000 175.000000 708.000000 214.000000 1.466216 1.564148 4.005248 3.152291 1.560698 29.226864 1.244116 0.905693
Car -1 -1 -10 65.000000 205.000000 144.000000 238.000000 1.422258 1.618064 3.985808 -23.050096 2.920843 33.857977 0.360156 0.849630
Car -1 -1 -10 175.000000 200.000000 248.000000 235.000000 1.504796 1.550442 3.798301 -18.316374 2.710793 32.955759 0.938715 0.683831
Car -1 -1 -10 1010.000000 134.000000 1099.000000 178.000000 1.675383 1.674601 4.299504 24.225886 0.087136 40.010612 1.473877 0.673955
Car -1 -1 -10 479.000000 179.000000 519.000000 211.000000 1.417309 1.579087 3.743378 -6.687906 2.098333 39.675892 1.958329 0.412514
Car -1 -1 -10 11.000000 207.000000 98.000000 242.000000 1.477406 1.616971 3.806290 -25.472274 3.026714 34.067835 -1.572157 0.387265
Car -1 -1 -10 493.000000 181.000000 530.000000 206.000000 1.495087 1.557235 3.696033 -6.200365 2.157310 40.406277 1.525468 0.025034
