Pedestrian -1 -1 -10 763.000000 162.000000 775.000000 202.000000 1.520343 1.557776 3.722312 1.950819 1.421895 12.390565 1.814673 0.178132
Pedestrian -1 -1 -10 758.000000 162.000000 786.000000 205.000000 1.798302 0.617364 0.633536 5.753332 1.047466 27.716109 -1.340047 0.012145
Car -1 -1 -10 745.000000 172.000000 883.000000 256.000000 1.457892 1.587512 3.874410 4.085995 1.464707 14.150475 -1.763860 0.998894
Car -1 -1 -10 560.000000 182.000000 614.000000 218.000000 1.462739 1.590007 3.766874 -1.015655 1.764067 28.840445 1.673680 0.997367
Car -1 -1 -10 942.000000 179.000000 1227.000000 372.000000 1.437235 1.571675 3.888060 3.602096 1.630099 3.450323 1.542542 0.980265
Car -1 -1 -10 593.000000 178.000000 627.000000 207.000000 1.489164 1.607913 3.795476 -0.192350 1.657483 37.530078 1.639630 0.955310
Car -1 -1 -10 700.000000 174.000000 731.000000 201.000000 1.516832 1.678341 3.706742 5.877447 1.316219 41.530169 -1.412312 0.049913
Car -1 -1 -10 694.000000 171.000000 722.000000 196.000000 1.525807 1.676311 3.712710 5.873951 1.318318 41.563834 -1.421237 0.020500
Car -1 -1 -10 2.000000 206.000000 112.000000 344.000000 1.441617 1.659782 3.536902 -3.099709 0.990517 3.231257 1.006229 0.019686
Cyclist -1 -1 -10 758.000000 165.000000 778.000000 202.000000 1.661339 0.580399 0.615072 5.345168 1.230674 25.317536 -1.354432 0.012371
