Pedestrian -1 -1 -10 305.000000 187.000000 323.000000 247.000000 1.852367 0.626101 0.705974 -3.863170 2.165612 6.855141 1.255719 0.395667
Pedestrian -1 -1 -10 314.000000 194.000000 333.000000 246.000000 1.874479 0.636877 0.723149 -3.960135 2.230754 7.258854 1.267074 0.148595
Pedestrian -1 -1 -10 292.000000 189.000000 335.000000 251.000000 1.501582 1.457447 3.694687 -9.318387 3.189407 19.040569 1.159728 0.076041
Pedestrian -1 -1 -10 286.000000 193.000000 297.000000 240.000000 1.671856 0.592652 0.595932 -12.375246 2.283334 28.253086 -1.988656 0.055068
Pedestrian -1 -1 -10 285.000000 194.000000 316.000000 243.000000 1.626489 0.595944 0.615135 -12.481938 2.377128 28.317611 -1.963560 0.020594
Pedestrian -1 -1 -10 310.000000 190.000000 329.000000 231.000000 1.878071 0.670462 0.889312 -4.299008 2.374630 8.156613 1.235251 0.011329
Car -1 -1 -10 53.000000 197.000000 349.000000 328.000000 1.465683 1.626962 3.842799 -5.430949 1.820370 10.224405 1.670226 0.999505
Car -1 -1 -10 223.000000 197.000000 338.000000 259.000000 1.527159 1.590936 3.917880 -12.941173 2.193077 26.219965 1.621741 0.022005
Cyclist -1 -1 -10 288.000000 190.000000 341.000000 256.000000 1.839160 0.599086 0.706666 -3.463195 2.103040 6.132338 1.245709 0.098356
Cyclist -1 -1 -10 300.000000 188.000000 328.000000 247.000000 1.514964 1.562324 3.389160 -4.095788 1.961223 7.296549 1.252369 0.058040
Cyclist -1 -1 -10 285.000000 194.000000 318.000000 244.000000 1.615846 0.582631 0.629998 -12.546415 2.332549 28.383669 -1.965359 0.025562
Cyclist -1 -1 -10 311.000000 194.000000 333.000000 252.000000 1.540923 1.544098 3.355065 -4.346452 2.148208 8.159399 1.243320 0.013989
Cyclist -1 -1 -10 286.000000 193.000000 297.000000 240.000000 1.687401 0.577777 0.617000 -12.432209 2.250108 28.306247 -1.993216 0.011596
