Pedestrian -1 -1 -10 945.000000 168.000000 1068.000000 373.000000 1.628074 0.606562 0.672676 2.390320 1.725704 4.207899 -1.036267 0.863191
Pedestrian -1 -1 -10 980.000000 194.000000 1122.000000 369.000000 1.595043 0.595116 0.618181 2.511723 1.709996 3.831617 -0.984692 0.613825
Pedestrian -1 -1 -10 462.000000 179.000000 490.000000 262.000000 1.612023 0.594229 0.544902 -2.368036 1.599815 13.436249 -1.741073 0.450823
Pedestrian -1 -1 -10 960.000000 196.000000 1060.000000 303.000000 1.747991 0.598480 0.644773 1.190417 1.140637 2.483702 -1.092517 0.019686
Car -1 -1 -10 844.000000 175.000000 917.000000 228.000000 1.433044 1.558128 3.738288 8.244721 1.539029 21.531206 -1.290327 0.999467
Car -1 -1 -10 393.000000 179.000000 531.000000 257.000000 1.478819 1.655620 3.884572 -2.866620 1.531657 15.327393 -1.761579 0.938434
Car -1 -1 -10 962.000000 200.000000 1228.000000 367.000000 1.483967 1.562166 3.797959 3.224136 1.439506 4.354086 1.616370 0.777281
Car -1 -1 -10 1019.000000 213.000000 1143.000000 367.000000 1.527225 1.593477 3.688164 3.077663 1.465772 3.894711 1.631368 0.033788
Car -1 -1 -10 450.000000 179.000000 498.000000 260.000000 1.479039 1.569963 3.693912 -2.518042 1.353118 14.363005 -1.752940 0.017233
Cyclist -1 -1 -10 936.000000 171.000000 1079.000000 374.000000 1.623221 0.597093 0.697637 2.429522 1.680238 4.203174 -1.038748 0.759476
Cyclist -1 -1 -10 963.000000 192.000000 1177.000000 371.000000 1.699604 0.566955 1.795729 2.601811 1.704862 3.605150 1.581996 0.466956
Cyclist -1 -1 -10 954.000000 182.000000 1050.000000 306.000000 1.664699 0.582952 0.622839 2.463668 1.340839 4.371226 -1.078482 0.071875
Cyclist -1 -1 -10 960.000000 195.000000 1059.000000 247.000000 1.735286 0.685502 0.841744 4.319135 2.128084 9.777254 2.084835 0.022128
Cyclist -1 -1 -10 994.000000 176.000000 1037.000000 247.000000 1.765821 0.580792 0.630758 1.002422 1.129422 2.350134 -1.083750 0.015553
Cyclist -1 -1 -10 950.000000 211.000000 1071.000000 266.000000 1.784750 0.594033 0.661524 1.065468 1.111834 2.578978 2.150563 0.014852
