Pedestrian -1 -1 -10 515.000000 166.000000 560.000000 275.000000 1.736974 0.588241 0.754757 -1.226495 1.728090 10.962174 0.450865 0.989224
Pedestrian -1 -1 -10 1117.000000 131.000000 1187.000000 299.000000 1.669332 0.592753 0.711610 6.172354 1.381467 7.550993 1.209465 0.971949
Pedestrian -1 -1 -10 499.000000 168.000000 535.000000 277.000000 1.711514 0.588487 0.738639 -1.295681 1.697348 10.864428 -1.643448 0.941347
Pedestrian -1 -1 -10 1138.000000 126.000000 1219.000000 308.000000 1.703373 0.596027 0.747403 6.308730 1.324126 7.238532 1.232597 0.937805
Pedestrian -1 -1 -10 1003.000000 149.000000 1024.000000 213.000000 1.898262 0.673375 0.789088 2.728339 1.941290 6.329262 2.167189 0.172542
Pedestrian -1 -1 -10 1152.000000 134.000000 1222.000000 220.000000 1.612541 1.164235 3.185295 10.115223 1.331492 13.343924 2.182646 0.024301
Pedestrian -1 -1 -10 881.000000 153.000000 898.000000 196.000000 1.729849 0.603253 0.784976 13.283528 0.856447 33.147223 0.920329 0.022626
Car -1 -1 -10 448.000000 173.000000 481.000000 198.000000 1.462885 1.597184 3.898325 -8.849779 1.141667 44.045351 -1.762747 0.997425
Car -1 -1 -10 0.000000 205.000000 295.000000 365.000000 1.496807 1.596173 3.837063 -3.179116 1.592272 3.363009 1.607374 0.971807
Cyclist -1 -1 -10 1148.000000 129.000000 1222.000000 304.000000 1.667945 0.608802 0.730080 6.266920 1.245052 7.282582 -0.846063 0.096247
Cyclist -1 -1 -10 501.000000 166.000000 540.000000 284.000000 1.707199 0.576347 0.750997 -1.256628 1.630927 10.898045 -1.645123 0.023899
Cyclist -1 -1 -10 1149.000000 138.000000 1222.000000 207.000000 1.596087 1.077557 3.027969 10.038561 1.254037 13.116361 2.136239 0.015552
Cyclist -1 -1 -10 515.000000 166.000000 559.000000 278.000000 1.705917 0.565915 0.754017 -1.242850 1.659176 10.958043 -1.617514 0.014904
Cyclist -1 -1 -10 502.000000 171.000000 538.000000 213.000000 1.528589 1.553811 3.359550 -1.629232 1.697760 6.662204 1.516333 0.010873
