Pedestrian -1 -1 -10 670.000000 169.000000 683.000000 206.000000 1.635288 0.601544 0.683636 3.400895 1.750455 35.656327 -1.451171 0.615767
Car -1 -1 -10 763.000000 182.000000 1012.000000 326.000000 1.457063 1.591991 3.891299 3.363509 1.590990 8.347267 1.438717 0.998782
Car -1 -1 -10 472.000000 178.000000 525.000000 203.000000 1.446290 1.591548 3.983718 -5.965568 1.745245 41.452816 0.909660 0.997009
Car -1 -1 -10 187.000000 184.000000 366.000000 285.000000 1.549057 1.572187 3.710850 -5.606572 1.857000 12.347801 1.606757 0.995977
Car -1 -1 -10 0.000000 193.000000 256.000000 364.000000 1.540454 1.643857 3.706321 -5.625816 1.838812 8.103957 1.534359 0.990203
Car -1 -1 -10 879.000000 187.000000 1245.000000 370.000000 1.433812 1.608331 3.899140 3.372959 1.680513 3.696974 1.522327 0.987961
Car -1 -1 -10 221.000000 177.000000 288.000000 218.000000 1.453602 1.577275 3.763910 -14.604555 1.687150 29.966510 1.136541 0.143836
Car -1 -1 -10 278.000000 185.000000 355.000000 230.000000 1.512311 1.649176 3.971310 -10.963674 1.387228 27.940744 0.725459 0.031985
Car -1 -1 -10 876.000000 199.000000 1057.000000 374.000000 1.500224 1.569686 3.683919 3.231200 1.888297 4.445390 1.447957 0.015105
Cyclist -1 -1 -10 669.000000 170.000000 684.000000 207.000000 1.626776 0.586008 0.692160 3.378815 1.704079 35.694531 -1.449372 0.022540
