Pedestrian -1 -1 -10 437.000000 170.000000 467.000000 255.000000 1.691793 0.607632 0.764480 -3.123808 1.741062 15.461960 -1.733402 0.998371
Pedestrian -1 -1 -10 690.000000 174.000000 729.000000 284.000000 1.701919 0.598094 0.752332 1.818029 1.794196 11.437625 -1.374655 0.997310
Pedestrian -1 -1 -10 642.000000 171.000000 672.000000 238.000000 1.672037 0.624399 0.757552 1.570148 1.650501 20.259603 -1.457183 0.995036
Pedestrian -1 -1 -10 723.000000 176.000000 758.000000 281.000000 1.678164 0.597809 0.670600 2.246413 1.785203 12.125534 0.733896 0.968244
Pedestrian -1 -1 -10 398.000000 174.000000 420.000000 237.000000 1.613750 0.608286 0.657456 -4.180115 1.521934 16.094792 -1.809597 0.958658
Pedestrian -1 -1 -10 780.000000 166.000000 807.000000 247.000000 1.735551 0.601445 0.685021 4.355209 1.698086 16.361451 -1.251737 0.920749
Pedestrian -1 -1 -10 819.000000 169.000000 844.000000 249.000000 1.690440 0.595887 0.735845 4.938530 1.619662 15.233984 -1.217513 0.917670
Pedestrian -1 -1 -10 755.000000 170.000000 784.000000 252.000000 1.704753 0.594626 0.708329 3.493269 1.796335 15.245003 0.786692 0.894707
Pedestrian -1 -1 -10 7.000000 172.000000 69.000000 280.000000 1.615640 0.608413 0.650177 -8.089130 1.579644 10.375431 -2.214859 0.630288
Pedestrian -1 -1 -10 3.000000 227.000000 94.000000 373.000000 1.633225 0.588193 0.521571 -3.186800 1.927901 4.476869 -2.179165 0.563859
Pedestrian -1 -1 -10 766.000000 169.000000 797.000000 248.000000 1.768537 0.581801 0.798321 3.895828 1.714817 15.893882 -1.272036 0.502477
Pedestrian -1 -1 -10 1.000000 217.000000 234.000000 373.000000 1.694995 0.701816 0.595993 -3.734225 1.993950 4.636444 0.465195 0.196768
Car -1 -1 -10 562.000000 180.000000 603.000000 212.000000 1.454394 1.584865 3.826140 -1.269691 1.594331 35.403549 2.009881 0.998724
Car -1 -1 -10 22.000000 221.000000 276.000000 373.000000 1.434026 1.557917 3.692202 -4.162810 1.887493 5.610991 0.440611 0.055938
Cyclist -1 -1 -10 5.000000 221.000000 130.000000 368.000000 1.657028 0.626045 0.584954 -3.725605 1.919095 4.676886 1.415002 0.876879
Cyclist -1 -1 -10 -4.000000 218.000000 263.000000 376.000000 1.788892 0.736428 0.649200 -3.804830 2.026111 4.670641 0.471099 0.652498
Cyclist -1 -1 -10 3.000000 171.000000 88.000000 296.000000 1.602159 0.598149 0.663112 -8.100901 1.551408 10.422831 -2.211879 0.537263
Cyclist -1 -1 -10 17.000000 195.000000 136.000000 285.000000 1.615697 0.594423 0.601403 -8.356206 1.837865 11.324952 -2.164730 0.111858
Cyclist -1 -1 -10 16.000000 213.000000 81.000000 351.000000 1.622862 0.624244 0.539689 -3.476408 1.969453 4.685620 1.406630 0.014144
Cyclist -1 -1 -10 891.000000 211.000000 1031.000000 367.000000 1.620513 0.604005 0.604609 2.758985 1.833137 5.328353 -1.117052 0.013480
