Car -1 -1 -10 313.000000 197.000000 436.000000 263.000000 1.456332 1.608236 3.970630 -5.450241 2.037149 17.262512 0.804224 0.999447
Car -1 -1 -10 189.000000 191.000000 255.000000 231.000000 1.442713 1.579440 3.841003 -15.651601 2.200207 28.873757 -2.146150 0.998730
Car -1 -1 -10 783.000000 178.000000 886.000000 237.000000 1.425223 1.594733 3.858960 5.699961 1.554396 18.515344 1.438092 0.998535
Car -1 -1 -10 169.000000 191.000000 231.000000 223.000000 1.424995 1.552409 3.753185 -17.508608 2.293033 31.335147 0.582750 0.987240
Car -1 -1 -10 698.000000 178.000000 771.000000 232.000000 1.412346 1.585305 3.771450 3.420253 1.616845 19.388546 1.710221 0.983120
Car -1 -1 -10 374.000000 178.000000 472.000000 218.000000 1.506732 1.650281 3.899156 -8.590781 1.839833 33.444833 -2.959249 0.898451
Car -1 -1 -10 447.000000 166.000000 713.000000 312.000000 1.657161 1.688776 4.225254 -0.499340 1.561982 11.143714 -2.197829 0.753729
Car -1 -1 -10 848.000000 170.000000 1016.000000 229.000000 1.379499 1.656584 4.185269 8.995519 1.306777 20.595350 1.385800 0.379941
Car -1 -1 -10 320.000000 185.000000 408.000000 210.000000 1.417752 1.618534 4.100261 -12.624485 1.829966 37.493400 0.629045 0.206762
Car -1 -1 -10 745.000000 177.000000 811.000000 220.000000 1.544867 1.645112 3.818835 7.493530 1.888639 29.837360 -1.288981 0.137893
Car -1 -1 -10 560.000000 175.000000 711.000000 262.000000 1.471025 1.632156 3.640998 2.227578 2.189652 16.671658 1.602543 0.022864
