Pedestrian -1 -1 -10 433.000000 177.000000 448.000000 219.000000 1.492289 1.558497 3.770914 -4.949400 2.343221 16.342568 1.365948 0.940568
Pedestrian -1 -1 -10 415.000000 180.000000 429.000000 217.000000 1.598343 0.617045 0.619242 -7.798461 2.015702 29.662382 -1.795091 0.892543
Pedestrian -1 -1 -10 420.000000 180.000000 437.000000 218.000000 1.619461 0.601648 0.589539 -7.284606 1.877001 29.177393 -1.814659 0.060149
Pedestrian -1 -1 -10 431.000000 180.000000 441.000000 216.000000 1.627649 0.597609 0.599598 -6.776435 1.712210 29.238201 -1.804211 0.059726
Car -1 -1 -10 670.000000 181.000000 770.000000 256.000000 1.510238 1.574467 3.844071 2.652677 1.786618 16.862724 -1.519941 0.999683
Car -1 -1 -10 413.000000 192.000000 480.000000 241.000000 1.524051 1.570790 3.716696 -5.078327 2.010612 22.470331 -1.688838 0.998138
Car -1 -1 -10 2.000000 207.000000 279.000000 372.000000 1.506140 1.612499 3.690498 -4.783112 1.887470 6.316758 1.550829 0.982901
Car -1 -1 -10 451.000000 180.000000 506.000000 223.000000 1.550135 1.591516 3.769119 -5.542132 1.974783 31.292825 -1.600543 0.982068
Car -1 -1 -10 636.000000 181.000000 684.000000 223.000000 1.428736 1.553859 3.830953 1.956063 1.765897 26.984358 -1.569694 0.981866
Car -1 -1 -10 616.000000 178.000000 647.000000 207.000000 1.467268 1.610001 3.846092 1.178371 1.927924 42.336512 -1.568024 0.552165
Car -1 -1 -10 485.000000 182.000000 523.000000 209.000000 1.549119 1.620980 3.665050 -6.011039 2.454072 44.776570 -1.697830 0.363694
Car -1 -1 -10 876.000000 210.000000 1247.000000 372.000000 1.462333 1.574346 3.911792 3.350444 1.582021 3.829897 1.541783 0.324399
Car -1 -1 -10 866.000000 236.000000 1075.000000 358.000000 1.480299 1.681523 3.608220 2.994790 1.757182 4.093338 -1.094725 0.010293
