Pedestrian -1 -1 -10 594.000000 168.000000 606.000000 200.000000 1.643128 0.602154 0.703794 -0.308637 1.664999 34.483051 -1.545701 0.010124
Car -1 -1 -10 491.000000 169.000000 553.000000 221.000000 1.554489 1.602467 3.760697 -3.105880 1.505791 26.033674 1.539250 0.999636
Car -1 -1 -10 696.000000 175.000000 794.000000 270.000000 1.484500 1.594706 3.842450 2.705176 1.620192 14.010494 -1.453484 0.999292
Car -1 -1 -10 12.000000 194.000000 424.000000 372.000000 1.525596 1.648840 3.756958 -3.099237 1.624576 5.894925 -1.518816 0.997849
Car -1 -1 -10 670.000000 182.000000 731.000000 242.000000 1.410083 1.531834 3.637502 2.645184 1.827783 17.954279 -1.437849 0.994161
Car -1 -1 -10 274.000000 167.000000 437.000000 225.000000 1.517997 1.644005 3.866825 -6.737290 1.165037 20.694963 1.774725 0.986305
Car -1 -1 -10 532.000000 172.000000 573.000000 208.000000 1.488231 1.606021 3.696860 -2.721473 1.683168 33.166613 -1.609500 0.985731
Car -1 -1 -10 172.000000 199.000000 412.000000 309.000000 1.489024 1.637984 3.756725 -2.978360 1.520539 5.437741 1.699739 0.012227
Car -1 -1 -10 593.000000 167.000000 605.000000 199.000000 1.527088 1.593122 3.571594 -0.406862 1.353600 35.452211 -1.539045 0.011113
Cyclist -1 -1 -10 591.000000 167.000000 607.000000 205.000000 1.632084 0.588215 0.721517 -0.310340 1.626838 34.514269 -1.549883 0.991817
