Pedestrian -1 -1 -10 523.000000 165.000000 546.000000 210.000000 1.649940 0.603091 0.717439 -2.703550 1.241417 28.424188 -1.632111 0.940928
Pedestrian -1 -1 -10 394.000000 167.000000 414.000000 215.000000 1.721612 0.599412 0.665130 -8.096993 1.426073 27.839459 0.262086 0.709250
Pedestrian -1 -1 -10 425.000000 162.000000 446.000000 212.000000 1.741837 0.569757 0.661432 -6.409263 1.217656 26.573574 1.818316 0.275009
Pedestrian -1 -1 -10 286.000000 175.000000 299.000000 217.000000 1.655445 0.586472 0.699345 -13.523001 1.720542 30.491050 -1.943422 0.174929
Pedestrian -1 -1 -10 279.000000 177.000000 292.000000 218.000000 1.638143 0.593242 0.687890 -13.536796 1.716791 30.302966 -1.958247 0.046104
Pedestrian -1 -1 -10 827.000000 155.000000 839.000000 185.000000 1.515694 1.545965 3.728521 3.631689 1.475297 13.605455 1.925320 0.011858
Pedestrian -1 -1 -10 325.000000 173.000000 343.000000 200.000000 1.582390 1.080112 3.160629 -8.703025 3.120145 19.267978 1.069323 0.011484
Car -1 -1 -10 451.000000 175.000000 527.000000 227.000000 1.520454 1.596527 3.713936 -3.493974 1.269595 21.355785 -1.603605 0.999393
Car -1 -1 -10 925.000000 162.000000 1012.000000 187.000000 1.463625 1.674304 3.965906 19.147826 0.381932 37.113307 -0.049263 0.806527
Car -1 -1 -10 1001.000000 151.000000 1112.000000 185.000000 1.570254 1.631666 3.960861 24.004861 0.146362 37.349886 -0.010943 0.470591
Car -1 -1 -10 481.000000 173.000000 517.000000 199.000000 1.564981 1.625402 3.713313 -2.791467 1.609952 12.254907 -1.798346 0.092223
Cyclist -1 -1 -10 637.000000 162.000000 672.000000 198.000000 1.701595 0.610532 0.789601 2.550230 1.091451 37.797150 -1.471612 0.997944
Cyclist -1 -1 -10 751.000000 154.000000 800.000000 202.000000 1.722146 0.609600 0.789476 7.059708 0.873971 29.417742 -1.304426 0.997740
Cyclist -1 -1 -10 814.000000 153.000000 872.000000 201.000000 1.674830 0.526549 1.606929 8.294989 0.603886 25.501394 -1.250586 0.664799
Cyclist -1 -1 -10 394.000000 167.000000 415.000000 213.000000 1.698803 0.607506 0.682896 -8.049990 1.361961 27.795899 -1.814039 0.015397
