Car -1 -1 -10 172.000000 202.000000 346.000000 306.000000 1.456695 1.602314 3.738276 -6.233371 2.022739 12.185557 1.632371 0.998537
Car -1 -1 -10 408.000000 188.000000 483.000000 234.000000 1.503734 1.555726 3.714960 -5.899291 2.234512 25.798726 1.761098 0.998262
Car -1 -1 -10 317.000000 194.000000 428.000000 258.000000 1.535770 1.574916 3.719944 -5.980084 2.188464 18.430664 1.646430 0.998020
Car -1 -1 -10 689.000000 175.000000 765.000000 231.000000 1.425343 1.592060 3.928089 3.331013 1.584916 20.321983 -1.561245 0.997601
Car -1 -1 -10 923.000000 140.000000 1187.000000 221.000000 1.590480 1.645057 4.184607 9.526142 0.868239 15.730029 0.008423 0.991383
Car -1 -1 -10 672.000000 175.000000 735.000000 222.000000 1.448908 1.524707 3.786286 3.487588 1.606802 25.573120 -1.542859 0.985726
Car -1 -1 -10 654.000000 177.000000 700.000000 207.000000 1.477722 1.543014 4.008102 3.651599 1.837561 35.729302 1.196552 0.882168
Car -1 -1 -10 451.000000 186.000000 505.000000 223.000000 1.495704 1.597013 3.755666 -5.754575 2.283444 32.099826 1.504379 0.845697
Car -1 -1 -10 2.000000 216.000000 228.000000 375.000000 1.498124 1.618463 3.677955 -5.973471 2.046359 7.829590 1.520824 0.834509
Car -1 -1 -10 803.000000 154.000000 948.000000 210.000000 1.513158 1.578405 3.896227 9.422920 0.587460 26.597073 1.396046 0.676955
Car -1 -1 -10 863.000000 151.000000 1027.000000 211.000000 1.507781 1.606871 4.053893 9.234382 0.248144 20.873196 1.561566 0.575441
Car -1 -1 -10 643.000000 178.000000 682.000000 204.000000 1.416513 1.514030 3.619536 3.400150 1.810144 36.926640 -1.533488 0.296166
Car -1 -1 -10 490.000000 184.000000 530.000000 209.000000 1.458034 1.585554 3.659842 -6.502962 2.142341 39.962703 2.006523 0.224305
