Car -1 -1 -10 320.000000 187.000000 457.000000 268.000000 1.556515 1.589808 3.720208 -4.675766 2.010944 15.243501 1.713451 0.999309
Car -1 -1 -10 531.000000 179.000000 565.000000 206.000000 1.510650 1.592636 3.789522 -3.666663 1.798689 42.426802 1.603260 0.999148
Car -1 -1 -10 412.000000 184.000000 499.000000 241.000000 1.501124 1.545440 3.707429 -4.272253 1.977501 20.907821 1.552154 0.998372
Car -1 -1 -10 790.000000 187.000000 1001.000000 311.000000 1.455812 1.611170 4.080296 4.065133 1.638660 9.732064 1.465011 0.998268
Car -1 -1 -10 705.000000 180.000000 784.000000 235.000000 1.406975 1.524147 3.817747 4.231417 1.733629 21.025748 -1.508417 0.997515
Car -1 -1 -10 739.000000 182.000000 851.000000 258.000000 1.435151 1.567019 3.903220 4.218804 1.747634 15.643384 -1.466844 0.997159
Car -1 -1 -10 458.000000 184.000000 524.000000 226.000000 1.459577 1.585451 3.679974 -4.132082 2.035568 26.046561 1.836354 0.994880
Car -1 -1 -10 693.000000 178.000000 741.000000 221.000000 1.404916 1.518723 3.564841 4.428291 1.758678 26.983159 -1.490072 0.979008
Car -1 -1 -10 915.000000 183.000000 1242.000000 372.000000 1.444143 1.611669 3.998079 4.272411 1.600442 4.635905 1.503064 0.947142
Car -1 -1 -10 686.000000 178.000000 724.000000 211.000000 1.466868 1.486280 3.481028 4.511535 1.969405 32.008221 -1.471696 0.410545
