Car -1 -1 -10 225.000000 187.000000 416.000000 297.000000 1.561890 1.611934 3.746318 -4.588715 1.556480 11.540685 -1.437903 0.999627
Car -1 -1 -10 573.000000 174.000000 614.000000 210.000000 1.512966 1.639086 3.855156 -0.670259 1.061824 33.515463 -1.586983 0.999526
Car -1 -1 -10 365.000000 178.000000 461.000000 241.000000 1.551851 1.597055 3.752071 -5.368084 1.410186 19.285829 -1.411817 0.998477
Car -1 -1 -10 218.000000 183.000000 319.000000 242.000000 1.512064 1.676724 3.865943 -9.040874 1.348990 19.435725 -1.410400 0.987130
Car -1 -1 -10 -2.000000 191.000000 157.000000 310.000000 1.526862 1.627807 3.793894 -8.498657 1.684578 10.563404 -1.610393 0.813769
Car -1 -1 -10 361.000000 171.000000 425.000000 214.000000 1.537664 1.612837 3.872246 -8.796103 0.755550 29.135010 -1.795222 0.442027
Car -1 -1 -10 501.000000 173.000000 547.000000 203.000000 1.613602 0.926349 2.737071 -3.565243 3.475388 22.563434 1.284984 0.021964
Car -1 -1 -10 533.000000 164.000000 561.000000 192.000000 1.476717 1.651236 3.611098 -4.471168 1.104110 45.819466 -1.650803 0.020049
Car -1 -1 -10 255.000000 182.000000 336.000000 229.000000 1.500305 1.564079 3.611718 -12.079932 1.152676 28.774813 -1.945104 0.016685
Car -1 -1 -10 482.000000 168.000000 536.000000 208.000000 1.509087 1.566989 3.633711 -4.131052 1.018788 30.558408 -1.575316 0.011982
