Pedestrian -1 -1 -10 639.000000 171.000000 655.000000 212.000000 1.634876 0.602230 0.679681 1.831541 1.445842 28.724803 -1.479088 0.761467
Pedestrian -1 -1 -10 877.000000 199.000000 921.000000 279.000000 1.630074 0.588427 0.548827 6.316368 1.715007 14.751035 -1.172552 0.391166
Pedestrian -1 -1 -10 0.000000 236.000000 156.000000 373.000000 1.824326 0.608012 0.676404 -3.358386 1.536546 3.629855 1.002138 0.354881
Pedestrian -1 -1 -10 892.000000 188.000000 915.000000 258.000000 1.632057 0.598165 0.565452 6.260504 1.444430 14.849151 -1.165252 0.032504
Pedestrian -1 -1 -10 828.000000 204.000000 867.000000 255.000000 1.621903 0.574466 0.510739 6.140452 1.881872 17.026251 -1.230786 0.020655
Pedestrian -1 -1 -10 832.000000 205.000000 906.000000 256.000000 1.655424 0.590839 0.542035 6.115162 1.896527 16.344806 1.914756 0.015391
Car -1 -1 -10 0.000000 228.000000 210.000000 373.000000 1.606077 1.670719 3.502252 -4.919731 1.867766 5.928968 1.425238 0.021541
Car -1 -1 -10 823.000000 207.000000 872.000000 254.000000 1.482373 1.634873 3.331160 1.518219 1.710971 7.156794 1.985780 0.014397
Cyclist -1 -1 -10 1.000000 227.000000 165.000000 373.000000 1.816625 0.591444 0.743059 -1.764423 1.259588 2.130487 -2.220152 0.438972
Cyclist -1 -1 -10 489.000000 184.000000 546.000000 230.000000 1.671272 0.551093 1.759346 -2.698870 1.652870 22.082132 -1.714218 0.417197
Cyclist -1 -1 -10 873.000000 198.000000 927.000000 277.000000 1.636471 0.586988 0.538227 6.249833 1.614875 14.240052 -1.176971 0.049179
