Pedestrian -1 -1 -10 676.000000 179.000000 769.000000 250.000000 1.831965 0.781381 0.726615 2.661142 1.945964 16.820102 -1.515242 0.011654
Car -1 -1 -10 435.000000 180.000000 508.000000 233.000000 1.508627 1.570331 3.676195 -4.352963 1.811447 22.887165 1.775675 0.998952
Car -1 -1 -10 26.000000 183.000000 380.000000 372.000000 1.475528 1.622939 3.716821 -3.655386 1.670947 5.833050 1.636379 0.997709
Car -1 -1 -10 645.000000 178.000000 723.000000 234.000000 1.454312 1.590665 3.986315 2.639401 1.779323 21.271207 1.231926 0.995583
Car -1 -1 -10 738.000000 183.000000 917.000000 312.000000 1.467574 1.576794 3.969778 3.284050 1.697317 10.368813 -1.722116 0.994602
Car -1 -1 -10 676.000000 179.000000 769.000000 250.000000 1.463892 1.546262 3.794994 2.882319 1.690338 17.681719 -1.559766 0.992905
Car -1 -1 -10 819.000000 198.000000 1244.000000 376.000000 1.458101 1.596844 3.967091 3.414388 1.609945 4.752317 1.593099 0.987799
Car -1 -1 -10 629.000000 178.000000 683.000000 219.000000 1.421983 1.534581 3.702382 2.016585 1.761941 27.812055 -1.547674 0.967278
Car -1 -1 -10 473.000000 180.000000 518.000000 220.000000 1.454266 1.607187 3.692604 -4.522305 1.974325 28.605842 -1.668335 0.593193
Car -1 -1 -10 496.000000 180.000000 528.000000 207.000000 1.535040 1.534721 3.514701 -5.431789 1.931801 36.307162 2.006590 0.219050
Car -1 -1 -10 4.000000 140.000000 158.000000 373.000000 1.500113 1.583626 3.678660 -3.191738 1.358813 3.428930 -2.129477 0.161301
Car -1 -1 -10 625.000000 178.000000 662.000000 210.000000 1.442920 1.513529 3.728234 2.039893 1.540701 34.117896 -1.587504 0.156296
