Car -1 -1 -10 576.000000 177.000000 610.000000 209.000000 1.538181 1.620617 3.901829 -0.756315 1.085296 38.797312 -1.598585 0.999396
Car -1 -1 -10 394.000000 186.000000 485.000000 245.000000 1.556892 1.598696 3.708088 -4.567659 1.547016 19.437942 -1.301695 0.998798
Car -1 -1 -10 13.000000 195.000000 374.000000 370.000000 1.469743 1.582949 3.656330 -4.441508 1.721496 7.159304 -1.540962 0.998173
Car -1 -1 -10 457.000000 182.000000 510.000000 221.000000 1.521493 1.594186 3.687808 -5.110819 1.418411 29.400018 -1.674858 0.942670
Car -1 -1 -10 349.000000 179.000000 405.000000 222.000000 1.535749 1.634877 3.913197 -8.914417 1.332466 27.807527 -1.843036 0.914484
Car -1 -1 -10 495.000000 182.000000 533.000000 210.000000 1.510675 1.632203 3.842424 -5.229912 1.288115 38.559182 -1.677892 0.815725
Car -1 -1 -10 2.000000 183.000000 93.000000 291.000000 1.465677 1.467185 3.485364 -9.071759 1.728788 11.736069 -2.238315 0.476371
Car -1 -1 -10 15.000000 195.000000 219.000000 334.000000 1.429097 1.562766 3.642165 -4.370533 1.554835 6.611180 1.495564 0.227874
Car -1 -1 -10 341.000000 181.000000 388.000000 211.000000 1.564599 1.637182 3.803191 -12.627063 1.010485 37.186690 -1.857520 0.185746
Car -1 -1 -10 167.000000 182.000000 335.000000 303.000000 1.433477 1.596674 3.682375 -4.022230 1.577890 7.405695 1.656457 0.058793
Car -1 -1 -10 191.000000 170.000000 304.000000 254.000000 1.513192 1.615595 3.896642 -8.808009 1.402187 17.545764 -2.028601 0.030435
