Pedestrian -1 -1 -10 707.000000 168.000000 734.000000 247.000000 1.641951 0.597284 0.698717 2.127905 1.720286 14.098387 -1.377569 0.614976
Pedestrian -1 -1 -10 727.000000 167.000000 769.000000 255.000000 1.692630 0.618681 0.626198 2.396248 1.712011 12.385330 -1.339672 0.080091
Pedestrian -1 -1 -10 712.000000 173.000000 755.000000 248.000000 1.665467 0.619562 0.620379 2.414358 1.702599 13.025697 1.172819 0.046434
Pedestrian -1 -1 -10 744.000000 162.000000 786.000000 241.000000 1.680721 0.604731 0.743076 3.039212 1.566330 13.401764 -1.315849 0.029979
Pedestrian -1 -1 -10 718.000000 162.000000 807.000000 260.000000 1.752078 0.644343 0.693195 2.747834 1.666646 12.174141 0.741339 0.026079
Pedestrian -1 -1 -10 758.000000 155.000000 787.000000 217.000000 1.769333 0.583993 0.613010 4.493204 1.859411 20.400571 -1.360425 0.023777
Pedestrian -1 -1 -10 736.000000 169.000000 766.000000 215.000000 1.678713 0.599536 0.560760 4.454117 1.849198 23.706801 -1.394454 0.010032
Car -1 -1 -10 596.000000 173.000000 624.000000 200.000000 1.505044 1.624578 3.819337 0.046451 1.640666 46.566240 -1.561502 0.998299
Car -1 -1 -10 2.000000 169.000000 415.000000 373.000000 1.538855 1.637896 3.763848 -2.668998 1.533950 4.424752 1.641146 0.993662
Car -1 -1 -10 429.000000 181.000000 468.000000 207.000000 1.485994 1.590760 3.731229 -9.704953 2.208358 43.475858 1.445652 0.978059
Car -1 -1 -10 0.000000 175.000000 178.000000 367.000000 1.520214 1.621858 3.702536 -2.687730 1.388518 4.129730 -2.167458 0.051310
Car -1 -1 -10 3.000000 162.000000 107.000000 197.000000 1.530363 1.607747 3.939221 -33.367192 1.600513 43.878780 2.009989 0.019895
Car -1 -1 -10 3.000000 172.000000 125.000000 213.000000 1.342593 1.574507 3.671183 -30.352235 2.209622 40.526953 0.402401 0.010518
Cyclist -1 -1 -10 730.000000 148.000000 867.000000 275.000000 1.717258 0.632082 0.831152 2.972625 1.480911 10.688967 -1.299401 0.999835
Cyclist -1 -1 -10 731.000000 156.000000 797.000000 265.000000 1.719090 0.633740 0.712493 2.888353 1.550148 11.688435 1.194112 0.968169
Cyclist -1 -1 -10 900.000000 177.000000 944.000000 227.000000 1.667259 0.609369 1.693044 8.266198 1.681720 18.005185 1.422278 0.881917
Cyclist -1 -1 -10 717.000000 166.000000 775.000000 252.000000 1.679911 0.644148 0.687277 2.512060 1.563336 12.914873 -1.364850 0.818988
Cyclist -1 -1 -10 707.000000 169.000000 743.000000 248.000000 1.656682 0.615769 0.611555 2.252597 1.720509 13.241229 1.154823 0.800082
Cyclist -1 -1 -10 722.000000 176.000000 751.000000 250.000000 1.603204 0.621468 0.607075 2.392926 1.737125 13.255071 1.187400 0.334011
Cyclist -1 -1 -10 744.000000 162.000000 786.000000 241.000000 1.671608 0.598389 0.735977 3.008993 1.484029 13.403627 -1.335973 0.147570
Cyclist -1 -1 -10 735.000000 166.000000 761.000000 254.000000 1.652612 0.593255 0.626560 2.492308 1.639431 12.148940 -1.336227 0.065904
Cyclist -1 -1 -10 760.000000 157.000000 830.000000 210.000000 1.752813 0.579793 0.644046 8.726058 1.475018 29.825822 -1.336120 0.047963
Cyclist -1 -1 -10 761.000000 154.000000 787.000000 220.000000 1.752813 0.579793 0.644046 4.437380 1.802495 20.464596 -1.363646 0.012301
