Pedestrian -1 -1 -10 374.000000 186.000000 434.000000 332.000000 1.672244 0.598405 0.730018 -2.078612 1.892789 7.743972 -1.796586 0.997018
Pedestrian -1 -1 -10 891.000000 169.000000 931.000000 271.000000 1.648755 0.593418 0.705679 4.856607 1.674580 11.322645 -1.121833 0.995972
Pedestrian -1 -1 -10 331.000000 180.000000 369.000000 301.000000 1.696242 0.597994 0.746480 -3.364839 1.808361 9.563348 -1.865590 0.985416
Pedestrian -1 -1 -10 584.000000 171.000000 606.000000 239.000000 1.702107 0.607846 0.752460 -0.046866 1.691041 19.218642 -1.539497 0.956945
Pedestrian -1 -1 -10 473.000000 177.000000 511.000000 273.000000 1.661256 0.601424 0.739145 -1.752333 1.851922 12.939601 -1.670589 0.933747
Pedestrian -1 -1 -10 548.000000 173.000000 566.000000 232.000000 1.705766 0.597444 0.712395 -1.318499 1.719755 22.587828 -1.582691 0.095065
Pedestrian -1 -1 -10 600.000000 173.000000 614.000000 223.000000 1.690865 0.593937 0.605989 0.163226 1.592280 19.368972 -1.566179 0.077274
Pedestrian -1 -1 -10 562.000000 172.000000 579.000000 226.000000 1.773771 0.592303 0.720736 -1.167677 1.805492 25.172636 2.028576 0.048780
Pedestrian -1 -1 -10 610.000000 174.000000 624.000000 216.000000 1.735001 0.578235 0.701188 0.486385 1.749275 30.765546 0.576092 0.036796
Pedestrian -1 -1 -10 624.000000 174.000000 639.000000 217.000000 1.628269 0.613844 0.585434 1.417198 1.591983 31.252648 -1.475069 0.017560
Pedestrian -1 -1 -10 346.000000 187.000000 407.000000 302.000000 1.623902 0.614147 0.612634 -2.345079 1.726750 8.577432 0.695990 0.010599
Car -1 -1 -10 1159.000000 211.000000 1236.000000 363.000000 1.483394 1.633000 3.328971 3.514260 1.474677 5.447098 2.352047 0.012280
Cyclist -1 -1 -10 328.000000 180.000000 372.000000 296.000000 1.680344 0.584231 0.751965 -3.361309 1.773881 9.564971 -1.872136 0.463412
Cyclist -1 -1 -10 471.000000 176.000000 512.000000 274.000000 1.664859 0.597569 0.742173 -1.740439 1.803022 12.975124 -1.682013 0.067140
Cyclist -1 -1 -10 284.000000 185.000000 403.000000 281.000000 1.469839 1.586103 3.784700 -4.352281 1.849594 11.928974 0.735303 0.058169
Cyclist -1 -1 -10 370.000000 188.000000 434.000000 326.000000 1.649210 0.580072 0.732049 -2.100260 1.810635 7.797933 -1.804242 0.044996
Cyclist -1 -1 -10 687.000000 169.000000 725.000000 243.000000 1.675666 0.640703 0.706791 2.570209 1.640889 17.670428 -1.433942 0.038657
Cyclist -1 -1 -10 358.000000 197.000000 414.000000 279.000000 1.653451 0.580201 0.553165 -3.442707 1.954320 12.431205 -1.853152 0.013600
