Pedestrian -1 -1 -10 937.000000 190.000000 972.000000 276.000000 1.622347 0.603376 0.616311 5.892556 1.770120 12.044244 -1.110314 0.084448
Car -1 -1 -10 688.000000 179.000000 814.000000 261.000000 1.455781 1.553968 3.866059 2.921154 1.607138 14.717205 -1.516237 0.999223
Car -1 -1 -10 0.000000 170.000000 338.000000 277.000000 1.528549 1.635616 4.021719 -6.665626 1.459870 11.843072 0.410109 0.986672
Car -1 -1 -10 417.000000 168.000000 517.000000 207.000000 1.461228 1.592558 3.833412 -5.649135 1.284343 33.254498 -1.733361 0.984501
Car -1 -1 -10 754.000000 172.000000 917.000000 235.000000 1.476102 1.631238 3.859778 6.519642 1.448871 20.219998 -0.191849 0.975246
Car -1 -1 -10 229.000000 167.000000 462.000000 241.000000 1.513289 1.610585 4.264848 -5.811290 1.330503 17.532151 -3.053067 0.963831
Car -1 -1 -10 706.000000 171.000000 781.000000 211.000000 1.471595 1.619591 3.902264 6.125297 1.168627 34.037101 2.209629 0.859048
Car -1 -1 -10 672.000000 169.000000 726.000000 195.000000 1.494013 1.573483 3.813631 5.319357 1.382535 44.527276 -1.467620 0.659832
Car -1 -1 -10 326.000000 168.000000 486.000000 223.000000 1.538829 1.593592 3.849236 -5.910727 1.366047 26.596987 -1.842097 0.516890
Car -1 -1 -10 179.000000 161.000000 332.000000 245.000000 1.462264 1.539779 3.707262 -7.355452 0.996211 15.878120 1.081781 0.157507
Car -1 -1 -10 452.000000 165.000000 531.000000 199.000000 1.445638 1.607233 4.036586 -5.548899 0.990839 37.277924 0.854122 0.087834
