Pedestrian -1 -1 -10 1115.000000 117.000000 1228.000000 345.000000 1.617696 0.601457 0.657729 2.400271 1.295651 2.943877 -0.886832 0.990039
Pedestrian -1 -1 -10 1194.000000 108.000000 1240.000000 306.000000 1.629757 0.605604 0.654740 5.359515 1.251884 6.071167 -0.822961 0.537337
Pedestrian -1 -1 -10 1121.000000 126.000000 1169.000000 274.000000 1.833203 0.614362 0.695718 3.295816 2.103656 5.749986 2.275834 0.070727
Pedestrian -1 -1 -10 1088.000000 140.000000 1222.000000 240.000000 1.644056 0.600623 0.568254 12.460273 1.086219 15.515954 -0.927721 0.056481
Pedestrian -1 -1 -10 1217.000000 85.000000 1241.000000 339.000000 1.808797 0.607811 0.653160 2.214832 1.330841 3.234641 2.345014 0.053614
Pedestrian -1 -1 -10 1149.000000 126.000000 1240.000000 255.000000 1.685107 0.590754 0.593674 12.359093 1.199533 15.080935 -0.893581 0.015669
Car -1 -1 -10 846.000000 166.000000 963.000000 212.000000 1.551138 1.678775 3.867674 10.447487 1.143528 25.341514 1.972097 0.993815
Car -1 -1 -10 979.000000 157.000000 1146.000000 206.000000 1.544611 1.614431 3.780428 15.735043 1.245316 25.825444 2.698701 0.977028
Car -1 -1 -10 132.000000 179.000000 302.000000 244.000000 1.651558 1.709886 4.113693 -12.699866 1.969587 23.983161 -3.179708 0.726268
Car -1 -1 -10 245.000000 185.000000 340.000000 218.000000 1.501933 1.614964 3.900520 -13.675645 2.073435 33.208374 1.209377 0.113325
Car -1 -1 -10 55.000000 198.000000 131.000000 227.000000 1.452643 1.531685 3.842464 -21.874124 2.586896 30.511014 0.425908 0.092545
Car -1 -1 -10 0.000000 207.000000 60.000000 251.000000 1.448560 1.624125 3.802036 -19.994809 2.608221 24.262122 -2.263129 0.091903
Car -1 -1 -10 1099.000000 133.000000 1224.000000 250.000000 1.512517 1.566170 3.737814 12.050230 1.181053 16.161620 -0.904232 0.037136
Car -1 -1 -10 130.000000 194.000000 196.000000 223.000000 1.431255 1.567613 3.768316 -20.449450 2.411854 33.051209 0.475702 0.031623
Car -1 -1 -10 132.000000 189.000000 239.000000 229.000000 1.414776 1.554939 3.616112 -19.957568 2.784787 30.724463 -2.072084 0.021363
Car -1 -1 -10 305.000000 182.000000 385.000000 210.000000 1.418334 1.570090 3.915201 -13.427508 1.941678 35.410006 1.729807 0.012991
Car -1 -1 -10 1048.000000 154.000000 1228.000000 205.000000 1.435694 1.633500 3.479555 1.394987 0.881281 2.602655 2.267701 0.012220
Cyclist -1 -1 -10 1118.000000 126.000000 1236.000000 279.000000 1.607286 0.593847 0.601576 6.987107 1.609844 8.489447 -0.896024 0.075241
Cyclist -1 -1 -10 1178.000000 117.000000 1239.000000 314.000000 1.619871 0.585299 0.673431 5.009226 1.133699 5.759877 -0.848641 0.049183
