Car -1 -1 -10 670.000000 177.000000 741.000000 230.000000 1.438949 1.556368 3.787647 3.101315 1.622814 21.573701 -1.551148 0.999618
Car -1 -1 -10 744.000000 182.000000 960.000000 326.000000 1.472997 1.606488 3.959621 3.152174 1.633955 9.094454 1.454156 0.999356
Car -1 -1 -10 283.000000 172.000000 459.000000 231.000000 1.577955 1.595788 3.999963 -6.497396 1.532015 21.065885 0.637964 0.988661
Car -1 -1 -10 78.000000 170.000000 392.000000 271.000000 1.626691 1.610928 3.926224 -5.936854 1.479842 13.233740 -1.593511 0.987930
Car -1 -1 -10 859.000000 203.000000 1236.000000 378.000000 1.443653 1.620251 4.035423 3.232279 1.599664 3.442301 1.534185 0.973155
Car -1 -1 -10 26.000000 165.000000 298.000000 312.000000 1.565010 1.614377 3.796727 -5.959530 1.638635 9.261210 -3.198111 0.972127
Car -1 -1 -10 0.000000 142.000000 208.000000 363.000000 1.600989 1.586718 3.716141 -5.334610 1.552611 7.005147 1.491438 0.930782
Car -1 -1 -10 649.000000 170.000000 696.000000 209.000000 1.443469 1.585503 3.744145 3.079337 1.523504 32.321128 -1.521236 0.921756
Car -1 -1 -10 345.000000 168.000000 505.000000 219.000000 1.619410 1.633858 3.944965 -5.823032 1.418265 25.966700 -1.325666 0.359071
Car -1 -1 -10 418.000000 171.000000 516.000000 210.000000 1.484521 1.582372 3.708856 -5.264181 1.497821 31.975202 1.844580 0.308101
