Pedestrian -1 -1 -10 -1.000000 162.000000 108.000000 371.000000 1.610960 0.621917 0.584881 -4.319950 1.988125 5.125576 -2.235984 0.547809
Pedestrian -1 -1 -10 557.000000 176.000000 565.000000 204.000000 1.643737 0.595071 0.696945 -3.088462 1.969597 46.085482 -1.607118 0.252647
Pedestrian -1 -1 -10 568.000000 172.000000 577.000000 203.000000 1.692441 0.603820 0.734760 -2.373851 2.069824 46.542036 -1.584686 0.118953
Pedestrian -1 -1 -10 0.000000 169.000000 53.000000 362.000000 1.699829 0.590917 0.612701 -3.577626 2.096319 4.471531 -2.261761 0.058945
Car -1 -1 -10 438.000000 180.000000 505.000000 230.000000 1.553016 1.610887 3.724995 -5.008100 1.905043 26.182687 1.798991 0.999411
Car -1 -1 -10 771.000000 189.000000 1085.000000 375.000000 1.456364 1.598638 3.884770 3.000759 1.634163 6.681237 -1.664700 0.999189
Car -1 -1 -10 666.000000 175.000000 730.000000 228.000000 1.467085 1.557206 3.781522 2.814836 1.582422 22.685638 -1.539128 0.998946
Car -1 -1 -10 224.000000 178.000000 423.000000 306.000000 1.589430 1.616221 3.795645 -4.620470 1.798572 11.849357 -1.431461 0.993221
Car -1 -1 -10 500.000000 181.000000 538.000000 209.000000 1.570816 1.652674 3.899586 -5.528411 2.268586 41.337169 -1.709052 0.990702
Car -1 -1 -10 -7.000000 161.000000 112.000000 370.000000 1.449222 1.602860 3.671150 -5.766758 1.648915 7.074101 -2.187515 0.091510
Cyclist -1 -1 -10 568.000000 172.000000 577.000000 203.000000 1.688228 0.594806 0.748695 -2.389503 2.033157 46.567731 -1.593478 0.216447
Cyclist -1 -1 -10 557.000000 176.000000 565.000000 204.000000 1.626744 0.584645 0.707448 -3.098372 1.922066 46.147531 -1.608506 0.115902
Cyclist -1 -1 -10 -2.000000 159.000000 112.000000 373.000000 1.691428 0.588225 1.761762 -4.568204 1.899041 5.634586 0.932706 0.095237
