Pedestrian -1 -1 -10 1123.000000 205.000000 1242.000000 378.000000 1.587411 0.589789 0.555215 3.632975 1.824205 4.121427 -0.855007 0.018741
Car -1 -1 -10 920.000000 196.000000 1236.000000 374.000000 1.435789 1.562997 3.823635 4.301400 1.603113 5.826669 1.561335 0.996662
Car -1 -1 -10 -5.000000 163.000000 229.000000 293.000000 1.613712 1.623504 3.925798 -7.750215 1.462937 11.070077 -3.300645 0.963296
Car -1 -1 -10 464.000000 174.000000 507.000000 203.000000 1.483820 1.583306 3.942591 -7.171027 1.616038 42.897032 -1.868461 0.961327
Car -1 -1 -10 1101.000000 195.000000 1237.000000 375.000000 1.427254 1.534383 3.772186 4.398393 1.733092 4.913318 1.642282 0.699152
Car -1 -1 -10 1.000000 168.000000 119.000000 326.000000 1.554107 1.611663 3.749873 -7.067163 1.654781 8.445228 -2.127461 0.367073
Car -1 -1 -10 257.000000 174.000000 358.000000 219.000000 1.478163 1.548578 3.700565 -9.633927 1.555335 24.780932 1.637394 0.259735
Car -1 -1 -10 59.000000 148.000000 199.000000 230.000000 1.477659 1.657708 3.572641 -12.632718 0.365902 20.001380 0.972892 0.244186
Car -1 -1 -10 84.000000 174.000000 293.000000 266.000000 1.492425 1.614075 3.826353 -7.377487 1.794981 13.270781 -2.105309 0.154301
Car -1 -1 -10 144.000000 166.000000 334.000000 238.000000 1.667092 1.698064 4.061806 -9.389230 1.390145 19.680254 -3.165541 0.121158
