Pedestrian -1 -1 -10 634.000000 153.000000 672.000000 247.000000 1.742088 0.618923 0.797832 1.006768 1.488685 14.298695 0.598403 0.984700
Pedestrian -1 -1 -10 321.000000 165.000000 365.000000 257.000000 1.651709 0.595055 0.615037 -6.266362 1.488590 18.722792 -1.920460 0.981423
Pedestrian -1 -1 -10 1.000000 175.000000 43.000000 280.000000 1.707188 0.606816 0.763307 -10.867808 1.903878 13.247554 -2.219297 0.973484
Pedestrian -1 -1 -10 400.000000 153.000000 441.000000 265.000000 1.759812 0.587427 0.751952 -3.082885 1.512950 12.028467 0.294791 0.957530
Pedestrian -1 -1 -10 138.000000 179.000000 165.000000 254.000000 1.680764 0.588659 0.721211 -10.452268 1.830062 16.225886 -2.094094 0.726262
Pedestrian -1 -1 -10 62.000000 184.000000 103.000000 266.000000 1.678777 0.607931 0.733571 -10.803212 2.014820 14.905113 -2.171376 0.723263
Pedestrian -1 -1 -10 175.000000 166.000000 210.000000 256.000000 1.630537 0.603451 0.685385 -8.561566 1.436599 14.857035 -2.068716 0.660011
Pedestrian -1 -1 -10 122.000000 182.000000 149.000000 255.000000 1.701718 0.584972 0.749206 -10.552412 1.984255 15.932351 -2.106256 0.534021
Pedestrian -1 -1 -10 771.000000 155.000000 788.000000 187.000000 1.615425 0.681485 0.712553 10.878262 0.678881 43.805967 2.861775 0.111619
Pedestrian -1 -1 -10 348.000000 169.000000 370.000000 246.000000 1.636818 0.595850 0.622196 -6.185258 1.431400 18.624489 -1.894412 0.082672
Pedestrian -1 -1 -10 923.000000 152.000000 948.000000 207.000000 1.615859 0.604872 0.631196 10.570501 0.558802 22.628423 -1.121882 0.048337
Pedestrian -1 -1 -10 173.000000 181.000000 194.000000 259.000000 1.620388 0.594448 0.668309 -8.693797 1.540053 14.952838 -2.080697 0.046262
Pedestrian -1 -1 -10 402.000000 167.000000 426.000000 241.000000 1.757032 0.584337 0.610987 -4.761917 2.355796 17.710340 -1.845884 0.034445
Pedestrian -1 -1 -10 136.000000 185.000000 292.000000 256.000000 1.676764 0.619047 0.643421 -8.941428 1.627965 15.592854 0.480404 0.020192
Pedestrian -1 -1 -10 145.000000 180.000000 178.000000 262.000000 1.629765 0.596560 0.625924 -10.350840 1.560733 16.502342 -2.113391 0.016720
Car -1 -1 -10 127.000000 184.000000 430.000000 364.000000 1.533846 1.627186 3.787941 -3.498399 1.586185 7.530527 -1.932617 0.999283
Car -1 -1 -10 361.000000 183.000000 426.000000 238.000000 1.495560 1.639918 3.582678 -6.183607 1.138436 19.511001 1.281049 0.027677
Car -1 -1 -10 396.000000 160.000000 443.000000 262.000000 1.535472 1.537758 3.472374 -3.324941 1.355975 13.246662 -1.799369 0.027395
Car -1 -1 -10 1120.000000 154.000000 1222.000000 194.000000 1.495560 1.639918 3.582678 20.738884 1.294690 26.098176 2.247355 0.017233
Car -1 -1 -10 187.000000 191.000000 293.000000 235.000000 1.458463 1.586833 3.827532 -18.658930 2.358017 36.140666 1.079194 0.011941
Cyclist -1 -1 -10 922.000000 153.000000 948.000000 205.000000 1.616552 0.588972 0.638380 10.574279 0.556314 22.725176 -1.120916 0.990508
Cyclist -1 -1 -10 958.000000 150.000000 1009.000000 198.000000 1.707471 0.538320 1.753993 14.211450 0.758058 26.356346 -1.017757 0.948634
Cyclist -1 -1 -10 164.000000 173.000000 219.000000 257.000000 1.612626 0.594757 0.673736 -8.554321 1.458928 14.861471 -2.075173 0.153864
Cyclist -1 -1 -10 397.000000 158.000000 443.000000 262.000000 1.685493 0.619827 0.738131 -3.075365 1.449272 12.318289 -1.794767 0.083566
Cyclist -1 -1 -10 136.000000 185.000000 292.000000 256.000000 1.431535 1.587057 3.735266 -8.907221 1.372304 15.564692 0.510371 0.069632
Cyclist -1 -1 -10 319.000000 164.000000 365.000000 254.000000 1.745479 0.579233 0.639261 -6.404335 1.338168 18.862309 -1.942034 0.063330
Cyclist -1 -1 -10 145.000000 180.000000 178.000000 262.000000 1.629161 0.594918 0.633471 -10.386079 1.540574 16.524924 -2.117097 0.033687
Cyclist -1 -1 -10 137.000000 179.000000 165.000000 253.000000 1.658069 0.568661 0.723389 -10.454677 1.774490 16.301112 -2.097000 0.029538
Cyclist -1 -1 -10 364.000000 192.000000 386.000000 235.000000 1.807374 0.588961 0.663746 -1.767102 1.316101 3.859605 1.318353 0.027057
Cyclist -1 -1 -10 771.000000 154.000000 788.000000 187.000000 1.645015 0.660484 0.641193 10.601186 0.658687 43.162444 -1.324193 0.025692
Cyclist -1 -1 -10 399.000000 177.000000 422.000000 227.000000 1.773814 0.689644 0.894029 -2.502602 1.643229 6.599012 1.319652 0.013891
Cyclist -1 -1 -10 390.000000 173.000000 433.000000 238.000000 1.705381 0.578923 0.625568 -5.321511 2.195779 18.650358 -1.851211 0.012599
Cyclist -1 -1 -10 169.000000 193.000000 187.000000 261.000000 1.803912 0.589402 0.661232 -2.329930 1.234251 3.050955 1.089551 0.011349
Cyclist -1 -1 -10 121.000000 181.000000 148.000000 255.000000 1.688364 0.567150 0.755389 -10.559492 1.943365 15.931333 -2.110260 0.011121
Cyclist -1 -1 -10 177.000000 192.000000 267.000000 246.000000 1.750123 0.679390 0.872446 -6.149500 2.303100 9.038021 1.079822 0.010509
Cyclist -1 -1 -10 184.000000 167.000000 208.000000 253.000000 1.617253 0.592489 0.688023 -8.546599 1.398734 14.853195 -2.067930 0.010122
Cyclist -1 -1 -10 356.000000 179.000000 375.000000 239.000000 1.675006 0.576387 0.617932 -6.218560 1.267441 18.696800 -1.904448 0.010019
