Car -1 -1 -10 667.000000 177.000000 731.000000 225.000000 1.440271 1.557588 3.816434 3.108293 1.659731 23.662493 -1.547256 0.999025
Car -1 -1 -10 330.000000 174.000000 473.000000 227.000000 1.523077 1.569738 3.903520 -6.263522 1.601150 23.334456 0.698673 0.995624
Car -1 -1 -10 727.000000 179.000000 896.000000 297.000000 1.458212 1.600829 3.939832 3.175691 1.664477 11.264364 1.424275 0.995606
Car -1 -1 -10 801.000000 204.000000 1221.000000 375.000000 1.453418 1.596210 3.826156 3.231146 1.632865 5.444811 1.539441 0.995580
Car -1 -1 -10 0.000000 156.000000 313.000000 301.000000 1.628502 1.610511 3.933519 -5.900429 1.491994 9.945141 -1.586470 0.984948
Car -1 -1 -10 185.000000 172.000000 411.000000 263.000000 1.535718 1.627719 3.847456 -5.854564 1.512658 14.609205 -2.548634 0.968041
Car -1 -1 -10 647.000000 172.000000 691.000000 209.000000 1.435190 1.611837 3.739105 3.113039 1.563650 34.391864 -1.474846 0.877389
Car -1 -1 -10 259.000000 174.000000 439.000000 236.000000 1.490005 1.589144 3.905523 -6.942354 1.639263 22.078155 -2.521056 0.635660
Car -1 -1 -10 378.000000 170.000000 508.000000 216.000000 1.601779 1.624081 3.974320 -5.863610 1.423049 28.012843 -2.939488 0.369129
Car -1 -1 -10 436.000000 175.000000 520.000000 210.000000 1.485028 1.599432 3.717299 -5.187266 1.633281 33.713057 1.479749 0.247446
Car -1 -1 -10 -1.000000 184.000000 87.000000 375.000000 1.457358 1.662508 3.513009 -3.540112 1.164834 3.550557 0.996775 0.092616
