Pedestrian -1 -1 -10 0.000000 200.000000 51.000000 369.000000 1.639297 0.593588 0.671227 -5.154169 1.987980 6.133145 -2.224297 0.132154
Car -1 -1 -10 633.000000 178.000000 675.000000 212.000000 1.446777 1.602818 3.915103 2.086901 1.730346 34.611381 1.486987 0.998149
Car -1 -1 -10 952.000000 186.000000 1230.000000 335.000000 1.457005 1.593531 4.059740 5.646387 1.625058 7.081120 1.526376 0.993900
Car -1 -1 -10 189.000000 167.000000 407.000000 258.000000 1.610286 1.595231 3.983816 -6.637611 1.596828 16.384547 -3.107531 0.990901
Car -1 -1 -10 849.000000 185.000000 1100.000000 287.000000 1.486246 1.630016 4.052301 5.699492 1.630741 12.174825 1.590630 0.988829
Car -1 -1 -10 12.000000 183.000000 313.000000 301.000000 1.492638 1.617458 3.863227 -5.954013 1.595853 10.190619 1.523743 0.987297
Car -1 -1 -10 765.000000 182.000000 972.000000 257.000000 1.457307 1.566157 4.056326 5.833245 1.779377 16.584568 -0.117496 0.978473
Car -1 -1 -10 382.000000 179.000000 505.000000 217.000000 1.413918 1.645271 4.233480 -6.762329 1.522244 31.328483 0.744758 0.969380
Car -1 -1 -10 735.000000 176.000000 890.000000 243.000000 1.470319 1.671850 4.164723 5.177440 1.568741 19.658892 1.479699 0.955912
Car -1 -1 -10 0.000000 194.000000 129.000000 352.000000 1.489850 1.564347 3.732004 -6.321094 1.772971 7.685549 -2.232881 0.034376
Car -1 -1 -10 514.000000 177.000000 539.000000 211.000000 1.528826 1.622682 3.601928 -3.062206 1.551899 28.835151 -1.656106 0.029827
Cyclist -1 -1 -10 515.000000 175.000000 538.000000 221.000000 1.643234 0.595208 0.724469 -3.029475 1.998585 27.932365 -1.651135 0.954065
