Pedestrian -1 -1 -10 668.000000 160.000000 715.000000 285.000000 1.670909 0.595921 0.722818 1.156879 1.505868 8.755251 -1.408522 0.995857
Pedestrian -1 -1 -10 610.000000 164.000000 657.000000 288.000000 1.645780 0.603543 0.697178 0.433457 1.544205 8.527792 -1.498930 0.995795
Pedestrian -1 -1 -10 504.000000 141.000000 538.000000 232.000000 1.751577 0.585379 0.731355 -1.733638 1.100778 13.843142 0.424578 0.988052
Pedestrian -1 -1 -10 545.000000 140.000000 576.000000 229.000000 1.644733 0.607993 0.682819 -0.814478 0.926936 14.205048 -1.593048 0.985052
Pedestrian -1 -1 -10 660.000000 145.000000 691.000000 224.000000 1.668178 0.590365 0.591200 1.586631 0.659613 14.343937 -1.470348 0.969168
Pedestrian -1 -1 -10 486.000000 138.000000 518.000000 224.000000 1.621321 0.600780 0.643828 -1.868836 0.752011 13.527983 -1.690748 0.940648
Pedestrian -1 -1 -10 641.000000 141.000000 664.000000 202.000000 1.644807 0.616594 0.619615 1.817617 1.081577 25.081636 -1.508597 0.890008
Pedestrian -1 -1 -10 535.000000 142.000000 564.000000 222.000000 1.618485 0.597249 0.613301 -1.056368 0.686803 14.747574 -1.635976 0.806030
Pedestrian -1 -1 -10 248.000000 136.000000 279.000000 245.000000 1.620292 0.601591 0.655020 -5.656307 0.921885 11.878991 -1.995688 0.562277
Pedestrian -1 -1 -10 501.000000 141.000000 523.000000 212.000000 1.663928 0.598361 0.604633 -2.935009 0.178729 23.071609 -1.700366 0.467903
Pedestrian -1 -1 -10 518.000000 140.000000 549.000000 220.000000 1.631646 0.593194 0.606558 -1.108650 0.665945 14.753573 -1.663920 0.392092
Pedestrian -1 -1 -10 592.000000 144.000000 610.000000 190.000000 1.681271 0.626966 0.705721 -0.085775 0.442391 28.328933 2.062921 0.339202
Pedestrian -1 -1 -10 481.000000 142.000000 499.000000 200.000000 1.694610 0.619950 0.526650 -3.921606 0.168094 24.753049 -1.709327 0.262052
Pedestrian -1 -1 -10 448.000000 146.000000 472.000000 202.000000 1.667112 0.595749 0.737651 -5.172774 0.827093 26.179670 -1.732814 0.210508
Pedestrian -1 -1 -10 257.000000 138.000000 309.000000 246.000000 1.616592 0.612506 0.664265 -5.125121 0.967214 11.681255 -1.965415 0.184167
Pedestrian -1 -1 -10 687.000000 156.000000 710.000000 217.000000 1.626384 0.605194 0.642063 3.569807 1.302237 24.564570 -1.399312 0.122736
Pedestrian -1 -1 -10 465.000000 145.000000 482.000000 199.000000 1.677594 0.574646 0.582738 -4.484712 0.280965 26.204847 -1.749223 0.116831
Pedestrian -1 -1 -10 675.000000 155.000000 702.000000 217.000000 1.618194 0.604722 0.661678 3.212007 0.622240 25.027287 -1.417975 0.076215
Pedestrian -1 -1 -10 556.000000 142.000000 578.000000 205.000000 1.758262 0.583947 0.611462 -0.898720 1.477610 27.581893 -1.635744 0.049209
Cyclist -1 -1 -10 272.000000 136.000000 324.000000 245.000000 1.641134 0.569296 0.698495 -5.190094 1.046956 11.706742 -1.935609 0.707456
Cyclist -1 -1 -10 401.000000 146.000000 449.000000 204.000000 1.769023 0.633559 0.781415 -7.466127 0.676078 27.210535 0.841362 0.263505
Cyclist -1 -1 -10 313.000000 151.000000 372.000000 201.000000 1.473923 1.562638 3.881202 -10.731817 0.567889 30.578502 0.648610 0.216054
Cyclist -1 -1 -10 386.000000 147.000000 431.000000 197.000000 1.622888 0.588767 0.703631 -7.735100 0.492947 27.399459 -1.810776 0.169776
Cyclist -1 -1 -10 591.000000 143.000000 611.000000 192.000000 1.802308 0.585858 1.725293 -0.006693 0.408561 28.433085 -1.575338 0.160851
Cyclist -1 -1 -10 344.000000 150.000000 438.000000 209.000000 1.473324 1.528598 3.465442 -6.852312 0.506703 23.845107 -1.863365 0.126078
Cyclist -1 -1 -10 241.000000 134.000000 294.000000 255.000000 1.581607 0.598605 0.637383 -5.117259 0.920509 11.709756 -1.988385 0.112321
Cyclist -1 -1 -10 360.000000 145.000000 402.000000 194.000000 1.468329 1.579021 3.757828 -8.550820 0.299902 28.513734 0.738079 0.104738
Cyclist -1 -1 -10 381.000000 150.000000 464.000000 218.000000 1.699718 0.571687 1.758222 -5.307435 0.674124 21.702889 -1.859605 0.097371
Cyclist -1 -1 -10 666.000000 151.000000 708.000000 239.000000 1.606891 0.591174 0.648447 1.577969 0.908562 14.320674 -1.438497 0.071192
Cyclist -1 -1 -10 639.000000 138.000000 663.000000 208.000000 1.676801 0.609460 0.741323 1.538506 0.678291 21.258191 -1.487263 0.017685
Cyclist -1 -1 -10 686.000000 157.000000 711.000000 218.000000 1.622969 0.596972 0.635843 3.623787 1.296761 24.672019 -1.423443 0.017580
Cyclist -1 -1 -10 630.000000 157.000000 651.000000 207.000000 1.651849 0.646949 0.584785 1.501847 1.075095 25.986937 1.121989 0.017300
Cyclist -1 -1 -10 547.000000 140.000000 577.000000 224.000000 1.596498 0.593594 0.602376 -0.768943 0.648618 14.302954 -1.619184 0.016507
Cyclist -1 -1 -10 660.000000 145.000000 692.000000 222.000000 1.618787 0.715375 0.704225 0.216782 1.881608 12.313003 1.663293 0.012013
