Car -1 -1 -10 264.000000 189.000000 432.000000 286.000000 1.549386 1.601856 3.742668 -4.763241 1.994620 13.207934 1.681037 0.999295
Car -1 -1 -10 820.000000 190.000000 1126.000000 357.000000 1.473918 1.587676 3.981026 4.142603 1.644518 7.761002 -1.634264 0.999059
Car -1 -1 -10 523.000000 179.000000 562.000000 207.000000 1.530362 1.585631 3.814665 -3.856311 1.894238 40.391494 -1.596596 0.998920
Car -1 -1 -10 388.000000 185.000000 483.000000 249.000000 1.497123 1.556127 3.724977 -4.431852 1.973891 18.552660 1.710330 0.998896
Car -1 -1 -10 441.000000 184.000000 513.000000 231.000000 1.480959 1.570545 3.725622 -4.288550 2.012978 23.887830 1.774393 0.997482
Car -1 -1 -10 751.000000 183.000000 897.000000 271.000000 1.460698 1.570640 3.936086 4.069032 1.664451 13.544127 -1.456812 0.997331
Car -1 -1 -10 711.000000 180.000000 806.000000 242.000000 1.426041 1.540372 3.906417 4.148367 1.730231 18.805192 -1.539073 0.996748
Car -1 -1 -10 696.000000 178.000000 754.000000 225.000000 1.432255 1.541314 3.594587 4.162178 1.817731 26.292419 -1.436329 0.990182
Car -1 -1 -10 1019.000000 196.000000 1246.000000 372.000000 1.489980 1.514785 3.748904 4.251780 1.855608 4.922926 1.627491 0.929981
Car -1 -1 -10 690.000000 177.000000 733.000000 215.000000 1.426876 1.534053 3.710294 4.667513 1.744869 29.454823 -1.499734 0.494340
Car -1 -1 -10 538.000000 178.000000 571.000000 203.000000 1.529785 1.584982 3.712616 -3.692156 1.824318 40.338782 1.641472 0.218813
