Pedestrian -1 -1 -10 20.000000 174.000000 101.000000 352.000000 1.806533 0.606091 0.654890 -3.170002 1.436056 3.312778 0.993256 0.401249
Pedestrian -1 -1 -10 98.000000 179.000000 149.000000 290.000000 1.812451 0.605839 0.661265 -2.842139 1.405572 3.339724 1.039708 0.369711
Pedestrian -1 -1 -10 703.000000 174.000000 723.000000 212.000000 1.589235 0.623611 0.503878 4.582613 1.462350 28.863492 1.165995 0.061999
Pedestrian -1 -1 -10 81.000000 176.000000 171.000000 320.000000 1.712913 0.589194 0.609338 -2.784203 1.444104 4.455982 -2.171262 0.051115
Pedestrian -1 -1 -10 39.000000 188.000000 222.000000 330.000000 1.607647 0.585792 0.638745 -2.835972 1.704002 4.138807 -2.133557 0.038655
Pedestrian -1 -1 -10 -4.000000 208.000000 319.000000 370.000000 1.670338 0.585422 0.702770 -3.068209 1.837577 3.639919 1.527051 0.013028
Pedestrian -1 -1 -10 711.000000 173.000000 729.000000 219.000000 1.582096 0.623570 0.495054 4.579060 1.418292 27.593073 1.183841 0.011582
Car -1 -1 -10 671.000000 176.000000 800.000000 265.000000 1.457189 1.555752 3.797126 2.450061 1.597018 13.721666 -1.531830 0.999089
Car -1 -1 -10 634.000000 175.000000 700.000000 221.000000 1.460625 1.569444 3.912209 2.299504 1.551288 25.969034 -1.645600 0.997888
Car -1 -1 -10 492.000000 175.000000 543.000000 223.000000 1.541574 1.635858 3.739351 -3.426256 1.708911 27.006300 -1.634193 0.997130
Car -1 -1 -10 150.000000 187.000000 304.000000 254.000000 1.517837 1.656013 3.905613 -9.131929 1.762947 17.898240 0.545923 0.996029
Car -1 -1 -10 -3.000000 199.000000 320.000000 372.000000 1.499990 1.597592 3.789461 -3.477168 1.640052 4.060745 1.614078 0.992366
Car -1 -1 -10 624.000000 176.000000 671.000000 211.000000 1.470208 1.599490 3.620765 1.696470 1.700511 31.697907 -1.490993 0.575617
Car -1 -1 -10 619.000000 171.000000 653.000000 203.000000 1.547185 1.593080 3.839164 1.483769 1.456362 42.544137 -1.542580 0.549280
Car -1 -1 -10 528.000000 178.000000 556.000000 206.000000 1.548230 1.622264 3.676234 -3.595458 1.849528 40.472843 -1.630415 0.433243
Car -1 -1 -10 11.000000 180.000000 141.000000 349.000000 1.460475 1.620517 3.389135 -3.969589 1.281474 4.198652 1.003612 0.139422
Car -1 -1 -10 45.000000 188.000000 221.000000 346.000000 1.455192 1.616791 3.705748 -3.711306 1.558110 4.284632 1.545683 0.106709
Car -1 -1 -10 79.000000 186.000000 175.000000 318.000000 1.509380 1.664230 3.827153 -9.326055 2.068900 12.476438 -2.240028 0.035775
Car -1 -1 -10 511.000000 176.000000 549.000000 209.000000 1.551933 1.564025 3.424000 -4.359288 1.466648 34.456085 -1.662920 0.027748
Car -1 -1 -10 610.000000 172.000000 637.000000 197.000000 1.552178 1.604048 3.708472 1.508004 1.421568 42.202955 -1.515301 0.026081
Car -1 -1 -10 94.000000 192.000000 155.000000 270.000000 1.475954 1.645947 3.585466 -18.152418 1.758896 27.187432 0.980627 0.026049
Cyclist -1 -1 -10 87.000000 192.000000 161.000000 277.000000 1.803638 0.592992 0.661340 -2.913615 1.364052 3.381478 1.049304 0.214619
Cyclist -1 -1 -10 58.000000 189.000000 194.000000 311.000000 1.501503 1.565983 3.769327 -10.914019 2.419110 14.249074 1.000902 0.084244
Cyclist -1 -1 -10 707.000000 174.000000 720.000000 213.000000 1.587638 0.608101 0.508045 4.573700 1.439077 29.371816 -1.417270 0.047783
Cyclist -1 -1 -10 24.000000 166.000000 115.000000 329.000000 1.741784 0.582879 0.635250 -1.750866 1.098959 1.908210 -2.235739 0.034932
Cyclist -1 -1 -10 705.000000 176.000000 733.000000 214.000000 1.640726 0.660682 1.692948 4.805623 1.412546 27.366775 1.212134 0.029974
Cyclist -1 -1 -10 10.000000 199.000000 265.000000 359.000000 1.690470 0.573701 0.708983 -3.059650 1.785708 3.613537 1.523487 0.014548
