Pedestrian -1 -1 -10 324.000000 179.000000 349.000000 270.000000 1.810385 0.663498 0.873955 -4.640009 2.362687 9.472756 1.223247 0.947622
Pedestrian -1 -1 -10 287.000000 188.000000 315.000000 268.000000 1.600098 0.595616 0.547886 -6.608244 1.737170 15.746216 -1.955350 0.805795
Pedestrian -1 -1 -10 580.000000 176.000000 589.000000 201.000000 1.630342 0.594765 0.677483 -2.150237 2.379427 58.663952 -1.576102 0.025301
Pedestrian -1 -1 -10 333.000000 191.000000 354.000000 262.000000 1.750966 0.671427 0.799114 -4.343206 2.018793 9.261927 -1.956867 0.016257
Car -1 -1 -10 699.000000 181.000000 807.000000 266.000000 1.484481 1.556135 3.746155 2.881690 1.659705 14.631977 -1.443277 0.999519
Car -1 -1 -10 480.000000 186.000000 526.000000 222.000000 1.529319 1.586686 3.741215 -4.955046 2.157773 33.375732 1.571451 0.998849
Car -1 -1 -10 387.000000 183.000000 489.000000 254.000000 1.632269 1.638796 3.793911 -4.552870 1.997315 19.301640 -1.337251 0.997166
Car -1 -1 -10 653.000000 178.000000 700.000000 216.000000 1.463763 1.581900 3.792483 2.860467 1.695259 30.085970 -1.537919 0.997115
Car -1 -1 -10 200.000000 207.000000 406.000000 333.000000 1.519650 1.615821 3.831723 -4.479385 1.987456 10.327263 -1.894530 0.997045
Car -1 -1 -10 849.000000 185.000000 1238.000000 370.000000 1.422878 1.599253 3.978404 3.154274 1.616152 3.458364 1.508023 0.986191
Car -1 -1 -10 731.000000 181.000000 811.000000 223.000000 1.470199 1.609969 3.876125 5.982277 1.525000 26.293117 -1.402402 0.018863
Car -1 -1 -10 265.000000 201.000000 333.000000 261.000000 1.593899 1.623164 3.421081 -6.120065 2.395887 10.975394 1.190424 0.012379
Cyclist -1 -1 -10 282.000000 190.000000 321.000000 264.000000 1.598026 0.587321 0.579925 -6.712588 1.701051 15.749020 -1.953791 0.065428
Cyclist -1 -1 -10 238.000000 194.000000 388.000000 294.000000 1.497368 1.567339 3.761928 -4.056791 1.956364 9.375191 1.641957 0.024775
Cyclist -1 -1 -10 580.000000 176.000000 589.000000 201.000000 1.654142 0.590634 0.688165 -2.164929 2.338789 58.712469 -1.574181 0.017472
