Pedestrian -1 -1 -10 686.000000 155.000000 718.000000 238.000000 1.686583 0.606214 0.739226 2.239157 1.315034 15.814312 -1.391586 0.997831
Pedestrian -1 -1 -10 660.000000 158.000000 689.000000 238.000000 1.701687 0.598738 0.729480 1.602907 1.409423 15.677924 -1.425657 0.994619
Pedestrian -1 -1 -10 442.000000 164.000000 471.000000 243.000000 1.692459 0.612352 0.743183 -3.085445 1.488644 15.258758 -1.733534 0.970026
Pedestrian -1 -1 -10 55.000000 177.000000 99.000000 265.000000 1.651065 0.605788 0.527113 -9.658422 2.310397 13.318647 1.422751 0.808095
Pedestrian -1 -1 -10 531.000000 164.000000 545.000000 203.000000 1.682682 0.596165 0.733360 -2.677750 1.103265 31.469845 -1.617885 0.683941
Pedestrian -1 -1 -10 560.000000 163.000000 580.000000 201.000000 1.651043 0.620078 0.739503 -1.316398 1.077071 34.863554 -1.578484 0.074288
Pedestrian -1 -1 -10 1124.000000 183.000000 1239.000000 372.000000 1.843781 0.609317 0.699042 2.953321 1.851361 4.724929 2.308533 0.050227
Pedestrian -1 -1 -10 674.000000 158.000000 708.000000 223.000000 1.735094 0.585637 0.606766 2.320308 0.784569 16.152544 -1.456682 0.035795
Pedestrian -1 -1 -10 736.000000 159.000000 748.000000 196.000000 1.640217 0.621347 0.578434 5.875532 0.891209 29.086496 2.260865 0.030104
Pedestrian -1 -1 -10 745.000000 147.000000 761.000000 201.000000 1.631094 0.622314 0.610167 6.042630 0.551453 26.910619 -1.315560 0.015470
Pedestrian -1 -1 -10 25.000000 201.000000 48.000000 267.000000 1.824063 0.610059 0.677817 -3.379000 1.558323 3.367699 0.973555 0.012211
Pedestrian -1 -1 -10 896.000000 203.000000 1239.000000 365.000000 1.657907 0.594468 0.581378 2.117592 1.466316 2.690277 -0.990948 0.010568
Cyclist -1 -1 -10 591.000000 159.000000 621.000000 208.000000 1.723408 0.566228 0.769586 0.211590 1.162786 28.131088 -1.513560 0.970203
Cyclist -1 -1 -10 558.000000 164.000000 581.000000 201.000000 1.657418 0.637172 0.738893 -1.304120 1.026702 34.911999 -1.601397 0.940935
Cyclist -1 -1 -10 440.000000 164.000000 472.000000 244.000000 1.683492 0.606608 0.756285 -3.081841 1.449633 15.271965 -1.741815 0.290648
Cyclist -1 -1 -10 585.000000 162.000000 603.000000 200.000000 1.622570 0.605235 0.699529 -0.384642 1.013683 36.157823 -1.559894 0.148028
Cyclist -1 -1 -10 530.000000 165.000000 545.000000 202.000000 1.644861 0.620901 0.667725 -2.671718 1.047425 31.940375 -1.639377 0.142776
Cyclist -1 -1 -10 686.000000 158.000000 722.000000 233.000000 1.662079 0.589281 0.742081 2.237887 1.229558 15.839507 -1.394794 0.077118
Cyclist -1 -1 -10 566.000000 164.000000 587.000000 194.000000 1.729331 0.561149 0.764495 -1.500394 0.996065 35.235842 -1.537941 0.048575
Cyclist -1 -1 -10 1129.000000 179.000000 1237.000000 376.000000 1.902609 0.585024 0.782716 1.964985 1.569710 3.181349 2.280304 0.037471
Cyclist -1 -1 -10 965.000000 196.000000 1224.000000 373.000000 1.540819 1.604843 3.393988 2.873050 1.457001 5.246177 2.260630 0.021784
Cyclist -1 -1 -10 42.000000 174.000000 111.000000 269.000000 1.736962 0.628112 1.877894 -9.885588 2.023565 14.034481 1.398286 0.013969
