Car -1 -1 -10 746.000000 193.000000 998.000000 336.000000 1.443858 1.599520 3.999313 3.210305 1.646773 8.722767 1.478788 0.998896
Car -1 -1 -10 655.000000 170.000000 711.000000 219.000000 1.498335 1.578041 3.874988 2.995273 1.529764 28.242744 -1.591771 0.997312
Car -1 -1 -10 397.000000 173.000000 509.000000 218.000000 1.497379 1.620261 3.879186 -5.411867 1.667186 27.401122 1.432238 0.835732
Car -1 -1 -10 324.000000 178.000000 473.000000 235.000000 1.427840 1.606706 4.045664 -5.872820 1.637245 21.837947 0.760865 0.586535
Car -1 -1 -10 439.000000 172.000000 526.000000 209.000000 1.548402 1.606238 4.003536 -5.895700 1.526728 33.946544 -2.873320 0.391075
Car -1 -1 -10 5.000000 169.000000 194.000000 292.000000 1.546156 1.584152 3.637865 -7.493386 1.643284 12.441962 -2.142514 0.300473
Car -1 -1 -10 65.000000 178.000000 261.000000 259.000000 1.554191 1.622866 3.949408 -7.761693 0.825292 13.700810 1.131513 0.037678
Car -1 -1 -10 724.000000 197.000000 830.000000 264.000000 1.545030 1.622400 3.772377 3.322411 1.758074 14.541351 -1.331407 0.022781
Car -1 -1 -10 477.000000 173.000000 545.000000 200.000000 1.490321 1.538234 3.631556 -5.820065 1.412820 39.249610 -1.660551 0.016413
Car -1 -1 -10 642.000000 176.000000 684.000000 206.000000 1.427982 1.571550 3.618636 2.838307 1.932819 38.587558 -1.453191 0.014933
Car -1 -1 -10 116.000000 179.000000 255.000000 228.000000 1.507196 1.645642 3.913348 -13.306457 1.159572 22.286366 1.580344 0.011843
Car -1 -1 -10 288.000000 185.000000 417.000000 231.000000 1.443674 1.485331 3.821528 -7.964754 1.620367 23.066195 0.598869 0.010874
