Pedestrian -1 -1 -10 518.000000 173.000000 531.000000 213.000000 1.674471 0.602201 0.736665 -3.485325 1.953132 29.891422 -1.649349 0.258355
Pedestrian -1 -1 -10 706.000000 162.000000 721.000000 212.000000 1.656921 0.607076 0.706125 4.115350 1.696853 29.095518 -1.389651 0.181753
Pedestrian -1 -1 -10 470.000000 165.000000 482.000000 209.000000 1.560660 1.308208 3.434776 -4.939587 2.834724 20.238538 1.334763 0.071117
Pedestrian -1 -1 -10 524.000000 175.000000 534.000000 208.000000 1.637859 0.604026 0.678367 -3.479889 1.778809 29.971342 -1.655658 0.025907
Pedestrian -1 -1 -10 467.000000 169.000000 488.000000 223.000000 1.696230 0.588077 0.579488 -4.680545 1.700640 24.496463 -1.755166 0.017853
Car -1 -1 -10 9.000000 193.000000 266.000000 375.000000 1.552053 1.623091 3.674376 -5.015773 1.813873 7.041325 1.544319 0.994949
Car -1 -1 -10 851.000000 171.000000 1240.000000 372.000000 1.452000 1.584780 3.843782 2.826908 1.632254 3.584094 1.560447 0.984584
Car -1 -1 -10 399.000000 182.000000 486.000000 240.000000 1.422581 1.519952 3.395573 -4.273776 1.964871 19.604592 -1.823760 0.803734
Car -1 -1 -10 503.000000 179.000000 538.000000 208.000000 1.558783 1.621569 3.682639 -5.298163 2.279466 40.591469 1.455467 0.419283
Car -1 -1 -10 975.000000 180.000000 1180.000000 319.000000 1.532557 1.664748 3.773660 7.152108 1.804671 12.538876 -1.076763 0.018684
Cyclist -1 -1 -10 464.000000 170.000000 501.000000 256.000000 1.673242 0.587691 0.726378 -2.763524 1.938713 16.002535 -1.702446 0.999442
Cyclist -1 -1 -10 425.000000 174.000000 470.000000 263.000000 1.724096 0.583105 0.768819 -3.457651 2.061628 15.565149 -1.736833 0.998388
Cyclist -1 -1 -10 517.000000 174.000000 534.000000 215.000000 1.674597 0.585079 0.746665 -3.488516 1.932518 29.881576 -1.648761 0.983163
Cyclist -1 -1 -10 402.000000 183.000000 478.000000 239.000000 1.462811 1.548671 3.586499 -3.602597 1.791778 17.075029 -1.825400 0.912750
Cyclist -1 -1 -10 504.000000 178.000000 538.000000 208.000000 1.602724 0.594619 0.664438 -3.487840 1.841966 29.931112 -1.667406 0.176546
Cyclist -1 -1 -10 429.000000 178.000000 456.000000 242.000000 1.695437 0.570022 0.722139 -3.506088 1.901146 15.679604 -1.742292 0.078654
Cyclist -1 -1 -10 467.000000 169.000000 488.000000 223.000000 1.703646 0.586029 0.609241 -4.747206 1.661186 24.559426 -1.760655 0.026569
