Car -1 -1 -10 294.000000 189.000000 446.000000 276.000000 1.550823 1.595248 3.703093 -4.671891 1.996856 14.172891 1.681221 0.999268
Car -1 -1 -10 802.000000 190.000000 1046.000000 332.000000 1.479450 1.587877 4.023076 4.104344 1.665084 8.807120 1.503624 0.999166
Car -1 -1 -10 526.000000 179.000000 564.000000 207.000000 1.521904 1.591594 3.712304 -3.704530 1.885357 41.304880 1.626459 0.999125
Car -1 -1 -10 398.000000 185.000000 493.000000 245.000000 1.524210 1.539928 3.681676 -4.333407 2.014597 19.902241 1.711476 0.998732
Car -1 -1 -10 742.000000 182.000000 872.000000 265.000000 1.440791 1.577431 3.922756 4.234054 1.747932 14.674201 -1.434510 0.998018
Car -1 -1 -10 451.000000 184.000000 519.000000 229.000000 1.475378 1.557975 3.692443 -4.259803 2.030982 24.995484 1.834380 0.995957
Car -1 -1 -10 707.000000 180.000000 795.000000 239.000000 1.426318 1.533788 3.872884 4.197807 1.702132 19.927621 -1.536818 0.993400
Car -1 -1 -10 693.000000 179.000000 742.000000 221.000000 1.425776 1.561973 3.711376 4.277223 1.813303 27.971781 -1.459783 0.973383
Car -1 -1 -10 966.000000 178.000000 1245.000000 378.000000 1.441635 1.599842 3.918204 4.125268 1.731840 3.974708 1.556735 0.922463
Car -1 -1 -10 686.000000 178.000000 724.000000 211.000000 1.433388 1.508680 3.634302 4.646487 1.852841 31.680571 -1.533833 0.255684
Car -1 -1 -10 1005.000000 174.000000 1129.000000 215.000000 1.525106 1.636038 4.143651 15.719410 1.218203 24.550247 1.607204 0.179636
Car -1 -1 -10 544.000000 178.000000 573.000000 203.000000 1.516898 1.589057 3.691102 -3.628167 1.892836 41.389285 1.937389 0.153413
