Pedestrian -1 -1 -10 724.000000 145.000000 765.000000 246.000000 1.659674 0.607143 0.713893 2.495603 1.244142 12.091663 -1.344558 0.999022
Pedestrian -1 -1 -10 593.000000 152.000000 635.000000 253.000000 1.595322 0.612530 0.660356 0.278319 1.294307 11.439843 -1.532319 0.997771
Pedestrian -1 -1 -10 561.000000 156.000000 593.000000 252.000000 1.622095 0.605138 0.670195 -0.358200 1.316345 11.227059 -1.583376 0.993738
Pedestrian -1 -1 -10 526.000000 139.000000 557.000000 221.000000 1.629069 0.608448 0.656592 -1.427110 0.856934 16.042764 -1.622365 0.990837
Pedestrian -1 -1 -10 474.000000 140.000000 500.000000 221.000000 1.664159 0.598611 0.715908 -2.580848 0.944026 15.722614 -1.698719 0.966922
Pedestrian -1 -1 -10 511.000000 141.000000 539.000000 218.000000 1.628186 0.598455 0.633040 -1.477091 0.829212 16.316436 0.441563 0.947001
Pedestrian -1 -1 -10 650.000000 139.000000 672.000000 202.000000 1.656510 0.612309 0.701065 2.309168 0.263544 26.036444 -1.452471 0.901996
Pedestrian -1 -1 -10 622.000000 144.000000 638.000000 194.000000 1.683996 0.622811 0.658441 0.972390 0.562524 26.258360 2.106476 0.733024
Pedestrian -1 -1 -10 562.000000 141.000000 578.000000 192.000000 1.689758 0.629624 0.634069 -1.186224 0.481311 26.671132 -1.589676 0.667772
Pedestrian -1 -1 -10 437.000000 139.000000 468.000000 213.000000 1.759505 0.577305 0.803807 -5.217413 0.745637 22.054662 0.335437 0.627931
Pedestrian -1 -1 -10 246.000000 130.000000 282.000000 267.000000 1.628912 0.622530 0.666994 -5.278334 1.229861 11.442400 1.597420 0.511036
Pedestrian -1 -1 -10 429.000000 140.000000 454.000000 215.000000 1.721102 0.600112 0.790951 -5.038092 0.839229 22.179693 -1.738321 0.290367
Pedestrian -1 -1 -10 268.000000 137.000000 325.000000 269.000000 1.640379 0.632213 0.638271 -4.608693 1.324791 10.611311 0.633897 0.245977
Pedestrian -1 -1 -10 486.000000 140.000000 506.000000 181.000000 1.723806 0.615546 0.758023 -5.369145 0.096112 36.637357 -1.664736 0.225142
Pedestrian -1 -1 -10 607.000000 145.000000 637.000000 219.000000 1.641880 0.584497 0.538493 0.627944 1.807692 21.409377 -1.532589 0.140824
Pedestrian -1 -1 -10 450.000000 141.000000 473.000000 202.000000 1.700858 0.616705 0.649315 -4.907060 0.634179 24.126825 0.348491 0.136546
Pedestrian -1 -1 -10 505.000000 144.000000 519.000000 184.000000 1.661178 0.633250 0.694070 -4.162459 0.388769 31.507718 -1.666854 0.091922
Pedestrian -1 -1 -10 567.000000 145.000000 589.000000 208.000000 1.730399 0.607886 0.759606 -1.275958 0.445847 25.436663 -1.579091 0.053702
Cyclist -1 -1 -10 272.000000 138.000000 323.000000 261.000000 1.708819 0.613866 0.647551 -4.850888 1.185914 11.019020 0.639371 0.670444
Cyclist -1 -1 -10 424.000000 143.000000 466.000000 220.000000 1.605040 0.586948 0.634760 -3.182072 0.672881 15.353632 -1.781617 0.662130
Cyclist -1 -1 -10 650.000000 140.000000 672.000000 202.000000 1.631735 0.614890 0.692664 2.181111 0.273916 26.038849 -1.476107 0.306023
Cyclist -1 -1 -10 337.000000 144.000000 397.000000 200.000000 1.458771 1.600933 3.805841 -10.523145 0.437793 30.949295 0.778380 0.209193
Cyclist -1 -1 -10 366.000000 146.000000 469.000000 217.000000 1.747045 0.669582 0.711443 -5.898282 0.711508 22.148569 -1.850626 0.160632
Cyclist -1 -1 -10 308.000000 147.000000 376.000000 207.000000 1.410260 1.671989 3.945312 -10.322365 0.388526 28.928642 1.179885 0.156588
Cyclist -1 -1 -10 381.000000 146.000000 424.000000 199.000000 1.644254 0.563833 0.680752 -9.486622 1.033085 30.170207 -1.810995 0.152408
Cyclist -1 -1 -10 252.000000 132.000000 304.000000 267.000000 1.743592 0.592560 1.754524 -4.846160 1.192348 11.177756 1.598734 0.122727
Cyclist -1 -1 -10 565.000000 141.000000 582.000000 193.000000 1.779661 0.641226 0.680479 -1.293902 0.091353 26.056974 -1.625967 0.086907
Cyclist -1 -1 -10 466.000000 141.000000 496.000000 235.000000 1.673508 0.584631 0.751593 -2.576792 0.981520 15.740306 -1.703907 0.060865
Cyclist -1 -1 -10 445.000000 139.000000 470.000000 211.000000 1.695184 0.593087 0.697086 -4.845750 0.865276 22.800195 -1.735784 0.051707
Cyclist -1 -1 -10 561.000000 154.000000 593.000000 250.000000 1.630478 0.589695 0.627272 -0.366559 1.100346 11.337222 -1.601424 0.033711
Cyclist -1 -1 -10 486.000000 139.000000 503.000000 182.000000 1.721245 0.617358 0.746742 -5.369756 0.066534 36.722704 -1.678628 0.027963
Cyclist -1 -1 -10 477.000000 142.000000 502.000000 206.000000 1.651608 0.716496 0.713732 -2.107395 1.425038 8.915520 1.411975 0.025190
Cyclist -1 -1 -10 620.000000 144.000000 637.000000 194.000000 1.660927 0.639670 0.649479 0.957651 0.439509 26.364627 2.105683 0.016379
Cyclist -1 -1 -10 522.000000 140.000000 542.000000 210.000000 1.675705 0.710230 0.748419 -1.703151 1.609493 9.270591 -1.722225 0.010384
