Pedestrian -1 -1 -10 802.000000 157.000000 866.000000 311.000000 1.702865 0.602000 0.760848 2.593976 1.599602 8.113309 -1.216922 0.998937
Pedestrian -1 -1 -10 240.000000 165.000000 284.000000 278.000000 1.691008 0.608638 0.754874 -5.326738 1.709171 11.361511 -1.972964 0.998286
Pedestrian -1 -1 -10 715.000000 157.000000 774.000000 320.000000 1.675805 0.605553 0.742945 1.574614 1.646410 7.741524 -1.337074 0.994567
Pedestrian -1 -1 -10 1088.000000 141.000000 1187.000000 322.000000 1.678380 0.607108 0.743024 5.170297 1.556003 6.838399 -0.890449 0.994341
Pedestrian -1 -1 -10 768.000000 158.000000 813.000000 267.000000 1.672918 0.606900 0.719927 3.028961 1.447136 11.026513 -1.275521 0.978402
Pedestrian -1 -1 -10 354.000000 168.000000 399.000000 266.000000 1.701430 0.574424 0.749009 -3.720339 1.742836 11.696921 1.738726 0.773899
Pedestrian -1 -1 -10 328.000000 167.000000 362.000000 256.000000 1.604453 0.605031 0.652327 -4.267740 1.416282 12.188003 -1.888473 0.544664
Pedestrian -1 -1 -10 262.000000 161.000000 280.000000 223.000000 1.662664 0.698489 0.700437 -5.666499 1.763485 10.222063 1.141770 0.467441
Pedestrian -1 -1 -10 622.000000 167.000000 647.000000 240.000000 1.697433 0.606084 0.754530 0.763289 1.562624 16.772485 -1.485448 0.326592
Pedestrian -1 -1 -10 720.000000 166.000000 760.000000 259.000000 1.527582 1.560395 3.687603 1.484171 1.266383 11.022767 1.784556 0.313061
Pedestrian -1 -1 -10 717.000000 170.000000 738.000000 238.000000 1.591992 0.596007 0.527412 2.968375 1.528113 17.020970 -1.364800 0.294669
Pedestrian -1 -1 -10 796.000000 155.000000 812.000000 214.000000 1.602564 0.586797 0.560834 6.260079 0.736934 21.966140 -1.239289 0.242553
Pedestrian -1 -1 -10 1089.000000 142.000000 1145.000000 275.000000 1.615174 0.598679 0.562166 6.509194 1.099931 9.215235 -0.900089 0.198036
Pedestrian -1 -1 -10 730.000000 162.000000 753.000000 234.000000 1.642956 0.598440 0.520453 4.295560 1.058267 20.473427 1.204606 0.179174
Pedestrian -1 -1 -10 685.000000 176.000000 708.000000 227.000000 1.630887 0.604573 0.556861 2.686159 1.432422 18.924978 -1.439889 0.161227
Car -1 -1 -10 395.000000 156.000000 483.000000 227.000000 1.620739 1.614932 3.755462 -4.933876 1.117590 21.997347 1.781952 0.974166
Car -1 -1 -10 438.000000 162.000000 503.000000 217.000000 1.491692 1.572557 3.843818 -4.804358 0.986155 27.861095 1.807124 0.222073
Car -1 -1 -10 525.000000 164.000000 569.000000 205.000000 1.489150 1.566538 3.796169 -2.383541 0.997357 32.767207 -1.624199 0.018894
Cyclist -1 -1 -10 621.000000 167.000000 648.000000 239.000000 1.665547 0.594256 0.666355 0.756027 1.444961 17.352003 -1.487994 0.952237
Cyclist -1 -1 -10 351.000000 166.000000 401.000000 270.000000 1.734732 0.532538 1.739026 -3.711702 1.691078 11.693316 -1.817550 0.644003
Cyclist -1 -1 -10 718.000000 166.000000 751.000000 241.000000 1.627395 0.585047 0.532585 3.036553 1.507124 16.973246 -1.360683 0.178349
Cyclist -1 -1 -10 328.000000 167.000000 375.000000 267.000000 1.755616 0.522324 1.743110 -3.934818 1.659241 11.753821 -1.878763 0.153582
Cyclist -1 -1 -10 705.000000 174.000000 735.000000 233.000000 1.618259 0.589843 0.569759 3.115941 1.377650 18.004067 -1.396409 0.131499
Cyclist -1 -1 -10 719.000000 164.000000 768.000000 298.000000 1.671074 0.592213 0.742418 1.572345 1.577154 7.789404 -1.346476 0.079181
Cyclist -1 -1 -10 732.000000 164.000000 758.000000 228.000000 1.612341 0.623383 0.514421 4.387917 0.930668 19.985204 -1.354269 0.031904
Cyclist -1 -1 -10 1086.000000 139.000000 1180.000000 317.000000 1.665753 0.595798 0.753118 5.165545 1.493132 6.848056 -0.900932 0.024610
Cyclist -1 -1 -10 684.000000 175.000000 716.000000 230.000000 1.637998 0.598202 0.583118 2.666090 1.460665 18.878585 -1.436015 0.019770
