Car -1 -1 -10 381.000000 190.000000 459.000000 240.000000 1.480439 1.559887 3.762083 -6.011253 2.099978 22.959561 1.515339 0.997832
Car -1 -1 -10 444.000000 187.000000 499.000000 224.000000 1.475366 1.551360 3.703809 -5.984128 2.217908 30.252951 1.788939 0.997329
Car -1 -1 -10 673.000000 175.000000 740.000000 220.000000 1.420614 1.562117 3.789056 3.471802 1.511177 24.828391 -1.485301 0.997296
Car -1 -1 -10 298.000000 195.000000 411.000000 266.000000 1.494058 1.569350 3.732738 -6.103810 2.117716 17.022286 1.660067 0.994904
Car -1 -1 -10 855.000000 147.000000 1038.000000 210.000000 1.482830 1.626776 4.076979 9.743248 0.336132 21.286949 1.492567 0.993429
Car -1 -1 -10 152.000000 200.000000 342.000000 308.000000 1.494781 1.583336 3.678481 -6.094469 2.096283 12.057708 1.574810 0.981019
Car -1 -1 -10 -1.000000 211.000000 204.000000 375.000000 1.496324 1.611363 3.707179 -5.839106 2.068763 7.372758 1.541554 0.968676
Car -1 -1 -10 659.000000 175.000000 716.000000 212.000000 1.436762 1.528389 3.730432 3.347856 1.599197 30.312230 -1.551379 0.940090
Car -1 -1 -10 1168.000000 132.000000 1239.000000 179.000000 1.470679 1.516361 3.559217 23.089583 0.246060 27.562638 -0.904634 0.732870
Car -1 -1 -10 767.000000 157.000000 937.000000 203.000000 1.371967 1.669587 4.108755 9.617906 0.364080 32.012545 -0.124851 0.449461
Car -1 -1 -10 649.000000 177.000000 686.000000 205.000000 1.418474 1.574075 3.831529 3.041360 2.058961 40.374683 1.554504 0.374975
Car -1 -1 -10 472.000000 185.000000 514.000000 215.000000 1.465032 1.556585 3.805603 -6.000242 2.113494 36.551420 1.800230 0.084185
