Pedestrian -1 -1 -10 616.000000 166.000000 660.000000 300.000000 1.680462 0.607757 0.729432 0.452613 1.663984 9.166750 -1.483476 0.997301
Pedestrian -1 -1 -10 259.000000 167.000000 314.000000 310.000000 1.675060 0.604373 0.753245 -3.841087 1.701854 8.814378 -1.940525 0.996787
Pedestrian -1 -1 -10 673.000000 163.000000 733.000000 295.000000 1.712009 0.594925 0.736194 1.251610 1.671543 9.386272 0.678812 0.995776
Pedestrian -1 -1 -10 443.000000 170.000000 463.000000 223.000000 1.678688 0.601188 0.743008 -4.948190 1.515551 23.854227 -1.737372 0.651049
Pedestrian -1 -1 -10 467.000000 167.000000 487.000000 223.000000 1.493213 1.504759 3.762923 -4.710031 3.015499 19.393702 1.393239 0.082241
Pedestrian -1 -1 -10 703.000000 162.000000 725.000000 222.000000 1.615273 0.599659 0.617392 3.590768 1.105696 20.990383 -1.395703 0.065763
Pedestrian -1 -1 -10 654.000000 167.000000 679.000000 227.000000 1.633564 0.592611 0.651691 1.925787 1.307132 20.908305 -1.451429 0.052761
Pedestrian -1 -1 -10 723.000000 162.000000 746.000000 215.000000 1.769333 0.583993 0.613010 3.902997 0.810336 21.339134 -1.397988 0.042605
Pedestrian -1 -1 -10 528.000000 170.000000 537.000000 197.000000 1.665507 0.609560 0.735968 -4.735308 1.280704 51.759852 -1.623542 0.036180
Pedestrian -1 -1 -10 692.000000 164.000000 729.000000 253.000000 1.769333 0.583993 0.613010 2.230498 1.913114 13.060848 -1.430490 0.020090
Pedestrian -1 -1 -10 657.000000 163.000000 707.000000 249.000000 1.658906 0.610293 0.736162 1.731559 1.531192 15.615039 -1.420116 0.014566
Pedestrian -1 -1 -10 627.000000 170.000000 649.000000 214.000000 1.617018 0.594052 0.552078 2.343952 1.828643 36.736360 -1.495053 0.014125
Car -1 -1 -10 488.000000 168.000000 528.000000 202.000000 1.481146 1.579633 3.811331 -5.618183 1.149662 43.437806 -1.685309 0.140031
Cyclist -1 -1 -10 341.000000 161.000000 419.000000 319.000000 1.721092 0.573724 0.772470 -2.571673 1.709529 8.403600 -1.819252 0.999823
Cyclist -1 -1 -10 463.000000 165.000000 518.000000 256.000000 1.677911 0.568140 0.751521 -2.148890 1.626365 13.981585 -1.667603 0.999656
Cyclist -1 -1 -10 672.000000 163.000000 736.000000 292.000000 1.685732 0.580937 0.753332 1.273938 1.616785 9.405619 -1.388146 0.695408
Cyclist -1 -1 -10 466.000000 164.000000 491.000000 242.000000 1.647134 0.629002 0.583742 -2.523000 1.520702 15.391134 -1.699587 0.264117
Cyclist -1 -1 -10 479.000000 167.000000 525.000000 227.000000 1.610177 0.593066 0.672161 -2.930220 1.417375 18.329115 -1.687707 0.183275
Cyclist -1 -1 -10 688.000000 166.000000 794.000000 280.000000 1.736532 0.580929 0.791833 1.392641 1.642848 9.905804 2.307502 0.084702
Cyclist -1 -1 -10 704.000000 160.000000 740.000000 230.000000 1.646585 0.634537 0.585262 3.789573 1.155192 20.098548 1.166763 0.062929
Cyclist -1 -1 -10 618.000000 166.000000 660.000000 298.000000 1.650986 0.594752 0.722283 0.480339 1.592796 9.195105 -1.490335 0.045415
Cyclist -1 -1 -10 653.000000 168.000000 681.000000 229.000000 1.611674 0.574112 0.676761 1.911719 1.245648 20.983189 -1.444221 0.041338
Cyclist -1 -1 -10 470.000000 170.000000 502.000000 208.000000 1.666421 0.707373 0.751163 -2.626152 1.802725 10.388638 -1.781459 0.035795
Cyclist -1 -1 -10 692.000000 164.000000 729.000000 253.000000 1.548278 1.488853 3.597243 1.709179 1.459873 15.803594 1.745990 0.018558
Cyclist -1 -1 -10 441.000000 169.000000 465.000000 222.000000 1.675093 0.595739 0.750013 -4.931796 1.488101 23.846548 -1.744472 0.013077
Cyclist -1 -1 -10 383.000000 176.000000 404.000000 225.000000 1.628559 0.591662 0.620882 -10.003970 1.420985 35.311514 -1.851871 0.012711
Cyclist -1 -1 -10 489.000000 168.000000 528.000000 203.000000 1.516652 1.594203 3.828365 -5.535861 1.238383 41.977686 -1.686215 0.010965
