Pedestrian -1 -1 -10 741.000000 168.000000 753.000000 200.000000 1.660027 0.602466 0.728719 7.256878 1.629855 38.016381 -1.341259 0.186811
Pedestrian -1 -1 -10 745.000000 170.000000 756.000000 200.000000 1.710258 0.588079 0.600910 7.302191 1.822343 37.801181 -1.386437 0.071725
Car -1 -1 -10 774.000000 176.000000 918.000000 279.000000 1.471285 1.552181 3.890422 3.964856 1.574863 11.850768 -1.399768 0.998952
Car -1 -1 -10 173.000000 200.000000 428.000000 332.000000 1.526858 1.641915 3.759290 -4.281845 1.995791 10.058418 1.657643 0.998819
Car -1 -1 -10 760.000000 177.000000 824.000000 229.000000 1.411514 1.586937 3.700834 5.618717 1.540143 22.072246 -1.376854 0.979782
Car -1 -1 -10 746.000000 177.000000 796.000000 216.000000 1.439922 1.584346 3.845843 6.508453 1.701499 28.229739 1.708546 0.950230
Car -1 -1 -10 649.000000 171.000000 688.000000 197.000000 1.589343 1.619121 3.865471 4.020446 1.708328 50.634725 1.707539 0.896531
Car -1 -1 -10 815.000000 179.000000 876.000000 226.000000 1.470426 1.527222 3.735517 11.087589 1.385051 33.194608 1.873786 0.035279
Car -1 -1 -10 769.000000 177.000000 871.000000 244.000000 1.493815 1.628964 3.777282 5.624586 1.529349 21.893372 -1.291953 0.012803
Cyclist -1 -1 -10 744.000000 169.000000 755.000000 201.000000 1.509656 1.581340 3.773737 1.927161 2.298777 15.890409 1.769993 0.011893
