Car -1 -1 -10 664.000000 180.000000 826.000000 290.000000 1.507941 1.592179 3.817767 2.244332 1.543061 11.716414 -1.452804 0.998855
Car -1 -1 -10 574.000000 171.000000 680.000000 215.000000 1.513990 1.639886 4.080692 0.502523 1.446960 27.867721 0.979662 0.998068
Car -1 -1 -10 830.000000 162.000000 942.000000 208.000000 1.562520 1.620589 3.835900 9.936200 1.138594 25.964999 -0.694748 0.996747
Car -1 -1 -10 730.000000 167.000000 872.000000 216.000000 1.556002 1.625707 3.880667 6.397815 1.117911 23.258150 2.359932 0.992577
Car -1 -1 -10 907.000000 165.000000 998.000000 203.000000 1.490681 1.602606 3.819039 13.756037 1.034408 28.833260 2.467099 0.990003
Car -1 -1 -10 967.000000 155.000000 1058.000000 199.000000 1.571678 1.591983 3.851110 17.167794 1.016296 31.119486 -0.513874 0.962225
Car -1 -1 -10 717.000000 169.000000 801.000000 215.000000 1.516942 1.664333 3.797950 6.052380 1.148239 31.040529 2.313936 0.076955
Cyclist -1 -1 -10 692.000000 176.000000 718.000000 217.000000 1.633435 0.629030 0.542765 4.549542 1.689453 32.353113 1.190340 0.202205
Cyclist -1 -1 -10 697.000000 172.000000 788.000000 220.000000 1.467503 1.614015 3.847623 5.417195 1.521270 29.894083 -1.369682 0.053397
Cyclist -1 -1 -10 708.000000 173.000000 727.000000 219.000000 1.457074 1.581090 3.831325 4.725370 1.450553 30.853976 1.725575 0.052080
Cyclist -1 -1 -10 717.000000 168.000000 739.000000 221.000000 1.638513 0.589676 0.587540 5.111596 1.663221 29.810149 -1.416375 0.046771
Cyclist -1 -1 -10 705.000000 176.000000 754.000000 214.000000 1.459151 1.610196 3.861459 5.332865 1.502324 29.977190 1.763066 0.024500
