Car -1 -1 -10 720.000000 192.000000 900.000000 309.000000 1.460548 1.588207 3.918947 2.999918 1.749360 10.484536 1.397549 0.999828
Car -1 -1 -10 -9.000000 186.000000 282.000000 324.000000 1.509791 1.661336 4.022284 -6.387420 1.762712 9.553220 0.380017 0.997994
Car -1 -1 -10 665.000000 177.000000 737.000000 237.000000 1.487887 1.569099 3.876917 2.731387 1.675713 21.542283 -1.574166 0.996704
Car -1 -1 -10 314.000000 183.000000 471.000000 238.000000 1.511077 1.590653 3.779934 -5.674248 1.685711 21.542627 1.714278 0.977728
Car -1 -1 -10 131.000000 165.000000 402.000000 269.000000 1.617291 1.611880 3.935275 -6.197932 1.528938 14.555879 -3.133320 0.976265
Car -1 -1 -10 648.000000 180.000000 704.000000 225.000000 1.454794 1.513471 3.601390 2.757033 2.082588 27.144433 -1.494119 0.555082
Car -1 -1 -10 387.000000 183.000000 501.000000 221.000000 1.621974 1.621888 3.890951 -6.375714 1.856367 31.466357 -2.951128 0.348064
Car -1 -1 -10 480.000000 180.000000 547.000000 206.000000 1.546944 1.590040 3.800272 -6.208463 1.736724 41.603558 1.905482 0.254436
Car -1 -1 -10 249.000000 175.000000 448.000000 253.000000 1.507093 1.557218 3.992221 -6.026287 1.800070 18.126328 1.702099 0.097826
Car -1 -1 -10 432.000000 180.000000 527.000000 215.000000 1.509964 1.638659 3.849099 -5.755069 2.080185 34.908380 1.854297 0.091310
Car -1 -1 -10 638.000000 178.000000 679.000000 211.000000 1.445146 1.558409 3.795864 2.890401 1.778985 36.460850 -1.608221 0.070885
Cyclist -1 -1 -10 1126.000000 166.000000 1173.000000 209.000000 1.649953 0.585823 0.626400 16.157828 1.328336 21.710519 -0.910322 0.170133
