Pedestrian -1 -1 -10 437.000000 173.000000 464.000000 250.000000 1.678053 0.609711 0.750895 -3.353741 1.725177 16.802945 -1.740726 0.996825
Pedestrian -1 -1 -10 659.000000 170.000000 696.000000 273.000000 1.716743 0.607140 0.767854 1.404178 1.730980 12.282525 -1.417968 0.996712
Pedestrian -1 -1 -10 627.000000 169.000000 655.000000 236.000000 1.659890 0.620723 0.747849 1.171249 1.596929 20.847633 -1.476656 0.985412
Pedestrian -1 -1 -10 698.000000 170.000000 732.000000 271.000000 1.716934 0.594734 0.689370 2.012510 1.807807 12.684657 0.690260 0.978330
Pedestrian -1 -1 -10 401.000000 175.000000 426.000000 244.000000 1.654781 0.595449 0.694726 -4.516544 1.843752 17.017847 -1.767911 0.968766
Pedestrian -1 -1 -10 0.000000 236.000000 151.000000 375.000000 1.608862 0.580740 0.594535 -2.916079 1.936032 3.697318 -2.167145 0.927118
Pedestrian -1 -1 -10 728.000000 168.000000 754.000000 246.000000 1.716495 0.592283 0.706814 2.953050 1.774284 15.809246 2.264354 0.820038
Pedestrian -1 -1 -10 779.000000 168.000000 805.000000 236.000000 1.698136 0.599032 0.750860 4.520819 1.579203 17.045170 -1.270960 0.769120
Pedestrian -1 -1 -10 71.000000 216.000000 141.000000 366.000000 1.579755 0.602756 0.585144 -3.750533 1.891527 5.060559 -2.159037 0.576085
Pedestrian -1 -1 -10 107.000000 214.000000 213.000000 364.000000 1.652320 0.611175 0.552391 -3.293975 2.158564 5.190361 0.471961 0.424781
Pedestrian -1 -1 -10 83.000000 174.000000 135.000000 296.000000 1.614800 0.607411 0.648572 -7.649894 1.642747 11.274544 -2.152120 0.343201
Pedestrian -1 -1 -10 738.000000 169.000000 765.000000 237.000000 1.736483 0.570371 0.687377 3.391872 1.658265 16.862384 0.763217 0.319687
Pedestrian -1 -1 -10 677.000000 171.000000 698.000000 256.000000 1.670110 0.604076 0.713827 1.883925 1.717215 15.475947 -1.419285 0.164101
Car -1 -1 -10 551.000000 180.000000 590.000000 211.000000 1.464279 1.566103 3.798075 -1.803444 1.508426 36.841169 1.616796 0.998240
Cyclist -1 -1 -10 45.000000 224.000000 196.000000 369.000000 1.618575 0.617089 0.559294 -3.182386 1.953703 4.293942 1.462385 0.148842
Cyclist -1 -1 -10 1.000000 242.000000 94.000000 369.000000 1.851838 0.595854 0.696964 -2.251846 1.190197 2.282507 0.986521 0.077423
Cyclist -1 -1 -10 109.000000 215.000000 221.000000 350.000000 1.665068 0.626725 0.552841 -3.332323 2.030814 5.328804 0.497785 0.038134
Cyclist -1 -1 -10 79.000000 213.000000 154.000000 346.000000 1.656138 0.590052 0.608965 -3.276720 1.847167 4.769290 -2.171429 0.027682
Cyclist -1 -1 -10 626.000000 170.000000 657.000000 236.000000 1.700897 0.631199 0.736017 1.153197 1.577706 20.830773 -1.503261 0.027370
Cyclist -1 -1 -10 396.000000 176.000000 428.000000 243.000000 1.706057 0.553775 1.752565 -4.511871 1.774149 17.030682 -1.783212 0.014686
Cyclist -1 -1 -10 1178.000000 212.000000 1237.000000 369.000000 1.518548 1.621730 3.439354 4.951593 2.206713 7.519872 2.347398 0.010225
