Car -1 -1 -10 681.000000 182.000000 759.000000 241.000000 1.448861 1.574216 3.831552 3.128289 1.695024 19.397642 -1.518378 0.998988
Car -1 -1 -10 251.000000 180.000000 468.000000 251.000000 1.499735 1.588458 4.043750 -5.840949 1.700853 17.504076 0.583489 0.998893
Car -1 -1 -10 733.000000 173.000000 855.000000 222.000000 1.581064 1.716182 4.160122 6.306528 1.509394 25.055810 -1.889723 0.995019
Car -1 -1 -10 315.000000 177.000000 488.000000 230.000000 1.483871 1.517166 3.854209 -6.047178 1.518565 23.959985 1.807145 0.969526
Car -1 -1 -10 382.000000 178.000000 501.000000 217.000000 1.470287 1.579821 3.839622 -5.547813 1.477372 27.619002 1.777914 0.937713
Car -1 -1 -10 808.000000 165.000000 1242.000000 375.000000 1.456930 1.620007 4.025123 3.108927 1.434348 5.608091 -1.607337 0.837832
Car -1 -1 -10 -3.000000 168.000000 300.000000 297.000000 1.600936 1.633284 3.877963 -6.344092 1.516241 10.384144 -1.589441 0.784135
Car -1 -1 -10 687.000000 173.000000 735.000000 201.000000 1.500245 1.641541 3.920205 5.396921 1.367062 39.012793 1.232646 0.683378
Car -1 -1 -10 115.000000 183.000000 438.000000 269.000000 1.476397 1.643212 3.987346 -6.077977 1.785855 15.192317 0.503299 0.488719
Car -1 -1 -10 427.000000 176.000000 531.000000 208.000000 1.588960 1.586429 4.160026 -6.572139 1.434767 35.170183 -2.898586 0.232538
Cyclist -1 -1 -10 976.000000 143.000000 1236.000000 371.000000 1.703891 0.551929 1.734098 2.636367 1.626049 4.315875 -0.971065 0.016034
