Car -1 -1 -10 577.000000 179.000000 611.000000 209.000000 1.543441 1.625443 3.910989 -0.801785 1.378901 39.312459 -1.596654 0.999480
Car -1 -1 -10 202.000000 189.000000 422.000000 308.000000 1.514595 1.547125 3.686832 -4.173677 1.662656 10.164667 1.676908 0.999263
Car -1 -1 -10 420.000000 185.000000 495.000000 237.000000 1.521808 1.601387 3.704600 -4.550549 1.522588 21.962858 -1.635656 0.998652
Car -1 -1 -10 -1.000000 175.000000 211.000000 303.000000 1.547114 1.624735 3.752329 -8.501085 1.626343 11.327451 -1.601310 0.913832
Car -1 -1 -10 466.000000 183.000000 518.000000 218.000000 1.490261 1.629584 3.674069 -5.052300 1.416243 31.616861 -1.610576 0.725674
Car -1 -1 -10 370.000000 181.000000 420.000000 219.000000 1.518420 1.633535 3.862375 -8.997221 1.287756 30.418626 -1.834648 0.550740
Car -1 -1 -10 96.000000 215.000000 298.000000 358.000000 1.461865 1.604893 3.831850 -4.685768 1.770984 8.148589 -2.097992 0.442337
Car -1 -1 -10 496.000000 183.000000 539.000000 209.000000 1.501839 1.626644 3.703890 -4.895740 1.433498 40.946496 -1.643238 0.239965
Car -1 -1 -10 242.000000 189.000000 336.000000 245.000000 1.536182 1.627682 3.891368 -12.747555 1.259912 26.805718 -1.981589 0.161784
Car -1 -1 -10 231.000000 170.000000 326.000000 227.000000 1.669077 1.640677 4.008619 -12.925208 1.243280 27.093105 -1.987487 0.089260
