Pedestrian -1 -1 -10 822.000000 199.000000 873.000000 327.000000 1.621478 0.606602 0.639110 2.905065 1.969638 8.305026 -1.215186 0.837118
Pedestrian -1 -1 -10 807.000000 198.000000 918.000000 316.000000 1.710516 0.604280 0.694498 3.294861 1.958581 7.612388 1.273951 0.163044
Pedestrian -1 -1 -10 744.000000 197.000000 888.000000 288.000000 1.645474 0.586726 0.634551 2.974443 1.920953 8.205354 0.845694 0.020906
Car -1 -1 -10 824.000000 187.000000 1086.000000 370.000000 1.524527 1.608895 4.019893 3.939961 1.725265 8.406340 -1.663708 0.998191
Car -1 -1 -10 710.000000 196.000000 784.000000 251.000000 1.428063 1.526533 3.790833 4.278725 2.268222 21.151275 -1.505200 0.997507
Car -1 -1 -10 744.000000 196.000000 857.000000 280.000000 1.472938 1.477127 3.401206 3.106242 1.962775 10.474993 -1.316513 0.995125
Car -1 -1 -10 555.000000 188.000000 593.000000 217.000000 1.492141 1.601708 3.880637 -2.093530 2.307490 38.846439 1.550538 0.991062
Car -1 -1 -10 6.000000 199.000000 410.000000 376.000000 1.502977 1.649036 3.786797 -3.299925 1.838025 6.117731 1.566336 0.985857
Car -1 -1 -10 703.000000 192.000000 756.000000 240.000000 1.442313 1.571168 3.919040 4.586569 2.260883 25.251428 1.291778 0.965161
Car -1 -1 -10 451.000000 174.000000 561.000000 265.000000 1.570253 1.578683 3.825041 -2.498590 1.840617 17.354522 -1.580044 0.841394
Car -1 -1 -10 1055.000000 213.000000 1240.000000 370.000000 1.451561 1.535228 3.764161 4.323397 1.868442 5.276422 1.698040 0.833109
Car -1 -1 -10 690.000000 191.000000 734.000000 229.000000 1.362963 1.562659 3.849113 4.507078 2.486963 31.341883 1.181776 0.695620
Car -1 -1 -10 810.000000 196.000000 925.000000 321.000000 1.469662 1.525524 3.801059 3.895109 1.744577 8.361708 1.283404 0.689135
Car -1 -1 -10 675.000000 190.000000 713.000000 221.000000 1.448676 1.545077 3.902311 4.676550 2.413906 36.119081 -1.572398 0.261237
