Car -1 -1 -10 710.000000 183.000000 833.000000 278.000000 1.456778 1.577464 3.871865 3.169983 1.743949 13.559370 -1.467164 0.999278
Car -1 -1 -10 6.000000 196.000000 302.000000 323.000000 1.491742 1.628415 4.015078 -6.062683 1.795497 9.270508 0.383702 0.998523
Car -1 -1 -10 763.000000 174.000000 948.000000 243.000000 1.567157 1.684357 4.161800 6.477482 1.652676 19.163965 -2.394579 0.998093
Car -1 -1 -10 113.000000 182.000000 398.000000 278.000000 1.450178 1.539472 3.905432 -5.877958 1.616666 12.403635 0.464390 0.993005
Car -1 -1 -10 636.000000 176.000000 666.000000 203.000000 1.600382 1.589433 3.831810 2.812298 2.026062 46.674216 1.661868 0.990141
Car -1 -1 -10 368.000000 180.000000 475.000000 226.000000 1.499588 1.584465 3.784442 -5.514044 1.585519 23.143207 1.434735 0.960636
Car -1 -1 -10 213.000000 181.000000 445.000000 253.000000 1.495713 1.590749 3.952369 -6.088089 1.582690 17.007499 0.602392 0.910563
Car -1 -1 -10 705.000000 178.000000 794.000000 217.000000 1.508911 1.642352 4.040053 5.465088 1.637303 32.506223 1.329958 0.898879
Car -1 -1 -10 433.000000 178.000000 533.000000 213.000000 1.443016 1.531714 3.752474 -4.637711 2.179783 35.302359 1.435707 0.623344
Car -1 -1 -10 1.000000 196.000000 148.000000 342.000000 1.482922 1.592751 3.686390 -6.339197 1.796630 7.519097 1.536309 0.189332
Car -1 -1 -10 303.000000 180.000000 454.000000 234.000000 1.420700 1.598652 3.888848 -6.035928 1.597461 21.243819 0.704745 0.159374
Car -1 -1 -10 733.000000 179.000000 822.000000 226.000000 1.461652 1.507421 3.822339 5.948231 1.451106 26.110529 1.334127 0.156948
