Car -1 -1 -10 253.000000 177.000000 441.000000 240.000000 1.509388 1.648310 3.997986 -6.488151 1.594819 18.677418 -3.025516 0.997921
Car -1 -1 -10 838.000000 164.000000 1153.000000 283.000000 1.517963 1.656929 4.019578 6.656392 1.548207 12.287842 -2.251171 0.993741
Car -1 -1 -10 22.000000 181.000000 283.000000 303.000000 1.503593 1.536220 3.820839 -6.251175 1.606436 9.864340 1.509626 0.987231
Car -1 -1 -10 325.000000 169.000000 494.000000 226.000000 1.610682 1.609781 3.974364 -5.772115 1.554863 23.685006 -3.042472 0.950800
Car -1 -1 -10 660.000000 144.000000 756.000000 231.000000 1.677694 1.603128 4.217475 2.869688 1.142660 21.086936 -1.605588 0.637324
Car -1 -1 -10 465.000000 175.000000 532.000000 202.000000 1.479423 1.587176 3.888658 -6.263378 1.715832 40.780988 2.000613 0.168193
Car -1 -1 -10 433.000000 174.000000 510.000000 205.000000 1.501438 1.664198 3.871994 -6.655928 1.688961 39.303044 -1.736751 0.099978
Car -1 -1 -10 655.000000 166.000000 724.000000 222.000000 1.514590 1.467799 3.687483 2.755274 1.598055 22.984272 1.104030 0.053780
Car -1 -1 -10 3.000000 157.000000 157.000000 341.000000 1.477699 1.569904 3.781550 -6.277492 1.568894 7.989913 0.925585 0.042634
Car -1 -1 -10 641.000000 161.000000 689.000000 203.000000 1.516613 1.626234 3.713073 3.014719 1.543674 37.675787 -1.448235 0.041460
Car -1 -1 -10 1023.000000 161.000000 1120.000000 191.000000 1.524839 1.603756 3.758998 19.532752 0.799273 27.589233 1.587564 0.029055
