Car -1 -1 -10 728.000000 179.000000 833.000000 261.000000 1.464643 1.575776 3.834234 3.834898 1.668960 15.396282 -1.443288 0.999348
Car -1 -1 -10 703.000000 175.000000 784.000000 238.000000 1.435219 1.596998 3.876977 4.087968 1.705804 19.833794 -1.524166 0.988839
Car -1 -1 -10 280.000000 180.000000 474.000000 237.000000 1.490508 1.639368 4.004414 -5.853793 1.550478 19.889802 -2.424223 0.987742
Car -1 -1 -10 51.000000 186.000000 421.000000 282.000000 1.508930 1.672101 4.179953 -5.592125 1.649452 12.384838 -3.213368 0.986523
Car -1 -1 -10 424.000000 176.000000 529.000000 220.000000 1.561987 1.545976 4.038597 -5.051677 1.722328 28.221598 -2.942800 0.978470
Car -1 -1 -10 681.000000 180.000000 726.000000 212.000000 1.419672 1.563516 3.778635 4.611114 1.774043 33.720311 -1.515427 0.977535
Car -1 -1 -10 381.000000 179.000000 498.000000 224.000000 1.544877 1.600293 3.939235 -5.558132 1.564193 25.514185 -2.950405 0.958595
Car -1 -1 -10 187.000000 183.000000 432.000000 253.000000 1.475338 1.605039 3.954244 -6.384971 1.425905 19.995457 -1.997240 0.635193
Car -1 -1 -10 463.000000 176.000000 550.000000 212.000000 1.479750 1.616612 3.956588 -4.454067 1.668167 32.573609 0.861578 0.134924
Car -1 -1 -10 11.000000 187.000000 243.000000 287.000000 1.494150 1.548218 3.750615 -7.495764 1.118135 13.055273 0.514898 0.117099
