Pedestrian -1 -1 -10 492.000000 172.000000 504.000000 212.000000 1.673625 0.592285 0.540906 -4.469787 1.546991 29.194378 -1.693721 0.041123
Pedestrian -1 -1 -10 536.000000 173.000000 550.000000 206.000000 1.629046 0.595664 0.696267 -3.467370 1.870781 37.734713 -1.626029 0.034563
Pedestrian -1 -1 -10 490.000000 172.000000 514.000000 228.000000 1.720080 0.579576 0.764468 -3.353908 2.109698 23.100776 0.409983 0.022179
Pedestrian -1 -1 -10 515.000000 172.000000 536.000000 224.000000 1.674192 0.595494 0.729838 -2.729786 1.994890 23.710222 -1.639513 0.017668
Pedestrian -1 -1 -10 498.000000 174.000000 509.000000 214.000000 1.683951 0.592971 0.599262 -3.316390 1.738038 23.421407 -1.724663 0.013814
Pedestrian -1 -1 -10 699.000000 163.000000 713.000000 207.000000 1.641214 0.607544 0.693656 4.477059 1.527158 32.717940 -1.408103 0.011874
Car -1 -1 -10 737.000000 169.000000 996.000000 348.000000 1.511899 1.599923 3.925708 2.828281 1.540793 8.111661 -1.710050 0.999526
Car -1 -1 -10 191.000000 185.000000 389.000000 305.000000 1.560888 1.617302 3.739418 -5.115927 1.911643 11.631797 1.630707 0.999353
Car -1 -1 -10 440.000000 183.000000 502.000000 226.000000 1.498808 1.603054 3.739903 -5.372062 1.942905 27.583829 1.512143 0.993308
Car -1 -1 -10 777.000000 176.000000 850.000000 225.000000 1.507889 1.563888 3.714711 8.751279 1.297526 32.596509 1.809952 0.028769
Car -1 -1 -10 460.000000 177.000000 501.000000 214.000000 1.521037 1.570014 3.762905 -5.448835 1.476978 28.936897 -1.734315 0.019135
Cyclist -1 -1 -10 515.000000 171.000000 539.000000 228.000000 1.655713 0.585669 0.735517 -2.706104 1.944014 23.720255 -1.645052 0.999647
Cyclist -1 -1 -10 489.000000 173.000000 516.000000 232.000000 1.722659 0.563728 0.751452 -3.376214 2.036210 23.112269 -1.662252 0.997986
Cyclist -1 -1 -10 444.000000 181.000000 506.000000 226.000000 1.503451 1.542685 3.657592 -4.314657 2.211330 25.667023 0.775515 0.719267
Cyclist -1 -1 -10 493.000000 174.000000 504.000000 211.000000 1.752813 0.579793 0.644046 -4.696368 1.598955 29.600171 -1.740521 0.087457
Cyclist -1 -1 -10 519.000000 175.000000 546.000000 209.000000 1.722701 0.579041 0.636155 -2.573694 1.803999 24.126022 -1.691089 0.045288
Cyclist -1 -1 -10 533.000000 173.000000 550.000000 205.000000 1.613845 0.579690 0.705682 -3.475800 1.812293 37.766230 -1.629994 0.012514
Cyclist -1 -1 -10 482.000000 179.000000 507.000000 214.000000 1.619555 0.647253 0.544976 -4.143265 1.972949 26.557125 -1.746628 0.011240
