Pedestrian -1 -1 -10 862.000000 158.000000 944.000000 346.000000 1.661435 0.612261 0.721391 2.861040 1.660682 6.881737 -1.139832 0.998978
Pedestrian -1 -1 -10 775.000000 161.000000 848.000000 347.000000 1.687190 0.599753 0.741716 1.925413 1.712790 6.744465 -1.244605 0.998223
Pedestrian -1 -1 -10 445.000000 163.000000 482.000000 268.000000 1.731275 0.603200 0.780637 -2.400506 1.707308 12.596312 -1.716416 0.997661
Pedestrian -1 -1 -10 1114.000000 143.000000 1178.000000 277.000000 1.705169 0.602719 0.757991 6.932067 1.405165 9.228229 1.179654 0.991405
Pedestrian -1 -1 -10 988.000000 148.000000 1038.000000 260.000000 1.688522 0.592495 0.733446 6.288096 1.407165 11.119686 -1.007581 0.986336
Pedestrian -1 -1 -10 113.000000 169.000000 192.000000 335.000000 1.683195 0.614665 0.754875 -4.704551 1.775898 7.464943 -2.094597 0.980603
Pedestrian -1 -1 -10 904.000000 155.000000 950.000000 271.000000 1.681984 0.599208 0.739328 4.888046 1.432565 10.684313 -1.109249 0.971729
Pedestrian -1 -1 -10 690.000000 165.000000 720.000000 238.000000 1.638598 0.616861 0.714613 2.367855 1.543601 16.611993 -1.393334 0.904608
Pedestrian -1 -1 -10 443.000000 168.000000 464.000000 242.000000 1.662939 0.698839 0.697953 -3.140562 1.707472 11.030932 1.371615 0.685890
Pedestrian -1 -1 -10 6.000000 169.000000 111.000000 359.000000 1.683589 0.618700 0.702616 -5.083532 1.808437 6.588427 -0.097464 0.110903
Pedestrian -1 -1 -10 422.000000 167.000000 442.000000 223.000000 1.595686 0.624970 0.625210 -5.995290 1.406556 25.776744 -1.771816 0.082449
Pedestrian -1 -1 -10 457.000000 168.000000 484.000000 240.000000 1.745028 0.587401 0.611087 -2.880167 1.717149 17.870786 -1.761208 0.068959
Pedestrian -1 -1 -10 440.000000 167.000000 504.000000 232.000000 1.671965 0.611706 0.776051 -3.223643 1.499796 18.755288 0.817426 0.055241
Car -1 -1 -10 547.000000 168.000000 576.000000 196.000000 1.486120 1.575775 3.834560 -2.617890 1.047935 47.974882 -1.639649 0.406415
Car -1 -1 -10 439.000000 166.000000 512.000000 224.000000 1.447542 1.501256 3.830146 -4.313772 1.256915 23.466184 1.940953 0.034762
Car -1 -1 -10 467.000000 166.000000 525.000000 213.000000 1.492133 1.567418 3.717916 -4.336730 1.013576 27.932667 -1.646776 0.025604
Cyclist -1 -1 -10 0.000000 168.000000 120.000000 366.000000 1.708017 0.629976 0.702957 -5.080852 1.760412 6.533723 -2.189563 0.992805
Cyclist -1 -1 -10 688.000000 167.000000 721.000000 238.000000 1.646616 0.599521 0.727935 2.375951 1.484392 16.621889 -1.397090 0.212603
Cyclist -1 -1 -10 439.000000 164.000000 492.000000 255.000000 1.697982 0.589723 0.765527 -2.420763 1.599291 12.589325 -1.724509 0.199156
Cyclist -1 -1 -10 466.000000 170.000000 494.000000 239.000000 1.619122 0.598379 0.644653 -3.071944 1.625906 18.061412 -1.720401 0.089967
Cyclist -1 -1 -10 1210.000000 166.000000 1237.000000 352.000000 1.802925 0.595092 0.695575 1.620809 1.149981 2.253229 2.347275 0.013596
