Car -1 -1 -10 593.000000 176.000000 672.000000 250.000000 1.536962 1.645311 3.910698 0.643857 1.388228 17.383093 -1.529064 0.999449
Car -1 -1 -10 250.000000 181.000000 438.000000 289.000000 1.574338 1.620937 3.776433 -4.494689 1.534758 12.086570 -1.437833 0.999355
Car -1 -1 -10 120.000000 181.000000 251.000000 237.000000 1.537974 1.639101 3.763589 -12.523294 1.428702 21.214738 1.572311 0.999355
Car -1 -1 -10 -1.000000 190.000000 170.000000 370.000000 1.498171 1.626571 3.819805 -4.537179 1.790717 4.818498 1.547444 0.468526
Car -1 -1 -10 632.000000 180.000000 675.000000 212.000000 1.515585 1.626765 3.792024 2.787132 1.200282 39.831489 -1.441622 0.391496
Car -1 -1 -10 1.000000 175.000000 92.000000 213.000000 1.589928 1.694290 3.798708 -30.164120 1.098695 39.256640 1.434284 0.093228
Car -1 -1 -10 256.000000 164.000000 351.000000 214.000000 1.590909 1.622390 3.945638 -11.967716 0.483580 27.917698 1.668536 0.068817
Car -1 -1 -10 618.000000 168.000000 652.000000 199.000000 1.495560 1.639918 3.582678 2.378988 0.891542 39.533486 1.608996 0.051986
Car -1 -1 -10 0.000000 179.000000 123.000000 261.000000 1.424697 1.502333 3.644001 -17.112026 1.680399 23.980230 0.885539 0.022690
Car -1 -1 -10 297.000000 180.000000 350.000000 208.000000 1.597690 1.627712 3.380472 -3.652815 1.601501 7.152083 1.261336 0.017914
