Pedestrian -1 -1 -10 771.000000 171.000000 792.000000 204.000000 1.468736 1.620245 3.875998 12.796360 1.508202 51.662844 1.271154 0.094026
Car -1 -1 -10 432.000000 184.000000 513.000000 236.000000 1.529645 1.587819 3.730879 -4.395261 2.042501 22.788502 1.780034 0.999444
Car -1 -1 -10 768.000000 179.000000 934.000000 284.000000 1.470175 1.618032 4.008647 4.338422 1.687735 12.379606 1.430310 0.997758
Car -1 -1 -10 710.000000 179.000000 781.000000 229.000000 1.396159 1.537460 3.793807 4.591716 1.783523 23.438306 -1.520546 0.995214
Car -1 -1 -10 734.000000 182.000000 833.000000 249.000000 1.412953 1.535970 3.804969 4.491549 1.731964 17.839301 -1.454272 0.993880
Car -1 -1 -10 481.000000 183.000000 538.000000 222.000000 1.512615 1.567290 3.680103 -3.939697 1.976369 29.153960 1.922716 0.992764
Car -1 -1 -10 858.000000 198.000000 1246.000000 374.000000 1.480626 1.619716 3.994673 4.303728 1.645232 6.481376 -1.069429 0.992586
Car -1 -1 -10 693.000000 178.000000 742.000000 217.000000 1.406974 1.526162 3.698197 4.659338 1.664622 28.632385 -1.511195 0.984055
Car -1 -1 -10 508.000000 182.000000 553.000000 215.000000 1.478757 1.583681 3.753568 -3.819125 1.935564 33.383034 1.626011 0.720206
Car -1 -1 -10 688.000000 177.000000 722.000000 208.000000 1.483766 1.567486 3.743514 5.242101 1.607135 38.823491 -1.479577 0.124302
