Car -1 -1 -10 626.000000 212.000000 884.000000 363.000000 1.461798 1.562710 3.946396 2.303915 1.953276 6.952603 1.224458 0.998974
Car -1 -1 -10 179.000000 216.000000 304.000000 307.000000 1.468412 1.596010 3.655064 -5.303476 2.060277 8.407218 -2.000288 0.998092
Car -1 -1 -10 565.000000 204.000000 702.000000 297.000000 1.505423 1.566622 4.062082 1.246292 2.116508 11.466507 1.103307 0.996001
Car -1 -1 -10 509.000000 194.000000 602.000000 267.000000 1.485259 1.583533 4.077519 -1.039792 2.085686 17.933659 1.043378 0.995267
Car -1 -1 -10 284.000000 195.000000 355.000000 254.000000 1.544610 1.577138 3.753021 -10.148835 2.530550 25.038749 -1.855847 0.990651
Car -1 -1 -10 776.000000 206.000000 1248.000000 378.000000 1.449205 1.598353 3.894150 2.958173 1.634058 4.257409 -0.423034 0.978705
Car -1 -1 -10 467.000000 200.000000 516.000000 240.000000 1.447745 1.586810 4.017827 -4.155034 2.571447 29.835902 0.899548 0.970999
Car -1 -1 -10 -11.000000 222.000000 241.000000 373.000000 1.461891 1.605750 3.684958 -5.079160 2.139170 6.529546 1.506655 0.951346
Car -1 -1 -10 487.000000 197.000000 551.000000 250.000000 1.492246 1.556698 3.617165 -2.643609 2.188962 19.841845 -1.679396 0.925032
Car -1 -1 -10 345.000000 201.000000 378.000000 226.000000 1.544173 1.600988 3.812991 -16.055640 3.697213 45.037809 1.292335 0.908820
