Car -1 -1 -10 396.000000 183.000000 493.000000 245.000000 1.526791 1.580551 3.691735 -4.528258 1.956035 19.750118 1.807676 0.999563
Car -1 -1 -10 804.000000 182.000000 1056.000000 328.000000 1.497305 1.607161 3.960797 4.261034 1.685579 9.150124 1.463570 0.999444
Car -1 -1 -10 453.000000 182.000000 524.000000 228.000000 1.493195 1.572170 3.655726 -3.958590 1.963268 25.434561 1.530950 0.997273
Car -1 -1 -10 751.000000 182.000000 883.000000 266.000000 1.444676 1.565616 3.934582 4.391016 1.662155 14.259596 -1.432580 0.996940
Car -1 -1 -10 722.000000 180.000000 807.000000 238.000000 1.448659 1.547200 3.834288 4.538487 1.686322 19.805042 -1.465365 0.996566
Car -1 -1 -10 697.000000 178.000000 759.000000 223.000000 1.430209 1.520216 3.799037 4.481155 1.642107 25.265706 -1.547200 0.991831
Car -1 -1 -10 993.000000 195.000000 1236.000000 372.000000 1.421097 1.592407 3.850541 4.155032 1.850174 3.788767 1.563046 0.958629
Car -1 -1 -10 493.000000 182.000000 541.000000 217.000000 1.478187 1.601491 3.734405 -3.969801 1.946216 30.468574 1.580886 0.958409
Car -1 -1 -10 690.000000 177.000000 734.000000 213.000000 1.487542 1.708908 3.812391 5.066244 1.775329 35.004134 -1.402966 0.782885
Cyclist -1 -1 -10 1002.000000 197.000000 1238.000000 360.000000 1.400291 1.653363 3.751846 3.535955 1.871286 3.558688 1.600926 0.010294
