Car -1 -1 -10 615.000000 194.000000 779.000000 291.000000 1.450801 1.602749 3.991354 1.617168 1.764707 12.108705 1.253836 0.999812
Car -1 -1 -10 329.000000 189.000000 374.000000 220.000000 1.495010 1.583938 3.872789 -14.456140 2.586843 40.150172 1.314587 0.999220
Car -1 -1 -10 510.000000 188.000000 567.000000 228.000000 1.458079 1.586494 3.839987 -2.675576 1.937695 27.061014 -1.747180 0.998960
Car -1 -1 -10 21.000000 209.000000 232.000000 331.000000 1.469782 1.505212 3.712648 -6.899765 2.125488 9.158147 1.480917 0.985784
Car -1 -1 -10 498.000000 186.000000 545.000000 219.000000 1.425273 1.571727 3.675437 -4.007988 2.251856 31.369458 -1.706054 0.983886
Car -1 -1 -10 119.000000 196.000000 198.000000 223.000000 1.516371 1.606943 3.746479 -20.227723 2.201323 33.091463 1.572000 0.938032
Car -1 -1 -10 -3.000000 223.000000 147.000000 368.000000 1.464478 1.640753 3.708618 -5.658431 2.122725 6.380583 1.447754 0.900488
Car -1 -1 -10 690.000000 170.000000 806.000000 217.000000 1.458290 1.628556 3.869841 5.450491 1.477936 28.104122 -2.532148 0.778506
Car -1 -1 -10 347.000000 189.000000 382.000000 215.000000 1.496140 1.552175 3.708746 -14.390418 2.674037 40.155702 -1.849716 0.646519
Car -1 -1 -10 816.000000 124.000000 1235.000000 378.000000 1.542394 1.625172 4.064419 3.400969 1.399321 4.962600 1.458920 0.237886
Car -1 -1 -10 638.000000 178.000000 733.000000 211.000000 1.555352 1.656286 3.924773 3.507053 1.591779 34.291452 -0.382600 0.214422
Cyclist -1 -1 -10 118.000000 196.000000 199.000000 229.000000 1.463208 1.596923 3.795895 -19.940651 2.573620 31.403555 0.488520 0.033324
