Pedestrian -1 -1 -10 333.000000 163.000000 365.000000 254.000000 1.698291 0.587525 0.605646 -5.119406 1.424022 13.865603 1.708599 0.925305
Pedestrian -1 -1 -10 368.000000 169.000000 405.000000 258.000000 1.592946 0.592842 0.581186 -4.838236 1.424789 15.542464 -1.827276 0.896207
Pedestrian -1 -1 -10 968.000000 97.000000 1038.000000 339.000000 1.913876 0.667320 0.839419 2.088806 1.728197 5.251118 2.123033 0.221934
Pedestrian -1 -1 -10 314.000000 165.000000 385.000000 266.000000 1.593708 0.596736 0.601570 -4.874847 1.345248 12.972374 -1.877911 0.212339
Pedestrian -1 -1 -10 280.000000 177.000000 451.000000 282.000000 1.477080 1.575153 3.708862 -4.496607 1.359380 13.669901 0.725405 0.131517
Pedestrian -1 -1 -10 354.000000 168.000000 387.000000 258.000000 1.633638 0.583618 0.615438 -5.114395 1.371651 15.558664 -1.828623 0.079933
Pedestrian -1 -1 -10 367.000000 173.000000 450.000000 258.000000 1.618272 0.636363 0.564915 -4.570912 1.466073 15.182479 0.765449 0.060761
Pedestrian -1 -1 -10 384.000000 168.000000 420.000000 260.000000 1.630735 0.604370 0.572466 -4.689904 1.306855 15.293127 -1.846290 0.010419
Car -1 -1 -10 660.000000 179.000000 726.000000 229.000000 1.442572 1.559703 3.803386 2.766606 1.738457 22.853667 -1.564206 0.998980
Car -1 -1 -10 750.000000 185.000000 1086.000000 377.000000 1.494308 1.596679 4.067629 2.764846 1.643708 6.594126 -1.665608 0.998827
Car -1 -1 -10 264.000000 187.000000 505.000000 331.000000 1.490190 1.562980 3.702184 -2.727755 1.671699 8.103058 1.724069 0.993588
Car -1 -1 -10 536.000000 177.000000 573.000000 211.000000 1.537896 1.616854 3.780260 -2.693932 1.748546 36.239947 -1.646008 0.991726
Car -1 -1 -10 935.000000 165.000000 1244.000000 378.000000 1.493320 1.647667 3.695161 2.551961 1.475329 2.268507 1.601780 0.959606
Car -1 -1 -10 5.000000 185.000000 398.000000 373.000000 1.484296 1.610222 3.802505 -2.554877 1.449039 2.817601 1.654177 0.959328
Car -1 -1 -10 641.000000 178.000000 688.000000 210.000000 1.445847 1.577593 3.865927 2.934382 1.671439 35.219502 -1.631077 0.956100
Car -1 -1 -10 374.000000 184.000000 495.000000 248.000000 1.486651 1.629167 3.903412 -3.775351 1.482506 15.840050 0.858193 0.722451
Car -1 -1 -10 634.000000 178.000000 666.000000 205.000000 1.459464 1.461362 3.407690 2.312162 2.137256 36.928005 -1.503376 0.311663
Car -1 -1 -10 1096.000000 160.000000 1228.000000 375.000000 1.472111 1.627529 3.343587 2.702855 1.170207 4.541557 2.304549 0.044476
Car -1 -1 -10 280.000000 177.000000 451.000000 282.000000 1.438828 1.517653 3.645058 -4.848821 1.278946 14.775786 0.710248 0.027793
Car -1 -1 -10 362.000000 171.000000 435.000000 261.000000 1.447071 1.592949 3.646506 -5.264198 1.205802 16.097781 1.831589 0.014598
Cyclist -1 -1 -10 336.000000 182.000000 497.000000 248.000000 1.504700 1.659702 4.073747 -4.056457 1.700853 16.620384 0.837338 0.119522
Cyclist -1 -1 -10 265.000000 188.000000 500.000000 317.000000 1.653177 0.602368 1.826095 -2.412663 1.842065 7.101353 1.747358 0.055787
Cyclist -1 -1 -10 360.000000 171.000000 422.000000 261.000000 1.614898 0.587066 0.594280 -4.909416 1.342289 15.584488 -1.832948 0.036975
Cyclist -1 -1 -10 952.000000 168.000000 1217.000000 372.000000 1.871106 0.580543 0.746719 1.406603 1.276604 2.762716 2.189754 0.012378
Cyclist -1 -1 -10 291.000000 175.000000 422.000000 295.000000 1.700619 0.616701 0.664226 -4.319693 1.499903 12.511579 -1.909202 0.012179
