Pedestrian -1 -1 -10 310.000000 176.000000 322.000000 213.000000 1.642655 0.592572 0.692421 -13.987573 1.732177 34.537809 -1.922569 0.292343
Pedestrian -1 -1 -10 303.000000 178.000000 313.000000 216.000000 1.639536 0.606061 0.686993 -14.235574 1.893214 34.020983 -1.942587 0.123514
Pedestrian -1 -1 -10 520.000000 167.000000 530.000000 194.000000 1.630398 0.599470 0.612284 -3.551747 0.843482 32.274057 -1.679508 0.067675
Pedestrian -1 -1 -10 430.000000 166.000000 448.000000 209.000000 1.732816 0.610630 0.685358 -6.936415 1.377078 30.129448 0.321805 0.049103
Pedestrian -1 -1 -10 495.000000 166.000000 504.000000 199.000000 1.695962 0.595347 0.608524 -4.595337 0.815179 31.408478 -1.721842 0.013689
Pedestrian -1 -1 -10 300.000000 176.000000 327.000000 214.000000 1.699922 0.586052 0.741095 -14.141726 1.834204 34.324745 -1.912618 0.012096
Car -1 -1 -10 473.000000 175.000000 536.000000 219.000000 1.518846 1.599834 3.720718 -3.662740 1.235619 25.063631 -1.589049 0.999244
Car -1 -1 -10 967.000000 151.000000 1064.000000 181.000000 1.516623 1.653011 3.810161 23.829255 -0.013906 41.608464 -0.025606 0.033586
Car -1 -1 -10 1062.000000 147.000000 1143.000000 173.000000 1.522517 1.576020 3.631202 28.847485 -0.058663 40.109002 2.803348 0.016677
Cyclist -1 -1 -10 695.000000 158.000000 740.000000 200.000000 1.711883 0.642564 0.746790 5.551929 0.978051 32.487591 1.125964 0.997384
Cyclist -1 -1 -10 600.000000 166.000000 634.000000 196.000000 1.724041 0.617086 0.841783 0.643371 1.153221 40.727509 -1.520509 0.996576
Cyclist -1 -1 -10 325.000000 172.000000 370.000000 223.000000 1.690977 0.538107 1.773306 -9.669144 1.681366 26.165242 -1.864015 0.985995
