Pedestrian -1 -1 -10 704.000000 169.000000 711.000000 221.000000 1.632849 0.599465 0.595473 4.967665 1.676678 35.718176 -1.437302 0.016486
Pedestrian -1 -1 -10 693.000000 174.000000 709.000000 220.000000 1.698359 0.594341 0.607213 4.941947 1.763550 35.779188 -1.452897 0.013867
Car -1 -1 -10 538.000000 187.000000 572.000000 215.000000 1.590116 1.610514 3.883818 -3.409708 2.706047 42.998262 1.485524 0.999031
Car -1 -1 -10 460.000000 194.000000 536.000000 255.000000 1.488575 1.573841 3.697994 -2.890569 2.092154 19.037571 1.540068 0.998999
Car -1 -1 -10 665.000000 184.000000 749.000000 249.000000 1.489847 1.585654 3.860456 2.744409 1.887712 19.466469 -1.544237 0.998543
Car -1 -1 -10 -1.000000 199.000000 394.000000 374.000000 1.474459 1.570697 3.676614 -2.973817 1.711735 4.706014 1.614326 0.992079
Car -1 -1 -10 817.000000 186.000000 1245.000000 374.000000 1.467043 1.609588 4.022054 3.069059 1.625344 5.176098 1.602895 0.954182
Car -1 -1 -10 650.000000 181.000000 703.000000 233.000000 1.474355 1.482777 3.608586 2.512829 2.215493 24.250450 -1.529335 0.946514
Car -1 -1 -10 639.000000 178.000000 672.000000 218.000000 1.481774 1.501545 3.452716 2.348565 2.001202 29.850209 -1.506985 0.521235
Car -1 -1 -10 631.000000 182.000000 657.000000 210.000000 1.463843 1.535710 3.624624 2.469998 2.098356 42.686091 -1.498472 0.018160
Cyclist -1 -1 -10 783.000000 190.000000 817.000000 254.000000 1.603157 0.597961 0.679486 4.282101 2.097757 15.831792 -1.290476 0.997046
Cyclist -1 -1 -10 694.000000 172.000000 710.000000 220.000000 1.513919 1.515474 3.686287 1.300727 2.608940 19.449749 1.707023 0.011537
