Pedestrian -1 -1 -10 400.000000 167.000000 439.000000 271.000000 1.683035 0.610761 0.758971 -3.035025 1.711915 12.561667 -1.776595 0.997698
Pedestrian -1 -1 -10 833.000000 163.000000 871.000000 263.000000 1.688732 0.605847 0.739743 4.412038 1.631262 12.342572 -1.192304 0.995223
Pedestrian -1 -1 -10 721.000000 169.000000 767.000000 296.000000 1.768787 0.576155 0.729739 2.019794 1.770757 10.366733 0.748417 0.993814
Pedestrian -1 -1 -10 643.000000 168.000000 673.000000 239.000000 1.679498 0.617774 0.730003 1.510730 1.630131 19.019722 -1.457462 0.992400
Pedestrian -1 -1 -10 872.000000 164.000000 907.000000 269.000000 1.676668 0.604917 0.736961 4.795243 1.620077 11.657429 -1.151105 0.981618
Pedestrian -1 -1 -10 332.000000 170.000000 365.000000 260.000000 1.646082 0.623261 0.696172 -4.402890 1.664905 12.490257 -1.876478 0.965928
Pedestrian -1 -1 -10 690.000000 177.000000 716.000000 262.000000 1.680451 0.586305 0.637610 2.042198 1.808614 13.443785 0.698283 0.837914
Pedestrian -1 -1 -10 766.000000 168.000000 792.000000 254.000000 1.670208 0.602696 0.730821 3.660789 1.641124 14.423369 -1.287508 0.784344
Pedestrian -1 -1 -10 780.000000 166.000000 807.000000 236.000000 1.721354 0.596732 0.629302 4.190925 1.594490 16.381081 2.323042 0.608941
Pedestrian -1 -1 -10 715.000000 173.000000 750.000000 272.000000 1.690242 0.605321 0.692249 2.332093 1.769422 12.365407 2.236394 0.367298
Pedestrian -1 -1 -10 743.000000 170.000000 778.000000 286.000000 1.764714 0.579109 0.766919 2.095084 1.792414 10.132443 0.772670 0.303864
Pedestrian -1 -1 -10 704.000000 174.000000 724.000000 260.000000 1.717835 0.595300 0.647977 2.144540 1.811644 13.501221 0.715927 0.141295
Pedestrian -1 -1 -10 744.000000 171.000000 766.000000 247.000000 1.900117 0.659390 0.764232 0.508535 1.702616 5.578669 1.850182 0.060962
Car -1 -1 -10 555.000000 178.000000 599.000000 212.000000 1.476568 1.585903 3.721045 -1.139734 1.295776 33.342970 1.686829 0.999111
Car -1 -1 -10 1004.000000 263.000000 1238.000000 372.000000 1.474637 1.642419 3.403541 3.612187 1.915103 6.502360 2.275381 0.110550
Cyclist -1 -1 -10 328.000000 170.000000 368.000000 261.000000 1.657190 0.620960 0.676156 -4.415461 1.578625 12.670416 -1.894827 0.076074
Cyclist -1 -1 -10 642.000000 169.000000 678.000000 240.000000 1.690730 0.636314 0.729194 1.534823 1.579125 19.023878 -1.479497 0.014831
Cyclist -1 -1 -10 749.000000 169.000000 780.000000 275.000000 1.738128 0.564039 0.766888 2.122136 1.713983 10.173342 -1.294746 0.011399
