Pedestrian -1 -1 -10 918.000000 151.000000 982.000000 289.000000 1.652189 0.598074 0.694029 4.296477 1.349662 8.811652 -1.086938 0.993529
Pedestrian -1 -1 -10 48.000000 188.000000 111.000000 328.000000 1.650245 0.593470 0.558799 -2.975634 1.763165 4.405603 -2.199848 0.911707
Pedestrian -1 -1 -10 515.000000 175.000000 536.000000 229.000000 1.695387 0.602658 0.752634 -2.566329 1.692038 23.538913 -1.635137 0.658982
Pedestrian -1 -1 -10 661.000000 175.000000 679.000000 226.000000 1.699191 0.606498 0.747268 2.330184 1.655624 24.651695 -1.435328 0.180104
Pedestrian -1 -1 -10 640.000000 173.000000 661.000000 227.000000 1.699533 0.598957 0.764395 1.725785 1.697026 24.661340 -1.455053 0.173488
Pedestrian -1 -1 -10 873.000000 176.000000 908.000000 250.000000 1.608927 0.626337 0.628899 5.804153 1.786836 14.292625 -1.154448 0.106769
Pedestrian -1 -1 -10 22.000000 192.000000 162.000000 349.000000 1.439986 1.563851 3.682456 -3.188433 1.627727 4.815024 0.983905 0.037367
Pedestrian -1 -1 -10 893.000000 160.000000 960.000000 278.000000 1.624897 0.650503 0.583656 5.137254 1.290521 10.302079 1.424339 0.029605
Pedestrian -1 -1 -10 860.000000 164.000000 955.000000 347.000000 1.637946 0.601742 0.602338 2.029559 1.979017 4.725217 -1.163580 0.020433
Pedestrian -1 -1 -10 795.000000 182.000000 971.000000 369.000000 1.599100 0.617972 0.574500 2.045309 2.019861 5.274621 -1.215633 0.010741
Car -1 -1 -10 5.000000 197.000000 424.000000 374.000000 1.528889 1.629325 3.806648 -2.966662 1.645016 5.412517 1.624864 0.995520
Car -1 -1 -10 229.000000 206.000000 408.000000 278.000000 1.476611 1.649913 3.554889 -2.128133 1.064241 4.012575 1.304874 0.037186
Car -1 -1 -10 22.000000 192.000000 162.000000 349.000000 1.431064 1.510437 3.644835 -3.621058 1.523150 5.417846 0.949228 0.031250
Cyclist -1 -1 -10 866.000000 175.000000 906.000000 250.000000 1.593142 0.621652 0.647420 5.808653 1.714362 14.204470 -1.168370 0.116157
Cyclist -1 -1 -10 771.000000 195.000000 861.000000 342.000000 1.720667 0.588596 1.773213 2.031309 1.929506 5.964133 1.321343 0.105472
Cyclist -1 -1 -10 781.000000 209.000000 838.000000 309.000000 1.642852 0.579156 0.590885 1.862075 1.854297 5.461333 -1.287744 0.025198
Cyclist -1 -1 -10 21.000000 198.000000 137.000000 325.000000 1.488998 1.524612 3.670645 -3.601894 1.564748 5.067131 0.945438 0.021221
Cyclist -1 -1 -10 640.000000 173.000000 661.000000 226.000000 1.690198 0.588146 0.775070 1.735313 1.666435 24.684565 -1.460825 0.018713
Cyclist -1 -1 -10 842.000000 170.000000 921.000000 267.000000 1.624212 0.595483 0.647464 5.173668 1.238035 11.605706 -1.184445 0.015025
Cyclist -1 -1 -10 804.000000 178.000000 968.000000 369.000000 1.730372 0.493118 1.680111 1.968727 1.984227 5.348699 -1.213429 0.013734
