Car -1 -1 -10 672.000000 181.000000 748.000000 237.000000 1.449873 1.560653 3.821932 3.140786 1.731790 20.668854 -1.528726 0.999506
Car -1 -1 -10 755.000000 187.000000 1009.000000 357.000000 1.465692 1.597518 3.784215 3.172086 1.714045 7.996758 1.440222 0.999181
Car -1 -1 -10 48.000000 172.000000 369.000000 286.000000 1.543865 1.641664 3.952580 -5.955767 1.501565 11.558682 -3.197705 0.996707
Car -1 -1 -10 276.000000 174.000000 449.000000 239.000000 1.536531 1.647385 4.127743 -6.430991 1.646367 19.633595 -3.022304 0.962995
Car -1 -1 -10 651.000000 174.000000 697.000000 214.000000 1.448334 1.580556 3.728558 3.064468 1.624185 31.319499 -1.512682 0.958388
Car -1 -1 -10 -6.000000 165.000000 263.000000 336.000000 1.559020 1.615655 3.783479 -5.849455 1.599832 7.951558 -2.756188 0.864772
Car -1 -1 -10 917.000000 224.000000 1253.000000 375.000000 1.443378 1.600049 3.858092 3.213727 1.688667 2.999739 1.571717 0.826362
Car -1 -1 -10 424.000000 177.000000 518.000000 214.000000 1.495046 1.633349 3.680204 -5.006289 1.651889 32.073575 -1.679088 0.686506
Car -1 -1 -10 320.000000 170.000000 498.000000 223.000000 1.621943 1.623607 3.934249 -5.957387 1.425717 24.784643 -2.987589 0.399067
Car -1 -1 -10 221.000000 177.000000 388.000000 250.000000 1.484827 1.596639 3.862501 -7.465458 1.565284 18.903909 -2.583125 0.295749
