Car -1 -1 -10 576.000000 178.000000 619.000000 217.000000 1.516485 1.642377 3.871708 -0.434938 1.208393 31.716564 -1.582333 0.999760
Car -1 -1 -10 375.000000 183.000000 494.000000 260.000000 1.548084 1.611788 3.704642 -3.722514 1.488490 15.653787 -1.343605 0.999437
Car -1 -1 -10 491.000000 183.000000 548.000000 220.000000 1.494615 1.583714 3.720126 -3.481020 1.339468 27.864295 1.604121 0.999239
Car -1 -1 -10 204.000000 174.000000 347.000000 253.000000 1.604259 1.656267 3.833240 -8.066045 1.372094 17.429875 -1.470016 0.998481
Car -1 -1 -10 2.000000 189.000000 196.000000 298.000000 1.544844 1.641649 3.800888 -8.569973 1.627894 11.333487 -1.592534 0.879741
Car -1 -1 -10 79.000000 182.000000 210.000000 241.000000 1.489575 1.625733 3.846305 -12.641095 1.374217 19.438779 1.523308 0.867491
Car -1 -1 -10 -5.000000 205.000000 221.000000 370.000000 1.458796 1.624310 3.641178 -2.702253 1.766033 4.479989 -2.170325 0.828008
Car -1 -1 -10 333.000000 183.000000 416.000000 228.000000 1.491866 1.607779 3.806134 -7.872186 1.395999 24.346796 -1.815847 0.314337
Car -1 -1 -10 448.000000 179.000000 494.000000 210.000000 1.566482 1.623275 3.799311 -7.975455 1.194669 42.346174 -1.667835 0.139562
Car -1 -1 -10 298.000000 182.000000 364.000000 218.000000 1.508319 1.614540 3.663957 -12.060818 1.289082 31.969757 -1.910698 0.015339
Car -1 -1 -10 425.000000 180.000000 493.000000 225.000000 1.485800 1.542624 3.706994 -6.688204 1.170772 32.118851 0.846385 0.010093
