Car -1 -1 -10 329.000000 171.000000 445.000000 226.000000 1.509668 1.651314 4.056181 -7.133690 1.547275 23.845826 0.728009 0.996788
Car -1 -1 -10 710.000000 184.000000 868.000000 274.000000 1.430459 1.545358 3.893441 3.416236 1.830815 13.485604 1.237278 0.975225
Car -1 -1 -10 381.000000 174.000000 496.000000 219.000000 1.537817 1.643411 4.085423 -6.072628 1.550836 26.391501 -2.988344 0.972437
Car -1 -1 -10 12.000000 157.000000 308.000000 347.000000 1.626313 1.677633 3.931979 -5.479246 1.530417 8.524356 -3.235429 0.953622
Car -1 -1 -10 641.000000 175.000000 677.000000 202.000000 1.577773 1.591278 3.703519 2.555848 1.799930 40.554568 -1.474520 0.784758
Car -1 -1 -10 59.000000 175.000000 327.000000 279.000000 1.467516 1.548490 3.655494 -5.581900 1.504777 10.967271 -2.097683 0.312661
Car -1 -1 -10 431.000000 175.000000 513.000000 212.000000 1.440329 1.556942 3.692615 -5.489333 1.737480 30.730327 1.898897 0.307341
Car -1 -1 -10 460.000000 175.000000 529.000000 205.000000 1.481660 1.560793 3.748928 -6.244784 1.494977 39.963219 1.809717 0.038943
Car -1 -1 -10 632.000000 174.000000 706.000000 205.000000 1.518164 1.534715 3.638038 2.641291 1.778221 40.929699 -1.487147 0.030215
Car -1 -1 -10 656.000000 174.000000 689.000000 209.000000 1.543525 1.634458 3.749611 0.215563 2.274387 16.054458 -1.575312 0.020237
