Pedestrian -1 -1 -10 832.000000 157.000000 858.000000 214.000000 1.885613 0.640259 0.734825 0.644448 1.263926 3.357323 1.949226 0.059890
Pedestrian -1 -1 -10 846.000000 151.000000 868.000000 219.000000 1.823972 0.611326 0.667153 0.871853 1.364704 3.982465 1.964209 0.030221
Car -1 -1 -10 644.000000 176.000000 690.000000 214.000000 1.487655 1.559838 3.848408 2.670541 1.671700 29.975541 -1.611806 0.999352
Car -1 -1 -10 147.000000 191.000000 421.000000 350.000000 1.505612 1.626131 3.730627 -3.771577 1.924289 8.789192 1.592418 0.995525
Car -1 -1 -10 377.000000 187.000000 485.000000 260.000000 1.485620 1.547918 3.699665 -4.005589 1.984509 16.619166 1.732219 0.995239
Car -1 -1 -10 771.000000 158.000000 929.000000 213.000000 1.482392 1.570692 4.323852 8.063168 0.951955 25.042986 3.002381 0.989880
Car -1 -1 -10 -2.000000 208.000000 254.000000 354.000000 1.451309 1.605288 3.835272 -6.044418 1.972727 9.482502 0.431588 0.944573
Car -1 -1 -10 440.000000 180.000000 493.000000 222.000000 1.514907 1.563710 3.749347 -6.748191 2.270113 32.869370 1.947005 0.323258
Car -1 -1 -10 733.000000 162.000000 831.000000 199.000000 1.509424 1.618955 3.762492 7.454535 1.098952 33.393954 -1.320026 0.192914
Car -1 -1 -10 371.000000 187.000000 449.000000 230.000000 1.534214 1.551964 3.753302 -7.174592 3.209276 19.992443 -2.004680 0.068399
Car -1 -1 -10 924.000000 152.000000 1008.000000 178.000000 1.445387 1.552922 3.902303 21.584876 0.286078 42.230823 -0.054094 0.038260
