Pedestrian -1 -1 -10 731.000000 172.000000 791.000000 348.000000 1.619224 0.606016 0.651152 1.633272 1.869435 6.717393 1.239724 0.993718
Pedestrian -1 -1 -10 382.000000 194.000000 415.000000 268.000000 1.589214 0.600875 0.601991 -4.093469 2.261634 13.917647 -1.812057 0.175353
Pedestrian -1 -1 -10 727.000000 184.000000 783.000000 272.000000 1.607205 0.604459 0.627058 1.597287 1.656613 7.042605 -1.359661 0.080342
Car -1 -1 -10 748.000000 184.000000 1005.000000 373.000000 1.481842 1.609644 3.927043 2.444531 1.554302 7.277885 -1.268290 0.999228
Car -1 -1 -10 326.000000 195.000000 450.000000 266.000000 1.440478 1.550603 3.703270 -4.639025 1.978363 15.523680 1.751409 0.974167
Car -1 -1 -10 726.000000 182.000000 776.000000 230.000000 1.415954 1.573951 3.710940 5.114975 1.857272 24.644512 -1.402760 0.765451
Car -1 -1 -10 714.000000 172.000000 752.000000 210.000000 1.569429 1.599882 3.904272 6.976926 1.601284 41.268725 -1.413134 0.316535
Car -1 -1 -10 727.000000 182.000000 795.000000 304.000000 1.452172 1.574433 3.628320 2.082431 1.596112 7.568648 -1.331103 0.083212
Car -1 -1 -10 730.000000 192.000000 861.000000 345.000000 1.462807 1.566297 3.767775 2.504379 1.648586 6.923284 1.245213 0.017492
Car -1 -1 -10 820.000000 190.000000 874.000000 228.000000 1.432220 1.484378 3.501030 11.528572 1.833117 32.992301 1.838718 0.013148
Cyclist -1 -1 -10 727.000000 182.000000 795.000000 304.000000 1.653669 0.601571 0.624090 1.644061 1.777223 6.653658 -1.332190 0.197947
Cyclist -1 -1 -10 865.000000 188.000000 887.000000 231.000000 1.405369 1.575600 3.795838 10.171176 1.670209 26.847281 1.907662 0.022671
Cyclist -1 -1 -10 724.000000 180.000000 780.000000 243.000000 1.640085 0.584377 0.600896 4.493127 2.176196 23.045120 -1.377082 0.022041
