Pedestrian -1 -1 -10 211.000000 183.000000 260.000000 297.000000 1.646223 0.594087 0.605545 -7.025732 1.931828 13.146286 -2.040457 0.988938
Pedestrian -1 -1 -10 155.000000 191.000000 197.000000 300.000000 1.623258 0.594477 0.588794 -7.126656 1.634222 11.891766 -2.104792 0.962633
Pedestrian -1 -1 -10 564.000000 177.000000 572.000000 203.000000 1.603106 0.600884 0.659977 -2.913703 2.233244 52.268498 -1.603634 0.524858
Car -1 -1 -10 727.000000 183.000000 890.000000 302.000000 1.458335 1.583905 3.873574 2.992768 1.677564 10.543348 -1.421576 0.999735
Car -1 -1 -10 659.000000 176.000000 714.000000 221.000000 1.477121 1.576258 3.783111 2.974181 1.619116 26.317016 -1.534062 0.999281
Car -1 -1 -10 463.000000 183.000000 518.000000 225.000000 1.557353 1.605079 3.736409 -4.965357 2.021191 29.816163 1.803861 0.999223
Car -1 -1 -10 330.000000 180.000000 465.000000 272.000000 1.632090 1.636255 3.800577 -4.540040 1.915294 15.667659 -1.379113 0.998517
Car -1 -1 -10 0.000000 211.000000 322.000000 375.000000 1.522631 1.622417 3.733330 -4.363216 1.831360 6.359465 1.545229 0.993583
Car -1 -1 -10 515.000000 182.000000 545.000000 208.000000 1.502516 1.621196 3.750304 -5.281158 2.443748 44.522889 1.477835 0.966345
Cyclist -1 -1 -10 575.000000 174.000000 586.000000 201.000000 1.676479 0.586803 0.740639 -2.193211 2.085723 52.643754 -1.583003 0.168764
Cyclist -1 -1 -10 564.000000 177.000000 572.000000 202.000000 1.616771 0.590115 0.668538 -2.918454 2.197985 52.312648 -1.602108 0.130744
Cyclist -1 -1 -10 147.000000 193.000000 198.000000 307.000000 1.886806 0.584938 0.743812 -2.126169 1.365744 2.667567 1.083736 0.026401
Cyclist -1 -1 -10 209.000000 182.000000 257.000000 299.000000 1.658674 0.580516 0.629866 -7.119659 1.967150 13.078270 -2.052227 0.011014
