Pedestrian -1 -1 -10 0.000000 142.000000 54.000000 318.000000 1.628809 0.594263 0.662450 -5.589497 1.708448 6.616517 -2.226151 0.011638
Car -1 -1 -10 12.000000 138.000000 273.000000 242.000000 1.619649 1.650635 3.999161 -8.091698 1.015244 12.806763 -3.278600 0.999746
Car -1 -1 -10 761.000000 159.000000 1042.000000 264.000000 1.539848 1.664466 4.086276 4.580067 1.294313 11.621102 -2.312153 0.997446
Car -1 -1 -10 673.000000 151.000000 791.000000 204.000000 1.422034 1.558026 3.690487 3.909282 0.401493 26.653673 1.229022 0.989619
Car -1 -1 -10 272.000000 146.000000 420.000000 199.000000 1.539154 1.706716 4.292355 -9.565564 -0.175085 26.708986 0.639041 0.978642
Car -1 -1 -10 110.000000 145.000000 342.000000 228.000000 1.461911 1.576387 3.931934 -7.673710 0.698807 15.971657 0.528911 0.977941
Car -1 -1 -10 325.000000 140.000000 425.000000 187.000000 1.603200 1.398292 3.280155 -6.273317 1.517506 18.224235 -2.114493 0.642695
Car -1 -1 -10 215.000000 152.000000 386.000000 209.000000 1.479639 1.555777 3.981179 -8.777238 0.180163 23.823521 1.052986 0.186957
Car -1 -1 -10 0.000000 143.000000 53.000000 318.000000 1.499239 1.589726 3.665379 -6.303123 1.519220 7.088938 -2.205740 0.055250
Car -1 -1 -10 660.000000 155.000000 745.000000 197.000000 1.564546 1.576778 3.707869 3.279771 0.207994 28.526037 1.735591 0.018512
