Car -1 -1 -10 367.000000 196.000000 492.000000 263.000000 1.453637 1.611458 3.907703 -4.082345 1.998008 16.825643 0.854454 0.999496
Car -1 -1 -10 256.000000 188.000000 317.000000 226.000000 1.477520 1.590337 3.904536 -13.173983 2.027723 29.184380 -2.093843 0.999257
Car -1 -1 -10 30.000000 189.000000 88.000000 224.000000 1.526207 1.599889 3.827136 -28.992720 2.438678 37.659746 0.957429 0.997611
Car -1 -1 -10 858.000000 172.000000 980.000000 236.000000 1.446619 1.641341 3.888508 7.423600 1.350524 17.728201 1.541705 0.997369
Car -1 -1 -10 237.000000 187.000000 289.000000 220.000000 1.468587 1.563266 4.018172 -15.078132 2.208959 32.756469 0.645619 0.980324
Car -1 -1 -10 758.000000 172.000000 846.000000 232.000000 1.423203 1.576134 3.705341 5.065259 1.497359 18.282968 1.822057 0.968041
Car -1 -1 -10 437.000000 175.000000 529.000000 211.000000 1.508852 1.671163 4.080646 -5.911930 1.534138 33.497404 -2.310220 0.863870
Car -1 -1 -10 491.000000 158.000000 801.000000 324.000000 1.634171 1.690515 4.241799 0.413364 1.479139 10.216607 -2.120617 0.491197
Car -1 -1 -10 384.000000 180.000000 470.000000 212.000000 1.414370 1.618918 4.050888 -9.684096 1.702193 37.767447 0.719868 0.222961
Car -1 -1 -10 934.000000 162.000000 1130.000000 225.000000 1.456830 1.676669 4.042951 11.153549 1.100006 19.467981 1.476856 0.204243
Car -1 -1 -10 61.000000 189.000000 99.000000 216.000000 1.517054 1.552628 3.638986 -28.537082 2.744698 37.418495 -2.188908 0.138829
Car -1 -1 -10 815.000000 172.000000 892.000000 221.000000 1.495560 1.639918 3.582678 8.888836 2.188244 26.455115 1.896713 0.067088
