Car -1 -1 -10 143.000000 200.000000 339.000000 301.000000 1.541645 1.621708 3.737041 -6.303560 2.090392 12.567087 1.597258 0.999541
Car -1 -1 -10 679.000000 180.000000 763.000000 240.000000 1.469335 1.558809 3.774058 3.079514 1.652507 18.974136 -1.516400 0.999108
Car -1 -1 -10 460.000000 184.000000 507.000000 216.000000 1.536425 1.573175 3.848632 -6.370021 2.241676 33.837075 1.903093 0.997454
Car -1 -1 -10 966.000000 156.000000 1240.000000 257.000000 1.608699 1.668513 4.203551 8.603505 1.274498 13.181594 1.575191 0.995208
Car -1 -1 -10 364.000000 184.000000 461.000000 241.000000 1.542813 1.562834 3.745864 -6.192638 2.084073 21.977643 1.796244 0.962838
Car -1 -1 -10 0.000000 224.000000 131.000000 370.000000 1.495089 1.618334 3.751981 -3.734246 1.735782 4.252749 -2.183482 0.937662
Car -1 -1 -10 804.000000 160.000000 989.000000 217.000000 1.526451 1.617638 3.933426 8.462086 1.092992 21.852385 2.570166 0.852344
Car -1 -1 -10 480.000000 184.000000 518.000000 211.000000 1.522748 1.562976 3.836623 -6.220252 2.027084 39.953499 1.611358 0.381974
Car -1 -1 -10 880.000000 157.000000 1133.000000 236.000000 1.478518 1.675327 3.884071 8.060259 1.102678 15.377083 0.042845 0.268628
Car -1 -1 -10 703.000000 166.000000 779.000000 195.000000 1.501386 1.634877 3.856407 8.918013 1.417843 48.257044 1.193834 0.030164
Car -1 -1 -10 1199.000000 140.000000 1240.000000 194.000000 1.483058 1.541669 3.642247 21.754282 0.720609 25.285889 -0.859033 0.025013
Cyclist -1 -1 -10 0.000000 202.000000 138.000000 375.000000 1.634632 0.590535 0.671778 -3.220827 1.928814 3.735777 -2.197853 0.011432
