Pedestrian -1 -1 -10 211.000000 177.000000 254.000000 286.000000 1.597055 0.599506 0.594662 -2.159887 1.560780 3.943888 -2.040613 0.789537
Pedestrian -1 -1 -10 719.000000 169.000000 750.000000 258.000000 1.687907 0.610214 0.636166 2.310646 1.801974 11.988504 0.733726 0.511603
Pedestrian -1 -1 -10 755.000000 158.000000 801.000000 269.000000 1.650816 0.602268 0.650138 2.754865 1.699163 10.645387 0.788386 0.278432
Pedestrian -1 -1 -10 228.000000 178.000000 268.000000 290.000000 1.621851 0.599587 0.583190 -2.008655 1.629901 4.271536 -2.026251 0.129368
Pedestrian -1 -1 -10 757.000000 165.000000 781.000000 255.000000 1.633193 0.602570 0.685027 2.532926 1.692875 11.072498 0.746276 0.046547
Pedestrian -1 -1 -10 724.000000 167.000000 777.000000 258.000000 1.688170 0.627267 0.645155 2.406785 1.717673 11.636907 1.198406 0.045631
Pedestrian -1 -1 -10 751.000000 177.000000 770.000000 247.000000 1.750337 0.658143 0.822326 1.444615 2.342102 12.073860 -1.393297 0.019440
Pedestrian -1 -1 -10 778.000000 155.000000 800.000000 229.000000 1.596332 1.214216 3.243368 3.894952 2.156735 19.064396 1.760117 0.016838
Pedestrian -1 -1 -10 763.000000 166.000000 789.000000 232.000000 1.709141 0.588820 0.604177 4.118858 2.175683 18.392820 -1.353405 0.016768
Pedestrian -1 -1 -10 753.000000 148.000000 840.000000 285.000000 1.686340 0.603879 0.766231 3.067772 1.662324 9.236129 0.806293 0.014297
Pedestrian -1 -1 -10 213.000000 191.000000 292.000000 271.000000 1.910116 0.673649 0.843155 -4.322856 2.122405 6.733309 1.181817 0.012485
Pedestrian -1 -1 -10 125.000000 184.000000 306.000000 296.000000 1.616143 0.595443 0.596632 -1.998575 1.647340 3.761303 -2.054354 0.012004
Car -1 -1 -10 598.000000 175.000000 626.000000 201.000000 1.530387 1.607984 3.917099 0.108438 1.666508 46.372485 -1.564901 0.998124
Car -1 -1 -10 1.000000 174.000000 377.000000 373.000000 1.496156 1.622150 3.829994 -2.530689 1.619029 3.362790 1.643496 0.988350
Car -1 -1 -10 417.000000 184.000000 462.000000 212.000000 1.502088 1.617718 3.824261 -9.810462 2.149130 41.126881 1.413613 0.978460
Car -1 -1 -10 2.000000 166.000000 94.000000 204.000000 1.532532 1.549945 3.633038 -30.422775 1.652904 38.952024 -1.580008 0.103298
Car -1 -1 -10 125.000000 184.000000 306.000000 296.000000 1.462586 1.561062 3.662546 -2.356939 1.447394 3.895156 1.588919 0.067158
Car -1 -1 -10 0.000000 165.000000 102.000000 249.000000 1.524424 1.361366 3.487681 -16.334852 4.570367 18.807642 0.829078 0.012501
Cyclist -1 -1 -10 750.000000 148.000000 909.000000 291.000000 1.716318 0.627111 0.842649 3.032587 1.483734 9.261546 -1.252241 0.999818
Cyclist -1 -1 -10 746.000000 152.000000 830.000000 280.000000 1.764366 0.634551 0.788181 2.715912 1.521488 10.229527 1.240095 0.950170
Cyclist -1 -1 -10 927.000000 174.000000 977.000000 232.000000 1.700451 0.564226 1.714301 8.344743 1.671751 16.595651 -1.114065 0.862025
Cyclist -1 -1 -10 759.000000 159.000000 800.000000 273.000000 1.717117 0.601113 0.657421 2.584665 1.667243 10.664886 -1.291755 0.551825
Cyclist -1 -1 -10 724.000000 168.000000 770.000000 259.000000 1.656611 0.637662 0.620093 2.330135 1.742965 11.941755 1.198566 0.343915
Cyclist -1 -1 -10 201.000000 181.000000 281.000000 287.000000 1.655561 0.579417 0.601884 -1.985348 1.654930 4.538634 -2.046582 0.237956
Cyclist -1 -1 -10 746.000000 176.000000 765.000000 253.000000 1.471743 1.626635 3.491902 0.512261 1.700902 6.912137 1.840721 0.161399
Cyclist -1 -1 -10 752.000000 169.000000 775.000000 256.000000 1.582447 0.589155 0.591731 2.549517 1.832176 11.688869 -1.347555 0.086435
Cyclist -1 -1 -10 131.000000 183.000000 303.000000 294.000000 1.605565 0.585460 0.608944 -2.016419 1.579388 3.834601 -2.051164 0.066670
Cyclist -1 -1 -10 764.000000 164.000000 806.000000 226.000000 1.517135 1.540110 3.307203 1.044484 1.716229 7.610235 1.858950 0.023233
Cyclist -1 -1 -10 718.000000 171.000000 749.000000 252.000000 1.657525 0.590156 0.721997 2.186910 1.698624 12.681931 -1.364638 0.018247
