Pedestrian -1 -1 -10 446.000000 156.000000 523.000000 321.000000 1.694626 0.604565 0.750354 -1.318083 1.599943 7.606943 -1.691304 0.995918
Pedestrian -1 -1 -10 941.000000 130.000000 1121.000000 374.000000 1.654766 0.595520 0.717886 2.177314 1.521846 3.900462 -0.986374 0.995367
Pedestrian -1 -1 -10 1098.000000 182.000000 1215.000000 363.000000 1.867155 0.608228 0.718744 1.671689 1.426624 2.761528 -0.925231 0.944830
Pedestrian -1 -1 -10 473.000000 156.000000 532.000000 260.000000 1.793719 0.561773 0.653648 -1.898230 1.693800 12.133917 0.438739 0.172330
Pedestrian -1 -1 -10 750.000000 146.000000 764.000000 198.000000 1.617915 0.604446 0.627981 5.894055 0.466642 26.744775 -1.341702 0.159753
Pedestrian -1 -1 -10 1049.000000 170.000000 1148.000000 368.000000 1.737708 0.591812 0.609580 1.188017 1.164634 2.031506 -0.990424 0.157118
Pedestrian -1 -1 -10 566.000000 156.000000 574.000000 186.000000 1.710889 0.618311 0.811193 -2.058327 0.422081 49.260743 2.613865 0.091461
Pedestrian -1 -1 -10 1006.000000 164.000000 1115.000000 343.000000 1.653512 0.602145 0.607315 2.282792 1.270148 3.593862 -0.999014 0.069268
Pedestrian -1 -1 -10 1052.000000 181.000000 1101.000000 334.000000 1.758893 0.594179 0.606133 1.005173 1.171068 1.924528 -1.011833 0.059607
Pedestrian -1 -1 -10 498.000000 164.000000 530.000000 248.000000 1.712682 0.585559 0.715083 -1.702058 1.526115 13.596681 0.424120 0.044890
Pedestrian -1 -1 -10 944.000000 154.000000 1037.000000 352.000000 1.595745 0.610502 0.596639 2.348240 1.469536 3.938255 -1.047523 0.022319
Pedestrian -1 -1 -10 947.000000 170.000000 990.000000 318.000000 1.774721 0.672713 0.809830 2.783353 1.586682 6.851889 -1.128241 0.019274
Pedestrian -1 -1 -10 364.000000 140.000000 519.000000 301.000000 1.817187 0.641356 0.791272 -2.002902 1.411463 8.740298 -1.747343 0.010247
Car -1 -1 -10 249.000000 139.000000 537.000000 315.000000 1.654560 1.633358 3.935342 -2.625838 1.303694 9.771322 -1.367814 0.729032
Car -1 -1 -10 455.000000 157.000000 561.000000 245.000000 1.564707 1.571669 3.698626 -1.703609 1.140744 16.751677 -1.536090 0.150975
Car -1 -1 -10 432.000000 152.000000 526.000000 312.000000 1.516388 1.564452 3.738376 -1.447506 1.385952 9.090818 -1.733044 0.070328
Car -1 -1 -10 363.000000 149.000000 533.000000 269.000000 1.592183 1.624436 3.829151 -2.511481 1.181371 11.341422 -1.356454 0.025612
Cyclist -1 -1 -10 1049.000000 170.000000 1148.000000 368.000000 1.674139 0.582443 0.628219 2.399456 1.321597 3.592560 -0.975191 0.040709
Cyclist -1 -1 -10 1092.000000 186.000000 1220.000000 361.000000 1.876105 0.581497 0.747027 1.669108 1.311941 2.735519 2.272588 0.029322
Cyclist -1 -1 -10 941.000000 147.000000 1128.000000 370.000000 1.694212 0.543967 1.700768 2.253889 1.501659 3.975986 -0.992594 0.010116
