Car -1 -1 -10 696.000000 187.000000 803.000000 264.000000 1.447063 1.565695 3.846109 3.207581 1.759851 15.580643 -1.496559 0.998499
Car -1 -1 -10 70.000000 189.000000 386.000000 290.000000 1.450747 1.599634 3.992267 -6.047042 1.728506 11.772743 0.441762 0.997060
Car -1 -1 -10 750.000000 176.000000 917.000000 237.000000 1.572152 1.684947 4.170540 6.481085 1.617680 21.112954 -2.374685 0.994330
Car -1 -1 -10 163.000000 181.000000 443.000000 264.000000 1.482213 1.515861 3.899526 -5.940429 1.635004 14.499418 1.692851 0.970603
Car -1 -1 -10 354.000000 179.000000 484.000000 227.000000 1.500417 1.574799 3.837796 -5.548931 1.643391 23.816089 1.735816 0.970337
Car -1 -1 -10 283.000000 181.000000 456.000000 245.000000 1.474726 1.575458 3.958585 -5.808086 1.641378 18.920685 0.700727 0.966114
Car -1 -1 -10 -6.000000 194.000000 196.000000 338.000000 1.501254 1.596432 3.707601 -6.201179 1.723560 7.591377 -2.779126 0.921528
Car -1 -1 -10 402.000000 178.000000 506.000000 218.000000 1.586680 1.607664 3.907952 -5.921978 1.815165 30.601020 -2.953223 0.646878
Car -1 -1 -10 694.000000 177.000000 760.000000 211.000000 1.483766 1.637015 3.994944 5.507582 1.634308 34.578788 1.264326 0.557509
Car -1 -1 -10 438.000000 179.000000 538.000000 211.000000 1.476128 1.472511 3.551734 -4.517523 2.195791 37.128055 -1.715289 0.322958
Car -1 -1 -10 730.000000 180.000000 798.000000 220.000000 1.346152 1.550944 3.750541 6.335674 1.610260 30.332128 1.280410 0.199214
