Pedestrian -1 -1 -10 814.000000 178.000000 824.000000 223.000000 1.520402 1.379500 3.576163 4.852112 3.402448 21.314417 1.808551 0.052003
Pedestrian -1 -1 -10 810.000000 183.000000 828.000000 230.000000 1.528895 1.366930 3.547887 4.816826 3.281129 21.111440 1.807836 0.013151
Car -1 -1 -10 477.000000 187.000000 539.000000 228.000000 1.508922 1.590129 3.712621 -4.025817 2.215790 27.948998 1.812972 0.999372
Car -1 -1 -10 778.000000 192.000000 965.000000 300.000000 1.487036 1.584546 4.097579 4.390885 1.813914 10.333329 1.418646 0.997184
Car -1 -1 -10 734.000000 184.000000 848.000000 253.000000 1.444726 1.540421 3.887688 4.578810 1.793506 17.935204 -1.502901 0.994210
Car -1 -1 -10 716.000000 185.000000 783.000000 236.000000 1.409404 1.524613 3.690709 4.689526 1.898590 22.791918 -1.463208 0.991249
Car -1 -1 -10 701.000000 183.000000 752.000000 224.000000 1.409764 1.564139 3.723928 4.967146 1.933729 28.222344 -1.448511 0.982068
Car -1 -1 -10 511.000000 186.000000 557.000000 220.000000 1.520068 1.558806 3.735698 -3.760512 2.173208 31.656672 -1.594879 0.915224
Car -1 -1 -10 689.000000 183.000000 732.000000 216.000000 1.442573 1.515864 3.526449 4.557937 2.353205 32.463735 -1.432289 0.893747
Car -1 -1 -10 870.000000 167.000000 1240.000000 366.000000 1.489645 1.582600 4.034278 4.053399 1.561259 5.826789 1.515239 0.706395
Car -1 -1 -10 534.000000 187.000000 570.000000 214.000000 1.465636 1.549245 3.708246 -2.943780 2.466936 38.384368 1.602187 0.249838
