Car -1 -1 -10 629.000000 180.000000 692.000000 227.000000 1.450517 1.566991 3.776103 1.987502 1.798657 25.058204 -1.584868 0.999435
Car -1 -1 -10 820.000000 169.000000 1144.000000 312.000000 1.543834 1.650935 4.186772 5.029215 1.577987 10.130444 1.499059 0.995212
Car -1 -1 -10 978.000000 188.000000 1234.000000 374.000000 1.471791 1.615688 3.828249 5.435554 1.798742 7.347519 -0.922454 0.991806
Car -1 -1 -10 265.000000 182.000000 434.000000 240.000000 1.423263 1.555185 4.013688 -7.120778 1.628768 20.222277 -3.072377 0.977341
Car -1 -1 -10 613.000000 176.000000 648.000000 205.000000 1.543962 1.606553 3.787494 1.308068 1.959210 39.872272 -1.537639 0.921068
Car -1 -1 -10 -4.000000 156.000000 224.000000 345.000000 1.547161 1.582033 3.768708 -6.515640 1.616069 8.226769 -3.246310 0.476600
Car -1 -1 -10 448.000000 180.000000 500.000000 209.000000 1.484189 1.537312 3.667384 -6.636507 1.736399 33.986911 -1.709099 0.428080
Car -1 -1 -10 346.000000 184.000000 457.000000 234.000000 1.465189 1.577965 3.837170 -6.485663 1.698627 20.694059 1.743624 0.083344
Car -1 -1 -10 0.000000 155.000000 58.000000 371.000000 1.485823 1.573969 3.658436 -6.251432 1.748890 7.161892 -2.209798 0.015856
Car -1 -1 -10 397.000000 182.000000 467.000000 249.000000 1.430760 1.507096 3.589051 -4.526823 1.989024 18.405230 1.269394 0.015670
Cyclist -1 -1 -10 417.000000 178.000000 469.000000 267.000000 1.657307 0.581254 0.740485 -3.197455 2.009810 14.316365 -1.748685 0.997937
Cyclist -1 -1 -10 426.000000 183.000000 475.000000 227.000000 1.632763 0.595957 0.641441 -5.358793 2.082646 21.562012 -1.768165 0.104492
Cyclist -1 -1 -10 344.000000 182.000000 473.000000 245.000000 1.527173 1.570566 3.761730 -6.228471 1.839719 19.544056 1.720093 0.098608
Cyclist -1 -1 -10 435.000000 181.000000 491.000000 211.000000 1.512723 1.521735 3.844484 -6.770983 1.634169 32.850079 -3.284039 0.018893
