Pedestrian -1 -1 -10 245.000000 182.000000 263.000000 216.000000 1.769331 0.583993 0.613010 -16.050247 2.185789 33.754689 -2.039918 0.749109
Pedestrian -1 -1 -10 270.000000 181.000000 284.000000 215.000000 1.706464 0.616628 0.551467 -18.943754 2.204038 41.775951 -1.996743 0.510720
Pedestrian -1 -1 -10 258.000000 182.000000 289.000000 218.000000 1.769334 0.583993 0.613010 -16.049516 2.185792 33.749940 -2.017994 0.028683
Pedestrian -1 -1 -10 244.000000 183.000000 278.000000 220.000000 1.611143 0.612224 0.586537 -15.942045 2.530257 32.703644 -2.003458 0.019979
Pedestrian -1 -1 -10 226.000000 189.000000 287.000000 228.000000 1.492070 1.585646 3.848424 -15.986286 2.647353 32.590319 1.194862 0.016219
Car -1 -1 -10 596.000000 173.000000 631.000000 203.000000 1.540820 1.625966 3.961931 0.290025 1.631417 42.927239 -1.570011 0.999285
Car -1 -1 -10 85.000000 196.000000 219.000000 258.000000 1.538705 1.612622 3.695956 -12.782803 2.323623 20.375838 1.542433 0.999235
Car -1 -1 -10 222.000000 193.000000 293.000000 229.000000 1.571601 1.612275 3.785800 -16.304963 2.568260 33.336927 1.596629 0.993668
Car -1 -1 -10 1.000000 202.000000 49.000000 264.000000 1.530410 1.619093 3.665586 -17.357005 2.676038 21.288511 -2.198692 0.011043
Car -1 -1 -10 248.000000 184.000000 291.000000 219.000000 1.555958 1.600165 3.779863 -16.354413 2.478276 32.928536 1.629551 0.010751
Cyclist -1 -1 -10 226.000000 189.000000 287.000000 228.000000 1.515311 1.609878 3.928327 -16.037562 2.534812 32.620199 1.200928 0.012750
Cyclist -1 -1 -10 268.000000 182.000000 288.000000 217.000000 1.637417 0.598343 0.647349 -18.739853 2.291830 41.007034 -1.993609 0.010903
