Car -1 -1 -10 678.000000 172.000000 783.000000 256.000000 1.521047 1.583101 3.991609 2.928231 1.590856 16.519803 -1.561381 0.998111
Car -1 -1 -10 315.000000 168.000000 476.000000 234.000000 1.588985 1.574604 4.059253 -6.334504 1.577195 21.752504 -2.977098 0.991986
Car -1 -1 -10 148.000000 182.000000 417.000000 266.000000 1.525434 1.567908 3.903864 -5.974195 1.767437 14.670395 0.532665 0.990470
Car -1 -1 -10 258.000000 181.000000 437.000000 242.000000 1.514220 1.609176 3.852676 -6.252405 1.592223 19.456516 1.657226 0.974725
Car -1 -1 -10 64.000000 180.000000 333.000000 288.000000 1.494164 1.620128 3.980561 -6.442073 1.642520 11.579566 -3.235695 0.959752
Car -1 -1 -10 659.000000 179.000000 719.000000 229.000000 1.441192 1.611930 3.966994 2.897526 1.881248 25.748537 1.177545 0.876271
Car -1 -1 -10 366.000000 171.000000 506.000000 219.000000 1.510911 1.565011 3.882661 -6.213543 1.404076 28.602859 1.839803 0.530355
Car -1 -1 -10 637.000000 178.000000 674.000000 206.000000 1.489733 1.596581 3.799520 2.477463 1.698564 39.555346 -1.489739 0.436842
Car -1 -1 -10 423.000000 174.000000 527.000000 208.000000 1.559265 1.599358 3.720311 -5.439885 2.071825 38.329890 -1.738374 0.282606
Car -1 -1 -10 10.000000 188.000000 238.000000 353.000000 1.459140 1.552358 3.645069 -5.158280 1.853801 7.231497 1.526355 0.194547
