Car -1 -1 -10 531.000000 166.000000 601.000000 226.000000 1.554508 1.578342 3.762543 -1.491760 1.566108 24.059225 -1.539219 0.999045
Car -1 -1 -10 712.000000 169.000000 776.000000 229.000000 1.509060 1.579392 3.821712 4.544189 1.515009 23.158488 -1.468590 0.997650
Car -1 -1 -10 367.000000 175.000000 510.000000 229.000000 1.497858 1.596303 3.998486 -4.937890 1.541768 21.277806 0.206646 0.995202
Car -1 -1 -10 829.000000 201.000000 1237.000000 373.000000 1.459217 1.600163 3.942711 3.044615 1.667063 5.042448 1.610480 0.991099
Car -1 -1 -10 581.000000 171.000000 626.000000 211.000000 1.464250 1.602282 3.797428 -0.009819 1.735679 31.988756 -1.498765 0.988811
Car -1 -1 -10 596.000000 166.000000 640.000000 202.000000 1.498965 1.558693 3.785341 0.589076 1.385233 39.210052 1.650360 0.606306
Car -1 -1 -10 613.000000 169.000000 647.000000 197.000000 1.531311 1.558206 3.558605 0.962449 1.722267 42.667593 -1.517433 0.071634
Car -1 -1 -10 902.000000 208.000000 1183.000000 306.000000 1.437975 1.677943 3.512692 1.759903 1.008487 3.613169 2.152504 0.014296
Cyclist -1 -1 -10 884.000000 201.000000 935.000000 250.000000 1.760620 0.676106 0.908716 3.190565 2.354841 10.485313 1.984670 0.022348
Cyclist -1 -1 -10 884.000000 201.000000 905.000000 250.000000 1.762521 0.678114 0.908542 2.986084 2.366526 10.529854 1.968132 0.019467
