Car -1 -1 -10 727.000000 174.000000 936.000000 315.000000 1.542857 1.629900 3.944470 3.046037 1.625108 10.192109 -1.747532 0.999377
Car -1 -1 -10 290.000000 182.000000 455.000000 249.000000 1.477083 1.617382 3.893960 -5.449930 1.710447 18.278985 1.220575 0.988073
Car -1 -1 -10 700.000000 176.000000 768.000000 206.000000 1.485053 1.616772 4.126528 6.446777 1.526618 35.827089 1.150862 0.987026
Car -1 -1 -10 72.000000 174.000000 379.000000 280.000000 1.457084 1.642090 4.034140 -5.182429 1.412395 10.892138 0.573518 0.921560
Car -1 -1 -10 378.000000 177.000000 478.000000 221.000000 1.547492 1.627822 3.917480 -6.637586 1.513510 27.847550 1.801627 0.915521
Car -1 -1 -10 219.000000 174.000000 396.000000 263.000000 1.598795 1.623901 3.921555 -6.179811 1.492067 14.739578 -1.485544 0.215364
Car -1 -1 -10 415.000000 173.000000 502.000000 213.000000 1.578546 1.652646 3.984452 -6.305625 1.518264 30.694602 -2.905938 0.178663
Car -1 -1 -10 -2.000000 181.000000 251.000000 357.000000 1.501234 1.616401 3.795033 -3.958937 1.481577 4.753130 1.595638 0.154250
Car -1 -1 -10 460.000000 175.000000 525.000000 201.000000 1.558230 1.606619 3.663248 -5.692631 1.958461 43.794913 -1.707949 0.022684
Car -1 -1 -10 1.000000 179.000000 204.000000 276.000000 1.496355 1.644359 3.480103 -2.849583 1.032381 3.249669 1.070263 0.022345
