Car -1 -1 -10 692.000000 174.000000 808.000000 269.000000 1.495016 1.582610 3.886005 2.966673 1.598625 14.298458 -1.491580 0.999000
Car -1 -1 -10 667.000000 181.000000 736.000000 238.000000 1.457453 1.507345 3.730293 3.065146 1.835085 20.208413 -1.525951 0.990059
Car -1 -1 -10 50.000000 188.000000 364.000000 294.000000 1.444279 1.571114 3.786407 -5.847618 1.747872 11.158350 0.492690 0.987411
Car -1 -1 -10 651.000000 173.000000 695.000000 217.000000 1.466925 1.543062 3.790908 2.918543 1.725442 29.461958 -1.589693 0.975093
Car -1 -1 -10 856.000000 204.000000 1236.000000 373.000000 1.441646 1.597263 3.878714 3.051903 1.710475 3.574727 1.536466 0.971333
Car -1 -1 -10 199.000000 185.000000 417.000000 261.000000 1.575772 1.564474 3.915301 -5.761573 1.663676 15.352861 -1.517288 0.970907
Car -1 -1 -10 -2.000000 160.000000 282.000000 344.000000 1.581672 1.639979 3.887329 -5.478285 1.578366 7.879790 -1.570501 0.893445
Car -1 -1 -10 637.000000 177.000000 667.000000 202.000000 1.543981 1.599699 3.740619 2.537642 1.642983 43.318735 -1.469188 0.861616
Car -1 -1 -10 375.000000 181.000000 473.000000 226.000000 1.499711 1.563823 3.782131 -6.536655 1.723733 25.269829 -2.952393 0.330679
Car -1 -1 -10 448.000000 177.000000 535.000000 209.000000 1.437150 1.580894 3.816926 -5.820483 1.888162 39.209052 0.855606 0.229196
Car -1 -1 -10 417.000000 180.000000 512.000000 215.000000 1.515958 1.557413 3.794492 -5.983365 1.364849 33.705289 1.460295 0.210305
Car -1 -1 -10 296.000000 184.000000 417.000000 240.000000 1.385087 1.602454 3.773114 -7.439729 1.715753 22.918590 1.755614 0.186925
