Car -1 -1 -10 656.000000 178.000000 703.000000 215.000000 1.445879 1.583933 3.807686 2.930249 1.625937 28.345189 -1.548653 0.999268
Car -1 -1 -10 692.000000 168.000000 806.000000 265.000000 1.493558 1.575586 3.926826 3.075451 1.619216 14.637303 -1.496238 0.998172
Car -1 -1 -10 796.000000 196.000000 1242.000000 374.000000 1.441607 1.602212 3.904793 3.100262 1.506178 4.879773 1.577884 0.997379
Car -1 -1 -10 369.000000 174.000000 503.000000 220.000000 1.510808 1.564341 4.027182 -5.947824 1.478462 26.732747 0.730149 0.992344
Car -1 -1 -10 37.000000 178.000000 419.000000 276.000000 1.503516 1.612119 4.062171 -5.988820 1.570688 12.988723 0.453165 0.967999
Car -1 -1 -10 419.000000 172.000000 512.000000 210.000000 1.475858 1.525924 3.914435 -6.719233 1.158738 33.225713 1.905198 0.690758
Car -1 -1 -10 213.000000 172.000000 417.000000 255.000000 1.534685 1.549708 3.964132 -6.352649 1.548793 16.041169 0.601123 0.424976
Car -1 -1 -10 991.000000 190.000000 1202.000000 258.000000 1.563229 1.621787 3.761945 13.009189 1.585797 19.581754 -0.952309 0.048849
Car -1 -1 -10 1025.000000 213.000000 1238.000000 371.000000 1.502123 1.604000 3.725693 3.089578 1.400297 4.290419 -0.930125 0.042470
Car -1 -1 -10 303.000000 175.000000 469.000000 233.000000 1.439998 1.595734 3.742385 -6.189313 1.725236 22.645584 1.847809 0.038553
Car -1 -1 -10 450.000000 173.000000 526.000000 201.000000 1.529284 1.636020 3.907350 -5.818138 0.982687 39.097175 1.473417 0.028672
Car -1 -1 -10 6.000000 181.000000 192.000000 253.000000 1.492523 1.696432 3.946618 -13.903203 1.080305 19.446252 1.560714 0.020661
Car -1 -1 -10 703.000000 173.000000 762.000000 212.000000 1.608750 1.703751 3.955901 5.712686 1.150174 34.170213 -1.424876 0.017575
Car -1 -1 -10 668.000000 171.000000 713.000000 200.000000 1.435441 1.561059 3.657500 4.678783 1.754801 34.572461 -1.444951 0.014091
