Car -1 -1 -10 573.000000 175.000000 612.000000 210.000000 1.510208 1.640119 3.869840 -0.714064 1.145374 34.892073 -1.593700 0.999601
Car -1 -1 -10 61.000000 186.000000 369.000000 337.000000 1.539472 1.647069 3.748600 -4.857497 1.587851 8.865607 -1.524255 0.999332
Car -1 -1 -10 376.000000 185.000000 474.000000 247.000000 1.516163 1.593061 3.711243 -4.703363 1.490000 18.209686 -1.366757 0.998944
Car -1 -1 -10 6.000000 176.000000 180.000000 251.000000 1.519783 1.673302 3.861801 -12.436393 1.383026 17.556488 -2.208021 0.986326
Car -1 -1 -10 323.000000 180.000000 398.000000 222.000000 1.499660 1.626458 3.847600 -9.206176 1.321116 26.148608 -1.835301 0.977004
Car -1 -1 -10 422.000000 179.000000 490.000000 225.000000 1.541448 1.621744 3.755503 -5.578104 1.398855 26.136192 -1.625296 0.953584
Car -1 -1 -10 402.000000 172.000000 453.000000 206.000000 1.541680 1.632546 3.825254 -8.951895 0.639394 36.732140 -1.802916 0.283921
Car -1 -1 -10 536.000000 166.000000 562.000000 192.000000 1.614457 1.501983 3.187442 -4.536258 1.190910 44.479329 1.470232 0.056218
Car -1 -1 -10 106.000000 197.000000 218.000000 250.000000 1.500618 1.627800 3.754457 -11.876773 1.535918 17.161552 1.598700 0.013063
Car -1 -1 -10 0.000000 193.000000 31.000000 319.000000 1.500769 1.594701 3.612667 -8.209780 2.010055 9.534860 -2.212632 0.011086
