Car -1 -1 -10 737.000000 176.000000 1039.000000 360.000000 1.495177 1.599716 3.952422 2.852393 1.546330 7.327284 1.496914 0.999768
Car -1 -1 -10 386.000000 179.000000 510.000000 269.000000 1.594908 1.631032 3.819788 -3.346494 1.762672 15.026145 -1.367075 0.998885
Car -1 -1 -10 693.000000 176.000000 798.000000 252.000000 1.424527 1.548322 3.850192 3.196964 1.616182 15.930523 -1.506689 0.998525
Car -1 -1 -10 660.000000 176.000000 718.000000 225.000000 1.451436 1.569346 3.789018 2.886297 1.719666 24.083767 -1.531674 0.997849
Car -1 -1 -10 638.000000 177.000000 682.000000 209.000000 1.523029 1.618010 3.715088 2.525430 1.698607 34.360220 -1.460320 0.992511
Car -1 -1 -10 969.000000 190.000000 1241.000000 369.000000 1.481372 1.524383 3.744520 3.348843 1.640875 4.307623 1.652809 0.984240
Car -1 -1 -10 464.000000 181.000000 529.000000 230.000000 1.481195 1.589288 3.753180 -3.756540 2.065113 24.756830 1.529859 0.971254
Car -1 -1 -10 651.000000 177.000000 697.000000 216.000000 1.548461 1.640780 3.665953 2.699368 1.890493 33.877926 -1.456639 0.111855
Car -1 -1 -10 484.000000 175.000000 528.000000 213.000000 1.490417 1.643310 3.579915 -5.021802 1.500377 33.965095 1.426234 0.095684
Cyclist -1 -1 -10 957.000000 184.000000 1253.000000 373.000000 1.609451 0.591743 0.599280 2.280076 1.795897 2.589906 -0.953556 0.022635
