Pedestrian -1 -1 -10 965.000000 194.000000 1097.000000 374.000000 1.655393 0.595172 0.660108 2.706706 1.833088 4.472585 -0.992881 0.987367
Pedestrian -1 -1 -10 928.000000 191.000000 1230.000000 369.000000 1.707395 0.612549 0.701047 3.275187 1.740780 4.228057 -0.938907 0.025767
Pedestrian -1 -1 -10 859.000000 191.000000 1071.000000 343.000000 1.624543 0.595715 0.629992 2.702023 1.793184 4.462370 -1.067366 0.017909
Car -1 -1 -10 788.000000 192.000000 997.000000 310.000000 1.467454 1.610843 4.107146 4.278125 1.781416 10.399136 1.484202 0.998030
Car -1 -1 -10 739.000000 190.000000 841.000000 258.000000 1.426128 1.543497 3.816198 4.394278 1.902434 17.083570 -1.433801 0.995356
Car -1 -1 -10 554.000000 180.000000 596.000000 212.000000 1.496445 1.615147 3.878998 -1.784618 1.847960 35.188148 1.548077 0.991111
Car -1 -1 -10 723.000000 185.000000 790.000000 241.000000 1.411756 1.601830 3.940413 4.629414 2.006482 20.814815 1.595670 0.982677
Car -1 -1 -10 924.000000 192.000000 1231.000000 367.000000 1.463198 1.579646 3.792441 3.958104 1.490975 5.097800 -0.941338 0.926759
Car -1 -1 -10 -1.000000 209.000000 236.000000 376.000000 1.493646 1.619879 3.718969 -3.031496 1.516914 3.668980 -2.159814 0.813519
Car -1 -1 -10 706.000000 182.000000 759.000000 226.000000 1.465420 1.515765 3.731969 5.010333 2.081400 29.854337 -1.477056 0.783225
Car -1 -1 -10 491.000000 180.000000 560.000000 248.000000 1.475070 1.557320 3.729335 -2.337526 1.890885 18.890479 -1.562113 0.625820
Car -1 -1 -10 407.000000 162.000000 540.000000 287.000000 1.600558 1.620031 3.862559 -2.427701 1.628321 13.521972 -1.671249 0.396721
Car -1 -1 -10 694.000000 182.000000 739.000000 219.000000 1.472244 1.582031 4.020499 5.096134 1.921036 31.703832 1.232374 0.298042
Car -1 -1 -10 965.000000 199.000000 1097.000000 369.000000 1.505804 1.573188 3.635737 3.167385 1.585759 5.567161 -1.025201 0.210814
Car -1 -1 -10 571.000000 179.000000 603.000000 205.000000 1.494923 1.544950 3.808134 -1.586016 1.726621 35.501553 1.533231 0.069078
Cyclist -1 -1 -10 945.000000 197.000000 1128.000000 375.000000 1.636605 0.598992 0.666328 2.818201 1.774194 4.453388 -1.011280 0.094672
