Pedestrian -1 -1 -10 801.000000 154.000000 834.000000 244.000000 1.625941 0.601827 0.624166 4.834074 1.074145 16.489975 -1.278498 0.923906
Pedestrian -1 -1 -10 832.000000 146.000000 865.000000 270.000000 1.712542 0.590490 0.595664 3.675188 1.437986 11.222161 -1.260879 0.224884
Pedestrian -1 -1 -10 751.000000 180.000000 870.000000 281.000000 1.418590 1.634118 3.935633 3.226993 1.639229 11.258421 1.372857 0.064171
Pedestrian -1 -1 -10 800.000000 154.000000 873.000000 262.000000 1.629208 0.619557 0.585381 3.452371 1.500897 11.114471 -1.277843 0.035896
Pedestrian -1 -1 -10 819.000000 149.000000 853.000000 277.000000 1.665207 0.601257 0.570598 3.535779 1.539756 10.973365 -1.270054 0.017488
Pedestrian -1 -1 -10 787.000000 167.000000 853.000000 236.000000 1.611943 0.609342 0.611947 5.000972 1.227024 16.463738 -1.271130 0.013639
Car -1 -1 -10 795.000000 182.000000 1187.000000 371.000000 1.497040 1.614866 3.993228 3.357201 1.543544 6.508305 -1.666419 0.998905
Car -1 -1 -10 158.000000 194.000000 341.000000 298.000000 1.511437 1.590423 3.677246 -6.091940 1.966828 12.222719 1.555685 0.998092
Car -1 -1 -10 733.000000 184.000000 888.000000 280.000000 1.437663 1.586766 3.953839 3.538805 1.537705 11.979729 -1.456637 0.991407
Car -1 -1 -10 0.000000 197.000000 200.000000 374.000000 1.500635 1.616304 3.712064 -5.954642 1.918394 7.594216 1.548815 0.930396
Car -1 -1 -10 312.000000 175.000000 421.000000 219.000000 1.530195 1.702564 3.863473 -12.023405 1.985501 36.988475 2.795327 0.475175
Car -1 -1 -10 276.000000 184.000000 327.000000 212.000000 1.421780 1.571649 3.913110 -19.185638 2.384436 46.069771 0.719531 0.216457
Car -1 -1 -10 784.000000 166.000000 860.000000 263.000000 1.528455 1.557368 3.815131 3.510395 1.270054 12.122137 1.820091 0.015163
Car -1 -1 -10 1001.000000 157.000000 1102.000000 185.000000 1.436456 1.609425 3.697567 20.948650 0.803699 36.964229 2.123953 0.011844
Cyclist -1 -1 -10 971.000000 167.000000 1101.000000 246.000000 1.619268 0.597319 0.584842 12.244845 1.353683 20.806888 -1.029813 0.558314
Cyclist -1 -1 -10 1006.000000 151.000000 1055.000000 259.000000 1.650614 0.583003 0.579765 12.210625 1.313797 20.762018 -1.040429 0.196356
Cyclist -1 -1 -10 755.000000 182.000000 802.000000 223.000000 1.471379 1.631798 3.497728 0.729690 1.687917 6.861683 1.873667 0.041071
Cyclist -1 -1 -10 738.000000 183.000000 882.000000 278.000000 1.425061 1.643527 4.085341 3.184871 1.567318 11.402620 1.415676 0.026611
Cyclist -1 -1 -10 776.000000 177.000000 797.000000 223.000000 1.676791 0.576731 0.610229 9.283374 1.936820 36.293821 -1.343844 0.012900
Cyclist -1 -1 -10 800.000000 155.000000 834.000000 235.000000 1.620239 0.597839 0.625362 4.855862 1.076074 16.501929 -1.282999 0.011008
