Pedestrian -1 -1 -10 1129.000000 151.000000 1229.000000 355.000000 1.925529 0.661798 0.832282 2.155569 1.429719 3.571110 2.295238 0.995322
Pedestrian -1 -1 -10 0.000000 210.000000 49.000000 371.000000 1.658527 0.597235 0.599098 -3.031245 1.972388 3.698546 -2.254651 0.040152
Pedestrian -1 -1 -10 1201.000000 171.000000 1237.000000 348.000000 1.865048 0.610108 0.711875 2.804626 1.928875 4.248238 -0.887720 0.027182
Pedestrian -1 -1 -10 1131.000000 171.000000 1189.000000 320.000000 1.840797 0.616594 0.680137 2.048802 1.357687 3.464648 2.292763 0.016697
Car -1 -1 -10 407.000000 172.000000 565.000000 230.000000 1.511444 1.617531 4.093720 -3.563894 1.525612 21.796355 -0.700172 0.998768
Car -1 -1 -10 623.000000 173.000000 736.000000 209.000000 1.487537 1.683250 4.075298 3.230271 1.449044 31.600436 -2.639245 0.993083
Car -1 -1 -10 -2.000000 210.000000 56.000000 372.000000 1.461142 1.626102 3.669497 -3.522583 1.769908 4.216217 -2.243633 0.089752
Car -1 -1 -10 0.000000 161.000000 78.000000 225.000000 1.514790 1.641903 3.628468 -23.855906 2.140126 32.578043 -2.220693 0.033274
Cyclist -1 -1 -10 1068.000000 174.000000 1100.000000 229.000000 1.473608 1.590521 3.419833 2.870075 1.605202 5.832620 2.220166 0.164531
Cyclist -1 -1 -10 1059.000000 170.000000 1123.000000 234.000000 1.752813 0.579793 0.644046 16.171816 2.260986 25.362006 -0.998517 0.057682
Cyclist -1 -1 -10 0.000000 203.000000 59.000000 370.000000 1.655262 0.582495 0.618198 -3.102774 1.944760 3.725676 -2.251627 0.023800
