Pedestrian -1 -1 -10 731.000000 157.000000 742.000000 203.000000 1.614067 0.606642 0.567908 5.888990 0.925812 33.160727 -1.383221 0.207248
Pedestrian -1 -1 -10 726.000000 163.000000 750.000000 199.000000 1.603888 0.593194 0.609736 5.892400 1.028698 33.221657 -1.339038 0.021207
Pedestrian -1 -1 -10 721.000000 162.000000 730.000000 203.000000 1.623831 0.600720 0.615399 5.341437 1.056489 33.078172 -1.403496 0.018965
Car -1 -1 -10 96.000000 192.000000 366.000000 312.000000 1.519594 1.620356 3.804604 -5.825057 1.953866 11.163169 1.641548 0.999376
Car -1 -1 -10 739.000000 177.000000 922.000000 287.000000 1.448228 1.580386 3.971889 3.665119 1.515176 11.518938 1.430510 0.998809
Car -1 -1 -10 686.000000 174.000000 765.000000 231.000000 1.439160 1.552727 3.817952 3.349362 1.471572 20.266774 -1.540588 0.998198
Car -1 -1 -10 420.000000 174.000000 485.000000 223.000000 1.525072 1.570481 3.732687 -5.790579 1.797654 26.363354 1.725605 0.996559
Car -1 -1 -10 848.000000 175.000000 1234.000000 375.000000 1.459985 1.614628 4.030032 3.655386 1.549508 5.766084 1.546777 0.996214
Car -1 -1 -10 669.000000 173.000000 730.000000 214.000000 1.454462 1.553659 3.825556 3.727872 1.466338 25.628622 -1.573268 0.945216
Car -1 -1 -10 456.000000 176.000000 506.000000 214.000000 1.477820 1.541068 3.594604 -5.587501 1.844469 32.433320 -1.707554 0.846624
Car -1 -1 -10 190.000000 182.000000 304.000000 222.000000 1.495463 1.646083 3.657881 -13.484826 1.780607 28.184831 1.106843 0.086496
