Pedestrian -1 -1 -10 769.000000 163.000000 838.000000 339.000000 1.659740 0.596579 0.713166 1.937965 1.637118 6.596033 -1.261139 0.998402
Pedestrian -1 -1 -10 711.000000 165.000000 772.000000 344.000000 1.625275 0.603273 0.679551 1.324629 1.609627 6.346109 -1.348426 0.997104
Pedestrian -1 -1 -10 591.000000 137.000000 631.000000 242.000000 1.706756 0.596049 0.725084 0.077138 1.082879 12.688223 0.552913 0.996786
Pedestrian -1 -1 -10 517.000000 137.000000 554.000000 249.000000 1.729996 0.597415 0.771342 -1.088393 1.234812 11.988434 0.444010 0.994723
Pedestrian -1 -1 -10 542.000000 139.000000 576.000000 244.000000 1.728704 0.585487 0.724881 -0.767134 1.154861 12.310327 -1.581067 0.991308
Pedestrian -1 -1 -10 628.000000 145.000000 653.000000 216.000000 1.620277 0.601153 0.617444 0.920306 0.751353 16.114654 -1.510398 0.986171
Pedestrian -1 -1 -10 573.000000 141.000000 609.000000 234.000000 1.650895 0.591769 0.676115 0.074293 1.060345 12.830555 -1.527161 0.942785
Pedestrian -1 -1 -10 500.000000 143.000000 523.000000 202.000000 1.740449 0.568031 0.634558 -3.683885 0.588346 26.064105 1.925668 0.854031
Pedestrian -1 -1 -10 472.000000 144.000000 494.000000 201.000000 1.664762 0.592692 0.526544 -4.453632 0.092018 25.584401 1.869613 0.812280
Pedestrian -1 -1 -10 649.000000 143.000000 665.000000 197.000000 1.714730 0.605611 0.766863 2.042203 0.303041 26.181754 -1.452990 0.468072
Pedestrian -1 -1 -10 275.000000 135.000000 322.000000 254.000000 1.657916 0.606437 0.714901 -4.989622 1.138244 11.467702 -1.940372 0.368472
Pedestrian -1 -1 -10 639.000000 144.000000 661.000000 202.000000 1.710859 0.597545 0.675452 1.798855 0.526925 26.160232 -1.497613 0.363939
Pedestrian -1 -1 -10 245.000000 133.000000 284.000000 255.000000 1.620606 0.602552 0.666215 -5.439696 1.082799 11.699897 -1.975534 0.342699
Pedestrian -1 -1 -10 514.000000 139.000000 546.000000 198.000000 1.666481 0.638527 0.639991 -2.698009 0.189329 27.200541 0.923202 0.209738
Pedestrian -1 -1 -10 482.000000 142.000000 499.000000 198.000000 1.645404 0.601472 0.700623 -4.162837 0.388788 27.346520 -1.698020 0.192535
Pedestrian -1 -1 -10 461.000000 149.000000 478.000000 202.000000 1.769333 0.583993 0.613010 -4.233635 0.119531 24.271564 -1.770778 0.131487
Pedestrian -1 -1 -10 493.000000 141.000000 510.000000 195.000000 1.624302 0.591041 0.537893 -3.669463 0.274012 25.817966 0.873515 0.116770
Pedestrian -1 -1 -10 240.000000 140.000000 340.000000 257.000000 1.717389 0.661897 0.699606 -5.237754 1.225388 11.372802 0.621959 0.099702
Pedestrian -1 -1 -10 557.000000 140.000000 577.000000 205.000000 1.618808 0.608852 0.614793 -1.245102 0.205453 25.205086 -1.617187 0.079267
Pedestrian -1 -1 -10 528.000000 137.000000 550.000000 188.000000 1.658385 0.613738 0.597049 -2.383508 0.132396 25.600513 -1.668269 0.069755
Pedestrian -1 -1 -10 606.000000 141.000000 636.000000 222.000000 1.640803 0.594613 0.610416 0.793494 0.848891 16.255269 -1.541156 0.069549
Pedestrian -1 -1 -10 434.000000 141.000000 454.000000 194.000000 1.710491 0.609631 0.568897 -7.631640 1.435694 31.596535 -1.807062 0.064874
Cyclist -1 -1 -10 273.000000 136.000000 324.000000 257.000000 1.686350 0.589027 0.653606 -4.999119 1.138155 11.155439 1.626293 0.710033
Cyclist -1 -1 -10 302.000000 151.000000 362.000000 210.000000 1.676998 0.577608 0.615797 -11.703011 1.140989 30.423760 -1.948669 0.338278
Cyclist -1 -1 -10 422.000000 145.000000 460.000000 211.000000 1.739534 0.578960 0.637068 -5.075621 0.704822 21.686211 -1.813975 0.280853
Cyclist -1 -1 -10 239.000000 133.000000 300.000000 265.000000 1.671785 0.625538 0.596086 -4.666449 1.207435 10.935362 1.609588 0.200036
Cyclist -1 -1 -10 330.000000 151.000000 387.000000 199.000000 1.699435 0.542941 1.632329 -11.512412 0.740325 31.413749 -1.871461 0.175446
Cyclist -1 -1 -10 315.000000 152.000000 351.000000 198.000000 1.780510 0.489187 1.606112 -11.540980 0.872472 30.885415 -1.923076 0.167628
Cyclist -1 -1 -10 432.000000 142.000000 454.000000 196.000000 1.743140 0.579210 0.638234 -7.268492 1.428527 30.804846 -1.811204 0.153224
Cyclist -1 -1 -10 386.000000 148.000000 468.000000 215.000000 1.735598 0.515277 1.682247 -5.182929 0.699293 20.665140 -1.797729 0.132097
Cyclist -1 -1 -10 388.000000 146.000000 428.000000 204.000000 1.648063 0.594214 0.710818 -6.666251 0.570087 25.431564 -1.813206 0.118832
Cyclist -1 -1 -10 417.000000 147.000000 437.000000 196.000000 1.740377 0.585308 0.710658 -6.983558 0.426266 26.321191 -1.802017 0.052099
Cyclist -1 -1 -10 404.000000 146.000000 425.000000 196.000000 1.747543 0.616760 0.619434 -7.078074 0.442508 26.486399 -1.811091 0.041668
Cyclist -1 -1 -10 519.000000 139.000000 548.000000 182.000000 1.676814 0.641188 0.580327 -2.367876 0.151044 26.728122 0.951444 0.029111
Cyclist -1 -1 -10 519.000000 137.000000 555.000000 236.000000 1.615379 0.584999 0.683595 -1.130802 0.858263 12.021025 -1.635297 0.021081
