Pedestrian -1 -1 -10 672.000000 174.000000 691.000000 228.000000 1.660106 0.597601 0.600359 2.099974 1.834163 18.827484 0.658073 0.215849
Pedestrian -1 -1 -10 687.000000 169.000000 718.000000 238.000000 1.623108 0.611459 0.632817 2.387449 1.844207 17.268363 0.689077 0.125706
Pedestrian -1 -1 -10 690.000000 163.000000 744.000000 241.000000 1.656822 0.614110 0.771370 2.925051 1.657172 16.146104 0.691522 0.034607
Pedestrian -1 -1 -10 676.000000 174.000000 706.000000 229.000000 1.609840 0.629957 0.594970 2.271214 1.731754 18.223676 1.140888 0.026037
Pedestrian -1 -1 -10 369.000000 176.000000 379.000000 214.000000 1.832810 0.615698 0.676149 -2.172565 1.574209 4.675845 1.324603 0.020092
Pedestrian -1 -1 -10 709.000000 162.000000 733.000000 234.000000 1.654808 0.607792 0.691597 2.796710 1.626937 16.351961 -1.378902 0.017117
Car -1 -1 -10 308.000000 180.000000 501.000000 318.000000 1.582989 1.639684 3.786581 -2.930407 1.706216 10.244109 -1.737047 0.999527
Car -1 -1 -10 0.000000 200.000000 157.000000 279.000000 1.546052 1.589698 3.695515 -12.391406 2.298310 16.928297 1.513814 0.998425
Car -1 -1 -10 590.000000 176.000000 617.000000 204.000000 1.559791 1.620701 3.866833 -0.557730 1.787540 46.674163 -1.582686 0.997440
Car -1 -1 -10 347.000000 184.000000 445.000000 225.000000 1.474120 1.628561 3.750024 -10.213311 1.833378 33.043246 -1.847696 0.012817
Cyclist -1 -1 -10 687.000000 163.000000 769.000000 243.000000 1.760950 0.661257 0.727698 2.791283 1.667936 16.944081 1.176851 0.999686
Cyclist -1 -1 -10 683.000000 168.000000 727.000000 240.000000 1.705142 0.624610 0.713051 2.571020 1.630440 17.117059 1.120912 0.976181
Cyclist -1 -1 -10 675.000000 172.000000 705.000000 232.000000 1.641516 0.638338 0.599720 2.308802 1.713939 18.196293 -1.440147 0.758412
Cyclist -1 -1 -10 672.000000 174.000000 690.000000 229.000000 1.628768 0.614341 0.595680 2.119371 1.793354 18.853277 1.101446 0.475706
Cyclist -1 -1 -10 826.000000 183.000000 851.000000 217.000000 1.628323 0.643992 0.543334 8.096712 1.920128 24.007832 1.303694 0.196427
Cyclist -1 -1 -10 702.000000 163.000000 741.000000 230.000000 1.680440 0.633245 0.627904 2.852837 1.625449 17.050377 1.156574 0.047271
Cyclist -1 -1 -10 365.000000 177.000000 384.000000 214.000000 1.847038 0.605569 0.699618 -2.184151 1.509576 4.609557 1.322885 0.021998
Cyclist -1 -1 -10 709.000000 168.000000 748.000000 200.000000 1.725027 0.578684 0.633459 7.845569 1.530422 43.185501 -1.424640 0.020360
Cyclist -1 -1 -10 333.000000 183.000000 406.000000 227.000000 1.724175 0.577989 0.634344 -9.831977 1.968213 32.295768 -1.908795 0.015146
