Car -1 -1 -10 665.000000 179.000000 721.000000 224.000000 1.437270 1.578131 3.839293 2.961218 1.658891 24.437595 -1.540262 0.999104
Car -1 -1 -10 327.000000 174.000000 487.000000 230.000000 1.507795 1.579178 4.012458 -6.027770 1.546724 22.737827 0.678131 0.997923
Car -1 -1 -10 -7.000000 180.000000 335.000000 303.000000 1.508666 1.580087 3.914411 -6.034260 1.580823 9.801097 0.398694 0.996770
Car -1 -1 -10 719.000000 170.000000 896.000000 306.000000 1.488521 1.572201 3.962159 3.092189 1.600396 10.633071 -1.440349 0.994284
Car -1 -1 -10 389.000000 174.000000 500.000000 215.000000 1.483274 1.538377 3.899763 -6.214757 1.387312 29.177685 1.856755 0.889388
Car -1 -1 -10 716.000000 171.000000 794.000000 214.000000 1.595029 1.665814 4.002769 5.838523 1.498680 30.247361 -1.397859 0.695965
Car -1 -1 -10 1008.000000 224.000000 1239.000000 369.000000 1.487006 1.644479 3.633860 2.865474 1.790131 2.818210 1.645731 0.688399
Car -1 -1 -10 123.000000 173.000000 372.000000 272.000000 1.545382 1.641442 4.069293 -6.702423 1.389192 14.105334 -3.213920 0.499050
Car -1 -1 -10 261.000000 178.000000 450.000000 242.000000 1.456487 1.575214 3.769705 -6.241292 1.708635 19.920064 0.645032 0.205093
Car -1 -1 -10 428.000000 174.000000 520.000000 206.000000 1.475990 1.593903 3.759676 -5.911917 1.442329 35.701652 -1.719657 0.153162
