Pedestrian -1 -1 -10 673.000000 167.000000 684.000000 206.000000 1.639211 0.602034 0.695904 3.387593 1.590803 33.635262 -1.439170 0.660788
Pedestrian -1 -1 -10 668.000000 171.000000 688.000000 197.000000 1.609025 0.607763 0.647559 3.409371 1.506908 33.586553 -1.451472 0.019873
Car -1 -1 -10 783.000000 183.000000 1127.000000 371.000000 1.474282 1.607562 3.922296 3.374893 1.566257 6.878926 -1.675004 0.999450
Car -1 -1 -10 75.000000 187.000000 325.000000 307.000000 1.536546 1.603510 3.697301 -5.793922 1.803369 10.595848 1.563130 0.997714
Car -1 -1 -10 469.000000 175.000000 522.000000 204.000000 1.436042 1.609875 4.037302 -5.813000 1.624489 38.435151 0.998519 0.996082
Car -1 -1 -10 354.000000 176.000000 412.000000 201.000000 1.572802 1.639013 3.873615 -13.249257 2.058998 44.281394 1.244715 0.885867
Car -1 -1 -10 1001.000000 211.000000 1236.000000 373.000000 1.511701 1.612438 3.598659 2.930669 1.742917 2.842780 1.638626 0.694834
Car -1 -1 -10 181.000000 174.000000 267.000000 221.000000 1.453212 1.579147 3.805507 -14.869576 1.522979 28.559416 1.055089 0.673758
Car -1 -1 -10 2.000000 199.000000 155.000000 374.000000 1.509282 1.622537 3.699343 -5.632768 1.839478 6.546605 1.553848 0.657375
Car -1 -1 -10 141.000000 178.000000 201.000000 213.000000 1.504785 1.603825 3.750547 -17.159462 1.542202 28.711377 -2.068076 0.096610
Car -1 -1 -10 233.000000 184.000000 313.000000 240.000000 1.481946 1.613601 3.852286 -11.399867 1.441804 25.930869 0.624950 0.066695
Cyclist -1 -1 -10 669.000000 170.000000 687.000000 202.000000 1.615058 0.591017 0.701101 3.397319 1.549594 33.608505 -1.445683 0.016687
