Pedestrian -1 -1 -10 736.000000 167.000000 761.000000 230.000000 1.669914 0.605268 0.725915 3.868328 1.690011 19.511294 -1.342899 0.954375
Car -1 -1 -10 346.000000 186.000000 450.000000 262.000000 1.483996 1.559006 3.725278 -4.386610 1.824902 15.044725 1.681237 0.999676
Car -1 -1 -10 498.000000 175.000000 578.000000 204.000000 1.493655 1.711598 4.053553 -3.931694 1.892866 40.294753 2.033874 0.965919
Car -1 -1 -10 350.000000 185.000000 424.000000 217.000000 1.488249 1.617370 3.880571 -7.977376 1.578869 26.818732 -1.902042 0.644970
Car -1 -1 -10 101.000000 180.000000 215.000000 221.000000 1.516404 1.587778 3.785143 -18.313950 2.148598 32.596816 -2.111187 0.598264
Car -1 -1 -10 619.000000 174.000000 702.000000 199.000000 1.443588 1.663323 3.994141 3.276068 1.630573 44.128062 2.775577 0.568400
Car -1 -1 -10 332.000000 180.000000 400.000000 206.000000 1.474085 1.591960 3.949431 -17.115020 1.836261 50.646436 -0.819807 0.060007
Car -1 -1 -10 1.000000 166.000000 201.000000 233.000000 1.516798 1.658764 3.995092 -12.695365 1.255351 18.818228 -2.805187 0.010709
Cyclist -1 -1 -10 736.000000 167.000000 760.000000 231.000000 1.668972 0.592246 0.739519 3.880289 1.645631 19.545730 -1.347413 0.134924
Cyclist -1 -1 -10 783.000000 176.000000 832.000000 204.000000 1.538239 1.586866 3.646014 2.136010 1.486030 10.808367 1.846412 0.022860
