Pedestrian -1 -1 -10 629.000000 153.000000 663.000000 231.000000 1.667659 0.607907 0.730321 1.118381 1.228346 15.918328 -1.470546 0.992480
Pedestrian -1 -1 -10 2.000000 165.000000 79.000000 372.000000 1.669838 0.593846 0.666880 -4.249586 1.721842 5.402642 -2.188496 0.959837
Pedestrian -1 -1 -10 63.000000 177.000000 109.000000 297.000000 1.849565 0.611953 0.700096 -3.134941 1.715494 3.421162 1.020975 0.809720
Pedestrian -1 -1 -10 460.000000 162.000000 478.000000 215.000000 1.636520 0.608965 0.693052 -4.726684 1.292398 25.997996 -1.721555 0.481412
Pedestrian -1 -1 -10 19.000000 176.000000 106.000000 326.000000 1.725688 0.577912 0.667839 -4.694405 1.717871 5.821758 -2.156493 0.467564
Pedestrian -1 -1 -10 477.000000 167.000000 493.000000 215.000000 1.640536 0.633468 0.630200 -4.004135 1.366629 25.642283 0.868030 0.253147
Pedestrian -1 -1 -10 2.000000 163.000000 21.000000 362.000000 1.673238 0.586282 0.667122 -4.395715 1.700419 5.401266 -2.215106 0.129618
Pedestrian -1 -1 -10 427.000000 167.000000 434.000000 197.000000 1.681268 0.589142 0.743312 -9.875829 1.245668 41.887802 -1.753456 0.106775
Pedestrian -1 -1 -10 13.000000 170.000000 61.000000 320.000000 1.630974 0.590557 0.615283 -4.517429 1.533330 5.668991 -2.193019 0.078741
Car -1 -1 -10 58.000000 182.000000 325.000000 341.000000 1.607056 1.621635 3.904520 -5.375540 1.628928 9.041751 -3.218090 0.998388
Car -1 -1 -10 27.000000 175.000000 124.000000 307.000000 1.539023 1.626281 3.305690 -5.564743 1.770258 6.043897 1.047667 0.012881
Cyclist -1 -1 -10 301.000000 156.000000 383.000000 318.000000 1.670796 0.586309 0.739853 -3.052170 1.587303 8.588458 -1.871462 0.999652
Cyclist -1 -1 -10 14.000000 174.000000 110.000000 315.000000 1.767900 0.599077 0.649441 -5.790178 1.682885 7.526009 -2.187481 0.243867
Cyclist -1 -1 -10 359.000000 172.000000 388.000000 200.000000 1.679399 0.659523 0.566019 -12.403827 1.561801 38.634715 1.759484 0.065482
Cyclist -1 -1 -10 1.000000 167.000000 72.000000 369.000000 1.682025 0.586381 0.670162 -4.427052 1.641873 5.667779 -2.193451 0.036290
Cyclist -1 -1 -10 60.000000 176.000000 110.000000 298.000000 1.714039 0.690244 0.807113 -6.578483 1.971360 7.601853 0.950174 0.020999
Cyclist -1 -1 -10 460.000000 161.000000 478.000000 214.000000 1.612678 0.593648 0.682078 -4.728541 1.198669 26.027848 -1.731957 0.013499
Cyclist -1 -1 -10 346.000000 172.000000 368.000000 202.000000 1.682460 0.607199 1.754139 -13.405521 1.243245 38.972359 1.278806 0.012629
