Car -1 -1 -10 667.000000 184.000000 835.000000 300.000000 1.482607 1.597029 3.952709 2.475255 1.730584 12.010870 -1.876750 0.999021
Car -1 -1 -10 561.000000 185.000000 626.000000 229.000000 1.477600 1.581415 3.810507 -0.440121 1.938357 26.976466 -1.683736 0.998400
Car -1 -1 -10 508.000000 180.000000 575.000000 209.000000 1.538830 1.717917 3.987765 -4.219833 2.055409 41.942651 -0.670405 0.977893
Car -1 -1 -10 618.000000 180.000000 692.000000 209.000000 1.476692 1.668939 4.055993 2.358324 1.919479 39.039362 2.161357 0.797268
Car -1 -1 -10 700.000000 179.000000 805.000000 221.000000 1.484061 1.675993 3.859050 7.804092 2.011023 43.830735 2.357882 0.441452
Car -1 -1 -10 681.000000 179.000000 743.000000 209.000000 1.556230 1.693957 3.892621 5.334746 1.915435 41.606340 2.309225 0.305635
Car -1 -1 -10 736.000000 177.000000 794.000000 213.000000 1.580319 1.613102 3.916752 8.992062 1.810569 44.958090 2.260821 0.045586
Car -1 -1 -10 639.000000 180.000000 728.000000 206.000000 1.523373 1.640071 3.869171 4.788452 1.736977 41.228839 1.157745 0.041816
Cyclist -1 -1 -10 331.000000 179.000000 399.000000 306.000000 1.645537 0.567353 0.709490 -3.598716 1.962496 10.640903 -1.850166 0.999165
Cyclist -1 -1 -10 723.000000 176.000000 802.000000 223.000000 1.510349 1.558752 3.428570 0.509331 1.624751 6.408990 1.838044 0.015244
