Pedestrian -1 -1 -10 661.000000 153.000000 707.000000 257.000000 1.734496 0.612837 0.764283 1.400533 1.484966 12.913650 0.642747 0.995803
Pedestrian -1 -1 -10 399.000000 153.000000 455.000000 278.000000 1.766835 0.597450 0.779127 -2.668825 1.631806 11.087547 0.301507 0.982408
Pedestrian -1 -1 -10 0.000000 185.000000 41.000000 278.000000 1.666708 0.608497 0.771283 -11.128398 2.134632 13.625894 -0.142442 0.903535
Pedestrian -1 -1 -10 114.000000 166.000000 150.000000 277.000000 1.596431 0.593748 0.571525 -9.244892 1.313111 14.231537 -2.142511 0.245859
Pedestrian -1 -1 -10 785.000000 154.000000 798.000000 189.000000 1.675042 0.648668 0.695909 11.218398 0.847916 42.816284 2.888135 0.164928
Pedestrian -1 -1 -10 0.000000 185.000000 14.000000 273.000000 1.665884 0.601586 0.700339 -11.228745 2.127748 13.611308 -2.236861 0.114874
Pedestrian -1 -1 -10 1034.000000 148.000000 1067.000000 194.000000 1.685499 0.590467 0.731908 15.937748 0.729600 25.352456 -0.961760 0.085089
Pedestrian -1 -1 -10 940.000000 149.000000 968.000000 209.000000 1.612318 0.601161 0.608936 10.662984 0.680005 21.369745 -1.094002 0.062785
Pedestrian -1 -1 -10 360.000000 162.000000 438.000000 278.000000 1.584367 0.614118 0.590023 -2.686650 1.719601 8.038935 -1.829530 0.059699
Pedestrian -1 -1 -10 110.000000 185.000000 133.000000 262.000000 1.520494 1.470852 3.660059 -11.465873 2.378907 14.765924 0.979059 0.026330
Pedestrian -1 -1 -10 926.000000 148.000000 938.000000 206.000000 1.520227 1.549293 3.728319 4.706418 1.272841 11.745495 2.038920 0.013788
Pedestrian -1 -1 -10 345.000000 168.000000 390.000000 232.000000 1.635307 0.608803 0.666775 -6.316648 1.664957 17.429903 -1.877990 0.011289
Car -1 -1 -10 13.000000 191.000000 407.000000 370.000000 1.520668 1.633822 3.794523 -3.435001 1.550226 6.198207 -1.547452 0.998980
Car -1 -1 -10 1145.000000 161.000000 1217.000000 197.000000 1.495560 1.639918 3.582678 20.676971 1.299176 26.349570 2.255932 0.067272
Car -1 -1 -10 313.000000 165.000000 443.000000 269.000000 1.500138 1.553429 3.743926 -3.896090 1.229909 13.722930 -1.885486 0.027908
Cyclist -1 -1 -10 940.000000 149.000000 969.000000 208.000000 1.637387 0.583108 0.617707 10.673054 0.505074 21.503131 -1.110434 0.996011
Cyclist -1 -1 -10 321.000000 167.000000 431.000000 264.000000 1.666118 0.600287 0.729285 -4.064436 1.482857 12.581544 -1.848979 0.812377
Cyclist -1 -1 -10 390.000000 159.000000 456.000000 275.000000 1.653125 0.644253 0.681699 -2.665187 1.515824 11.361379 -1.793625 0.581221
Cyclist -1 -1 -10 103.000000 178.000000 156.000000 266.000000 1.616823 0.592500 0.662450 -10.178043 1.638346 14.834144 -2.140311 0.116764
Cyclist -1 -1 -10 340.000000 166.000000 396.000000 252.000000 1.648870 0.605407 0.624835 -5.753005 1.600598 16.878004 -1.927755 0.101849
Cyclist -1 -1 -10 0.000000 189.000000 53.000000 278.000000 1.697928 0.597712 0.764556 -11.302364 2.019132 13.699711 -2.226666 0.021018
Cyclist -1 -1 -10 1035.000000 147.000000 1067.000000 194.000000 1.674369 0.568175 0.721349 15.956196 0.617819 25.434546 -0.967564 0.015136
Cyclist -1 -1 -10 290.000000 196.000000 392.000000 246.000000 1.512344 1.573377 3.744163 -6.853555 2.602167 14.796701 1.204929 0.013950
Cyclist -1 -1 -10 354.000000 167.000000 382.000000 233.000000 1.504491 1.594703 3.420412 -3.775768 2.083865 7.924454 1.319401 0.010568
