Pedestrian -1 -1 -10 962.000000 170.000000 1068.000000 377.000000 1.672735 0.601114 0.733136 3.106584 1.811508 5.278779 -1.006908 0.996459
Pedestrian -1 -1 -10 987.000000 187.000000 1049.000000 272.000000 1.617870 0.611282 0.636275 7.309499 1.729774 12.160627 -1.014740 0.263267
Pedestrian -1 -1 -10 1011.000000 177.000000 1040.000000 269.000000 1.626319 0.602323 0.597598 7.141083 1.669904 11.795099 -1.021261 0.036359
Pedestrian -1 -1 -10 975.000000 178.000000 1103.000000 306.000000 1.811290 0.604697 0.673267 1.412758 1.178204 2.891559 -1.048994 0.025871
Pedestrian -1 -1 -10 997.000000 181.000000 1022.000000 268.000000 1.771367 0.592983 0.576418 9.387811 1.442342 15.657086 -1.067338 0.021983
Pedestrian -1 -1 -10 715.000000 156.000000 743.000000 204.000000 1.666698 0.620884 0.586828 5.065839 0.970532 27.524034 -1.354573 0.013734
Car -1 -1 -10 985.000000 179.000000 1204.000000 273.000000 1.532155 1.606653 3.815949 8.394686 1.441611 12.795996 -0.970099 0.981101
Car -1 -1 -10 979.000000 180.000000 1082.000000 271.000000 1.421429 1.532102 3.665605 8.358890 1.406174 12.821238 -1.029203 0.023477
Car -1 -1 -10 1094.000000 173.000000 1197.000000 229.000000 1.438549 1.605600 3.887941 19.078845 0.852687 25.280912 1.672226 0.014217
Cyclist -1 -1 -10 1005.000000 178.000000 1048.000000 269.000000 1.650226 0.596113 0.651470 7.239850 1.623840 11.734882 -1.009891 0.030437
Cyclist -1 -1 -10 979.000000 180.000000 1082.000000 271.000000 1.751399 0.494680 1.714091 7.527867 1.599478 11.596115 -0.995132 0.012859
