Pedestrian -1 -1 -10 392.000000 175.000000 414.000000 243.000000 1.914210 0.675692 0.817471 -3.511022 2.460890 8.464952 1.363319 0.985237
Pedestrian -1 -1 -10 447.000000 171.000000 457.000000 207.000000 1.654815 0.592775 0.565292 -7.559156 1.336855 34.521515 -1.772563 0.251914
Pedestrian -1 -1 -10 367.000000 184.000000 385.000000 241.000000 1.615046 0.607903 0.563006 -6.886509 1.819070 20.986901 -1.866517 0.041673
Pedestrian -1 -1 -10 363.000000 183.000000 413.000000 245.000000 1.893939 0.661622 0.769488 -3.629146 2.452313 8.250701 1.348047 0.021633
Pedestrian -1 -1 -10 387.000000 187.000000 397.000000 234.000000 1.662660 0.613451 0.550940 -6.790435 1.960377 22.779213 1.751543 0.016279
Car -1 -1 -10 750.000000 179.000000 997.000000 338.000000 1.453109 1.595703 3.849072 3.113440 1.601639 8.282347 1.409834 0.999486
Car -1 -1 -10 675.000000 179.000000 751.000000 241.000000 1.461983 1.557499 3.782911 2.893358 1.655174 19.183720 -1.490155 0.999166
Car -1 -1 -10 335.000000 197.000000 459.000000 280.000000 1.566518 1.609813 3.725864 -4.367152 1.993698 14.867659 -1.350629 0.998755
Car -1 -1 -10 645.000000 176.000000 683.000000 210.000000 1.449522 1.570608 3.793094 2.669060 1.692438 34.536206 -1.550721 0.995998
Car -1 -1 -10 427.000000 180.000000 499.000000 238.000000 1.596469 1.640255 3.807615 -4.687606 1.902553 23.751903 -1.656113 0.993669
Car -1 -1 -10 495.000000 182.000000 531.000000 215.000000 1.509531 1.571250 3.814042 -5.237781 2.051657 37.823594 1.476935 0.967579
Cyclist -1 -1 -10 380.000000 180.000000 414.000000 242.000000 1.630961 0.586381 0.601873 -5.716303 1.694349 20.424030 -1.855034 0.014136
Cyclist -1 -1 -10 415.000000 195.000000 425.000000 226.000000 1.664384 0.581166 0.605674 -7.643348 2.128142 28.854076 -1.823741 0.011254
