Pedestrian -1 -1 -10 118.000000 163.000000 137.000000 228.000000 1.624755 0.594596 0.645414 -18.345027 1.142553 27.214672 -2.137880 0.026489
Car -1 -1 -10 823.000000 191.000000 1044.000000 263.000000 1.494660 1.622194 4.171314 6.628458 1.765368 15.567889 1.349923 0.999507
Car -1 -1 -10 3.000000 181.000000 318.000000 306.000000 1.562822 1.611077 3.931907 -6.296303 1.608395 10.328893 -3.211182 0.998560
Car -1 -1 -10 713.000000 184.000000 824.000000 226.000000 1.536730 1.733247 3.952015 5.463960 1.830266 27.483351 -1.362074 0.995859
Car -1 -1 -10 249.000000 179.000000 466.000000 249.000000 1.499331 1.535283 3.893930 -5.710408 1.670662 17.713387 -3.067305 0.994859
Car -1 -1 -10 174.000000 182.000000 405.000000 275.000000 1.535423 1.562235 3.876571 -5.557281 1.617422 12.823468 -3.119891 0.993133
Car -1 -1 -10 959.000000 190.000000 1233.000000 366.000000 1.524227 1.649409 3.830488 5.733216 1.910582 7.880370 -0.932646 0.990896
Car -1 -1 -10 639.000000 182.000000 672.000000 208.000000 1.482320 1.617716 3.864685 2.686667 2.048604 41.080568 -1.500500 0.990126
Car -1 -1 -10 798.000000 185.000000 942.000000 255.000000 1.431590 1.612302 3.917070 6.205683 1.741851 17.008590 1.526594 0.984566
Car -1 -1 -10 336.000000 175.000000 472.000000 234.000000 1.614423 1.622634 3.913280 -5.731190 1.497825 22.043659 -1.361845 0.979674
Car -1 -1 -10 430.000000 177.000000 523.000000 213.000000 1.471925 1.587110 3.912353 -5.961236 1.823330 35.777255 -2.911237 0.891201
Car -1 -1 -10 386.000000 177.000000 500.000000 222.000000 1.505808 1.566930 3.742542 -5.269182 1.867418 25.838170 1.814124 0.382922
Cyclist -1 -1 -10 119.000000 167.000000 139.000000 229.000000 1.621791 0.584048 0.657707 -18.433722 1.214103 27.286959 -2.132293 0.013979
