Car -1 -1 -10 220.000000 186.000000 417.000000 307.000000 1.580275 1.622290 3.735602 -4.194392 1.593958 10.667984 -1.449157 0.999329
Car -1 -1 -10 436.000000 184.000000 509.000000 235.000000 1.521833 1.584783 3.725753 -4.229447 1.398735 22.375735 -1.622470 0.999253
Car -1 -1 -10 497.000000 183.000000 537.000000 219.000000 1.513753 1.603529 3.669155 -4.054251 1.347078 29.424519 -1.583213 0.991786
Car -1 -1 -10 0.000000 186.000000 186.000000 306.000000 1.562004 1.642527 3.830559 -8.333416 1.580781 10.691980 -1.598656 0.942837
Car -1 -1 -10 414.000000 182.000000 458.000000 214.000000 1.520286 1.610979 3.764010 -7.636919 1.289654 33.209650 -1.780950 0.926282
Car -1 -1 -10 191.000000 167.000000 324.000000 256.000000 1.549021 1.677122 3.938091 -8.425145 1.289827 16.997638 -1.984011 0.876582
Car -1 -1 -10 936.000000 165.000000 1232.000000 372.000000 1.425752 1.590569 3.922795 3.541510 1.546810 3.160544 1.536440 0.844526
Car -1 -1 -10 592.000000 180.000000 634.000000 215.000000 1.509872 1.620931 3.891047 0.174350 1.238011 33.024536 -1.580378 0.700786
Car -1 -1 -10 311.000000 169.000000 404.000000 229.000000 1.587647 1.633493 3.784564 -8.453543 0.890533 24.309966 1.738671 0.602587
Car -1 -1 -10 584.000000 182.000000 609.000000 209.000000 1.512648 1.629821 3.689093 -0.653787 1.368736 41.137836 -1.534848 0.106564
