Pedestrian -1 -1 -10 420.000000 169.000000 455.000000 263.000000 1.693702 0.610980 0.772228 -3.172494 1.731533 14.124514 -1.752150 0.997153
Pedestrian -1 -1 -10 706.000000 172.000000 748.000000 290.000000 1.765347 0.572387 0.715490 1.993689 1.743141 11.108483 0.726861 0.992839
Pedestrian -1 -1 -10 643.000000 171.000000 672.000000 238.000000 1.649683 0.611330 0.715558 1.554353 1.611001 19.568990 -1.452819 0.989594
Pedestrian -1 -1 -10 806.000000 165.000000 838.000000 251.000000 1.709331 0.610314 0.766935 4.468874 1.621252 14.247685 -1.230045 0.981786
Pedestrian -1 -1 -10 842.000000 164.000000 874.000000 255.000000 1.689809 0.601323 0.740873 4.862794 1.593431 13.413689 -1.183048 0.969934
Pedestrian -1 -1 -10 729.000000 175.000000 770.000000 283.000000 1.743495 0.587067 0.692225 2.123759 1.745115 11.381282 0.754671 0.933001
Pedestrian -1 -1 -10 685.000000 176.000000 715.000000 259.000000 1.726888 0.595580 0.720734 2.050698 1.752985 14.386753 -1.385012 0.880454
Pedestrian -1 -1 -10 371.000000 171.000000 401.000000 252.000000 1.599214 0.612855 0.578164 -4.251627 1.595866 14.376033 -1.833630 0.765763
Pedestrian -1 -1 -10 760.000000 169.000000 791.000000 250.000000 1.646659 0.609290 0.714316 3.717091 1.621073 14.981304 -1.297804 0.749571
Pedestrian -1 -1 -10 781.000000 164.000000 806.000000 234.000000 1.754062 0.594675 0.684843 4.587047 1.646425 17.434785 2.325755 0.692332
Pedestrian -1 -1 -10 679.000000 174.000000 698.000000 232.000000 1.669551 0.596691 0.601994 2.196443 1.962248 19.119934 -1.450789 0.045429
Pedestrian -1 -1 -10 1183.000000 136.000000 1237.000000 279.000000 1.619802 0.606858 0.629046 7.202099 0.860110 8.497944 -0.852537 0.011176
Car -1 -1 -10 560.000000 178.000000 602.000000 212.000000 1.475260 1.584447 3.760969 -1.030995 1.349248 34.690171 1.699271 0.999255
Car -1 -1 -10 -2.000000 234.000000 189.000000 371.000000 1.445594 1.564668 3.614072 -3.341217 1.993217 4.641829 -2.163541 0.446264
Car -1 -1 -10 0.000000 259.000000 68.000000 378.000000 1.447780 1.642840 3.603471 -3.083442 1.865521 4.322293 -2.238560 0.185141
Cyclist -1 -1 -10 364.000000 173.000000 404.000000 254.000000 1.729331 0.523443 1.708738 -4.217367 1.743163 13.947123 -1.843607 0.085190
Cyclist -1 -1 -10 10.000000 228.000000 180.000000 370.000000 1.622813 0.587991 0.570722 -2.981483 2.127639 4.243438 -2.177364 0.044015
Cyclist -1 -1 -10 943.000000 220.000000 1174.000000 371.000000 1.601281 0.609073 0.622493 2.557042 1.802909 4.059492 -1.009965 0.042011
Cyclist -1 -1 -10 1184.000000 147.000000 1237.000000 277.000000 1.477759 1.644420 3.564148 3.455479 1.636649 5.232865 2.353090 0.034096
Cyclist -1 -1 -10 2.000000 202.000000 75.000000 304.000000 1.607894 0.617391 0.633083 -8.321104 2.059795 10.940375 -2.210744 0.020401
Cyclist -1 -1 -10 1203.000000 188.000000 1236.000000 315.000000 1.805839 0.593195 0.664622 2.646582 1.412526 3.940703 2.351550 0.013644
