Pedestrian -1 -1 -10 672.000000 167.000000 689.000000 208.000000 1.638012 0.611406 0.707948 3.483238 1.650636 32.557268 -1.434662 0.926246
Car -1 -1 -10 796.000000 182.000000 1208.000000 376.000000 1.474218 1.599456 3.921245 3.498840 1.496841 6.237592 -1.631464 0.999689
Car -1 -1 -10 13.000000 186.000000 299.000000 322.000000 1.496580 1.598826 3.696387 -6.014696 1.759649 9.379442 1.526578 0.997653
Car -1 -1 -10 466.000000 177.000000 521.000000 206.000000 1.443545 1.616969 3.959635 -5.646092 1.776956 36.873006 0.908483 0.997633
Car -1 -1 -10 349.000000 177.000000 415.000000 202.000000 1.568801 1.673533 3.966421 -13.084265 1.767727 43.164671 1.192084 0.973173
Car -1 -1 -10 165.000000 175.000000 250.000000 223.000000 1.418351 1.557187 3.704333 -15.283897 1.312640 28.448065 0.558156 0.736379
Car -1 -1 -10 2.000000 206.000000 85.000000 373.000000 1.500608 1.610042 3.707264 -5.829569 1.800265 6.360488 -2.195859 0.507967
Car -1 -1 -10 104.000000 179.000000 187.000000 218.000000 1.504696 1.603966 3.785302 -17.340008 1.489976 27.890755 -2.067342 0.289521
Car -1 -1 -10 5.000000 198.000000 152.000000 335.000000 1.497598 1.623513 3.674533 -6.015243 1.807404 6.764820 1.560060 0.046541
Cyclist -1 -1 -10 672.000000 169.000000 689.000000 207.000000 1.615919 0.598161 0.696218 3.430168 1.542868 32.595367 -1.449297 0.148725
