Pedestrian -1 -1 -10 696.000000 166.000000 721.000000 238.000000 1.654015 0.599052 0.709320 2.097326 1.673831 15.525548 -1.395207 0.703398
Pedestrian -1 -1 -10 709.000000 162.000000 755.000000 241.000000 1.674189 0.617864 0.642321 2.365055 1.604673 14.099537 2.223888 0.065555
Pedestrian -1 -1 -10 729.000000 150.000000 769.000000 251.000000 1.723819 0.602200 0.652030 2.750126 1.716894 13.084213 0.755319 0.061036
Pedestrian -1 -1 -10 743.000000 150.000000 769.000000 218.000000 1.759695 0.607958 0.637816 3.582894 1.092196 16.876507 -1.358471 0.047316
Pedestrian -1 -1 -10 712.000000 166.000000 734.000000 236.000000 1.656460 0.610752 0.630967 2.431463 1.656479 14.498883 0.704060 0.029794
Pedestrian -1 -1 -10 748.000000 153.000000 795.000000 213.000000 1.769333 0.583993 0.613010 4.280005 1.910577 21.444396 -1.361746 0.014874
Pedestrian -1 -1 -10 726.000000 147.000000 817.000000 258.000000 1.736233 0.620203 0.802039 3.026982 1.567640 12.300232 0.764086 0.011120
Car -1 -1 -10 41.000000 171.000000 452.000000 375.000000 1.529598 1.661737 3.801657 -2.897189 1.548209 6.076151 -1.512305 0.999025
Car -1 -1 -10 595.000000 170.000000 621.000000 196.000000 1.561012 1.616030 3.850696 -0.041458 1.309667 46.353418 -1.543651 0.996427
Car -1 -1 -10 69.000000 182.000000 305.000000 279.000000 1.495560 1.639918 3.582678 -7.878076 1.779535 11.889493 1.041382 0.016194
Car -1 -1 -10 204.000000 181.000000 304.000000 222.000000 1.542250 1.597810 3.802384 -9.093603 2.500861 15.217943 1.107429 0.011079
Cyclist -1 -1 -10 712.000000 148.000000 832.000000 260.000000 1.741244 0.649638 0.769450 2.881775 1.462656 12.413199 -1.351649 0.999897
Cyclist -1 -1 -10 712.000000 156.000000 774.000000 254.000000 1.738131 0.638909 0.715473 2.762060 1.545819 13.097870 1.175193 0.955052
Cyclist -1 -1 -10 878.000000 176.000000 915.000000 219.000000 1.601050 0.591949 0.557238 8.536169 1.503745 20.459362 -1.190638 0.909078
Cyclist -1 -1 -10 703.000000 164.000000 743.000000 241.000000 1.635930 0.642813 0.641688 2.472929 1.586800 14.242919 -1.395971 0.618810
Cyclist -1 -1 -10 697.000000 167.000000 724.000000 236.000000 1.650329 0.594676 0.722456 2.102869 1.646428 15.558290 -1.400436 0.545495
Cyclist -1 -1 -10 734.000000 152.000000 764.000000 230.000000 1.621918 0.593038 0.618977 3.033308 1.039196 14.729502 -1.377047 0.191172
Cyclist -1 -1 -10 725.000000 162.000000 755.000000 241.000000 1.689890 0.609070 0.717020 2.656896 1.588900 14.111141 -1.339901 0.171559
Cyclist -1 -1 -10 749.000000 152.000000 774.000000 220.000000 1.656916 0.580329 0.618711 3.080483 0.789132 14.914675 -1.375378 0.108094
Cyclist -1 -1 -10 730.000000 155.000000 809.000000 231.000000 1.652151 0.588557 0.720800 3.012583 1.344139 14.701863 -1.323545 0.106597
Cyclist -1 -1 -10 756.000000 153.000000 803.000000 206.000000 1.768110 0.684180 0.888177 1.241328 2.117359 9.328017 1.812939 0.017164
Cyclist -1 -1 -10 300.000000 179.000000 397.000000 222.000000 1.752812 0.579793 0.644045 -14.738016 2.333937 41.479694 -1.934667 0.011579
Cyclist -1 -1 -10 337.000000 178.000000 383.000000 211.000000 1.752813 0.579793 0.644046 -14.737523 2.333937 41.477745 -1.920530 0.010685
