Car -1 -1 -10 682.000000 179.000000 762.000000 237.000000 1.435388 1.583647 3.858140 3.217208 1.754274 19.971425 1.343066 0.999591
Car -1 -1 -10 399.000000 174.000000 507.000000 250.000000 1.496391 1.573383 3.751608 -3.322999 1.558042 15.810565 -1.754969 0.999544
Car -1 -1 -10 468.000000 174.000000 545.000000 223.000000 1.466098 1.594730 3.696970 -3.077567 1.650812 22.255483 1.586612 0.996684
Car -1 -1 -10 14.000000 171.000000 406.000000 377.000000 1.533727 1.617375 3.683000 -3.367326 1.653764 6.459820 1.575384 0.993262
Car -1 -1 -10 651.000000 173.000000 685.000000 200.000000 1.507147 1.624085 3.901875 3.173077 1.463285 40.220898 -1.502377 0.986731
Car -1 -1 -10 772.000000 202.000000 1221.000000 372.000000 1.426364 1.636305 4.057568 2.809023 1.678817 5.653520 1.563792 0.984994
Car -1 -1 -10 -3.000000 213.000000 115.000000 374.000000 1.421478 1.675821 3.626456 -2.335159 0.945945 2.591100 -2.231063 0.577755
Car -1 -1 -10 9.000000 183.000000 205.000000 375.000000 1.453802 1.539406 3.612966 -3.505894 1.781848 4.634251 1.509797 0.072575
Car -1 -1 -10 982.000000 228.000000 1233.000000 373.000000 1.451938 1.627439 3.810558 2.883883 1.761396 5.317494 2.171365 0.031655
Car -1 -1 -10 1103.000000 255.000000 1237.000000 371.000000 1.515808 1.655700 3.452708 2.690153 1.670906 4.528922 2.306437 0.016027
Car -1 -1 -10 220.000000 179.000000 404.000000 289.000000 1.455380 1.624414 3.432600 -2.146561 1.029390 3.928869 1.232051 0.013125
