Pedestrian -1 -1 -10 935.000000 133.000000 993.000000 282.000000 1.678212 0.587281 0.575857 2.563567 1.828281 4.472193 -1.122614 0.996082
Pedestrian -1 -1 -10 998.000000 130.000000 1050.000000 292.000000 1.705887 0.596492 0.744661 5.177412 1.330361 9.039301 -1.007743 0.927951
Pedestrian -1 -1 -10 988.000000 137.000000 1034.000000 242.000000 1.610847 0.605977 0.606289 6.854071 1.581679 12.888760 -1.045857 0.070595
Pedestrian -1 -1 -10 995.000000 140.000000 1018.000000 229.000000 1.876548 0.634684 0.713243 2.364426 1.826760 5.863756 2.145777 0.026027
Pedestrian -1 -1 -10 50.000000 199.000000 76.000000 257.000000 1.661906 0.596904 0.587455 -14.672198 2.780780 19.508439 -2.222961 0.023906
Car -1 -1 -10 903.000000 199.000000 1236.000000 370.000000 1.423780 1.622357 3.984828 3.380951 1.619001 3.228789 1.541021 0.991237
Car -1 -1 -10 810.000000 166.000000 916.000000 204.000000 1.506519 1.562789 3.681683 10.571485 0.976904 29.071264 1.932837 0.969895
Car -1 -1 -10 24.000000 202.000000 141.000000 241.000000 1.484610 1.610246 4.031415 -20.028358 2.464620 27.934232 -0.110787 0.698235
Car -1 -1 -10 0.000000 204.000000 115.000000 262.000000 1.454641 1.580999 3.828482 -15.998998 2.438912 19.727612 0.431687 0.507312
Car -1 -1 -10 211.000000 177.000000 349.000000 230.000000 1.645228 1.718196 4.074274 -12.608051 1.871731 28.239293 -3.131125 0.398459
Car -1 -1 -10 309.000000 182.000000 373.000000 209.000000 1.558496 1.573405 3.694428 -13.010976 2.228949 37.089605 1.236590 0.044331
Car -1 -1 -10 192.000000 188.000000 253.000000 214.000000 1.417619 1.600259 3.808442 -20.169172 2.110246 37.391133 0.585343 0.022858
Car -1 -1 -10 0.000000 206.000000 54.000000 260.000000 1.484212 1.622017 3.861940 -16.304970 2.371227 20.115937 -2.242179 0.022800
Car -1 -1 -10 42.000000 201.000000 72.000000 261.000000 1.528544 1.570493 3.738274 -15.475094 2.572989 20.033234 -2.205111 0.017707
Car -1 -1 -10 58.000000 198.000000 93.000000 243.000000 1.561558 1.652504 3.762720 -20.792065 2.471618 28.425540 0.911019 0.010007
Cyclist -1 -1 -10 991.000000 134.000000 1059.000000 289.000000 1.670566 0.576852 0.739696 5.173119 1.252014 9.053493 -1.012768 0.561182
Cyclist -1 -1 -10 896.000000 199.000000 1247.000000 363.000000 1.420599 1.667185 3.847614 2.824285 1.680395 2.914626 1.556004 0.054339
Cyclist -1 -1 -10 934.000000 138.000000 995.000000 284.000000 1.517706 1.636923 3.570287 2.203591 1.912148 6.254115 2.113863 0.041411
