Pedestrian -1 -1 -10 -2.000000 187.000000 87.000000 349.000000 1.627948 0.591789 0.668240 -3.352500 1.648564 4.147580 -2.207172 0.026962
Car -1 -1 -10 102.000000 179.000000 386.000000 292.000000 1.509621 1.625109 3.918000 -5.574329 1.623953 11.841575 0.580089 0.995947
Car -1 -1 -10 721.000000 176.000000 806.000000 212.000000 1.469293 1.619499 4.096009 6.699240 1.469264 29.565719 1.183439 0.990566
Car -1 -1 -10 288.000000 175.000000 438.000000 237.000000 1.569060 1.620613 3.925757 -6.717443 1.503878 21.441082 -1.371830 0.959146
Car -1 -1 -10 625.000000 175.000000 661.000000 201.000000 1.437202 1.572072 3.841426 2.286532 1.715632 41.931881 -1.592956 0.922852
Car -1 -1 -10 839.000000 169.000000 1235.000000 375.000000 1.442564 1.623430 4.103283 3.257601 1.568265 3.688859 1.509720 0.917769
Car -1 -1 -10 -5.000000 171.000000 259.000000 328.000000 1.584269 1.609469 3.886763 -6.184158 1.573606 8.951878 -1.644597 0.818640
Car -1 -1 -10 338.000000 173.000000 476.000000 224.000000 1.542343 1.612733 4.057959 -6.478054 1.467557 24.424068 -3.012729 0.794931
Car -1 -1 -10 428.000000 172.000000 513.000000 206.000000 1.532075 1.610942 3.840779 -6.079757 1.703963 38.075789 -1.752937 0.123384
Car -1 -1 -10 385.000000 170.000000 500.000000 214.000000 1.511834 1.682408 3.609431 -4.382232 1.026476 26.491416 -1.785823 0.052117
Car -1 -1 -10 0.000000 178.000000 106.000000 336.000000 1.469473 1.559281 3.602693 -4.263436 1.376217 4.830872 -2.193785 0.036632
