Car -1 -1 -10 689.000000 183.000000 778.000000 251.000000 1.453133 1.571622 3.817211 3.190991 1.698419 17.528598 -1.514575 0.999306
Car -1 -1 -10 233.000000 180.000000 449.000000 254.000000 1.511757 1.539181 3.952280 -5.801209 1.655412 16.330008 0.581609 0.998505
Car -1 -1 -10 740.000000 173.000000 885.000000 228.000000 1.566249 1.677458 4.050636 6.490879 1.511528 23.094020 -2.407290 0.993991
Car -1 -1 -10 381.000000 177.000000 494.000000 218.000000 1.515974 1.607448 3.838065 -5.569122 1.477505 26.703338 1.780597 0.970999
Car -1 -1 -10 88.000000 182.000000 442.000000 274.000000 1.509238 1.624651 4.105530 -5.789216 1.710067 13.997036 0.492379 0.961551
Car -1 -1 -10 882.000000 165.000000 1239.000000 372.000000 1.465936 1.573933 3.845884 3.106271 1.554049 3.687587 1.536608 0.937126
Car -1 -1 -10 19.000000 182.000000 268.000000 304.000000 1.483734 1.581853 3.681949 -6.448264 1.769429 10.577752 -2.125782 0.917912
Car -1 -1 -10 317.000000 178.000000 477.000000 233.000000 1.498716 1.525642 3.801934 -6.052515 1.608068 22.390025 1.828367 0.899288
Car -1 -1 -10 -3.000000 154.000000 182.000000 337.000000 1.568821 1.581531 3.816368 -6.164658 1.502753 7.972271 -2.191281 0.592215
Car -1 -1 -10 690.000000 174.000000 747.000000 203.000000 1.492615 1.625008 3.898860 5.320805 1.426421 36.846747 2.176643 0.429469
Car -1 -1 -10 2.000000 202.000000 102.000000 377.000000 1.508884 1.676849 3.450498 -3.316564 1.470488 3.365694 0.971057 0.295205
Car -1 -1 -10 426.000000 176.000000 531.000000 209.000000 1.506112 1.575172 3.717594 -5.581043 1.677321 34.349494 -1.294726 0.166325
