Car -1 -1 -10 652.000000 173.000000 704.000000 214.000000 1.455445 1.569848 3.829567 3.011064 1.564985 29.274211 -1.572923 0.999026
Car -1 -1 -10 724.000000 187.000000 906.000000 299.000000 1.450987 1.567054 3.930708 3.152425 1.668634 10.763975 1.455345 0.998997
Car -1 -1 -10 512.000000 178.000000 565.000000 221.000000 1.481170 1.578387 3.718969 -2.529440 1.735341 25.794647 1.593284 0.997778
Car -1 -1 -10 5.000000 186.000000 318.000000 325.000000 1.546868 1.621347 4.006882 -5.876439 1.636368 8.730190 0.457117 0.997732
Car -1 -1 -10 423.000000 176.000000 506.000000 210.000000 1.526628 1.678102 3.980211 -6.863035 1.494271 33.350459 0.879543 0.987858
Car -1 -1 -10 283.000000 175.000000 432.000000 241.000000 1.559145 1.637284 3.998689 -6.011435 1.532506 17.373254 -3.067373 0.930190
Car -1 -1 -10 125.000000 182.000000 375.000000 279.000000 1.465498 1.551735 3.943225 -6.137904 1.632904 12.115500 0.460046 0.779778
Car -1 -1 -10 1089.000000 186.000000 1236.000000 368.000000 1.464123 1.624157 3.682594 2.823197 1.728565 3.626396 -0.904758 0.156640
Car -1 -1 -10 455.000000 175.000000 521.000000 205.000000 1.525432 1.635835 3.912899 -5.872260 1.436083 33.864711 1.465981 0.079920
Car -1 -1 -10 340.000000 179.000000 435.000000 220.000000 1.441726 1.517714 3.579989 -7.978633 1.501296 30.376685 -1.876051 0.027437
Cyclist -1 -1 -10 93.000000 183.000000 383.000000 280.000000 1.493291 1.539426 3.852039 -5.828238 1.696671 11.077222 0.467655 0.013093
