Pedestrian -1 -1 -10 648.000000 190.000000 730.000000 247.000000 1.483072 1.585741 4.024654 2.421392 2.159854 18.742611 1.197118 0.012511
Car -1 -1 -10 423.000000 192.000000 502.000000 249.000000 1.501277 1.576433 3.728847 -4.322746 2.185790 21.384502 1.762013 0.998764
Car -1 -1 -10 751.000000 194.000000 973.000000 346.000000 1.445129 1.587547 3.966498 3.226269 1.799474 8.568206 1.383906 0.997422
Car -1 -1 -10 687.000000 190.000000 789.000000 271.000000 1.460202 1.575351 3.855944 2.965025 1.873885 16.085683 -1.509051 0.996552
Car -1 -1 -10 647.000000 189.000000 732.000000 248.000000 1.454903 1.562183 3.947062 2.593521 1.976262 19.960787 -1.632418 0.995450
Car -1 -1 -10 -2.000000 198.000000 340.000000 375.000000 1.523488 1.590194 3.709162 -3.423599 1.831742 5.164523 1.554587 0.987226
Car -1 -1 -10 631.000000 189.000000 689.000000 233.000000 1.407184 1.555194 3.758178 1.918939 2.290959 25.642425 1.103480 0.954464
Car -1 -1 -10 854.000000 211.000000 1242.000000 377.000000 1.452573 1.583527 3.835153 3.490199 1.566466 3.506297 1.554612 0.936407
Car -1 -1 -10 467.000000 192.000000 515.000000 236.000000 1.456053 1.545429 3.660302 -4.382829 2.384517 27.098163 1.514050 0.737295
Car -1 -1 -10 492.000000 192.000000 527.000000 221.000000 1.486741 1.561193 3.665119 -5.216772 2.250592 34.017666 -1.661205 0.371764
