Pedestrian -1 -1 -10 573.000000 163.000000 609.000000 273.000000 1.718505 0.587270 0.745461 -0.319868 1.680299 10.922660 -1.538477 0.984710
Pedestrian -1 -1 -10 555.000000 169.000000 596.000000 275.000000 1.715899 0.594870 0.754098 -0.316465 1.686604 10.947625 -1.562933 0.965658
Pedestrian -1 -1 -10 1002.000000 149.000000 1024.000000 214.000000 1.666939 0.693476 0.712445 5.409528 1.992885 11.315566 2.091190 0.179433
Pedestrian -1 -1 -10 1205.000000 146.000000 1223.000000 223.000000 1.596678 1.269360 3.335957 11.454740 1.836401 14.581576 2.242031 0.124953
Pedestrian -1 -1 -10 881.000000 152.000000 899.000000 195.000000 1.752670 0.602161 0.803849 13.288634 0.858280 33.102397 0.924042 0.091451
Pedestrian -1 -1 -10 1183.000000 147.000000 1221.000000 281.000000 1.652098 0.595357 0.596883 7.063560 1.118412 7.932296 -0.863683 0.018005
Pedestrian -1 -1 -10 1210.000000 112.000000 1222.000000 307.000000 1.653854 0.595059 0.597406 7.073364 1.121328 7.932891 -0.851601 0.014803
Car -1 -1 -10 448.000000 173.000000 481.000000 199.000000 1.475131 1.570925 3.825337 -8.703506 1.131330 44.105115 -1.747805 0.997051
Car -1 -1 -10 0.000000 205.000000 295.000000 365.000000 1.488420 1.636967 3.825118 -3.194200 1.587972 3.630941 1.605754 0.974265
Cyclist -1 -1 -10 1205.000000 147.000000 1224.000000 222.000000 1.582591 1.299124 3.346895 11.332066 1.796158 14.515107 2.230688 0.162274
Cyclist -1 -1 -10 1207.000000 116.000000 1222.000000 311.000000 1.656185 0.580175 0.617215 7.075348 1.090689 8.001012 -0.858606 0.039902
Cyclist -1 -1 -10 18.000000 198.000000 278.000000 361.000000 1.662825 0.594634 0.730397 -2.711805 1.846268 3.209000 1.515375 0.019176
