Car -1 -1 -10 652.000000 179.000000 703.000000 219.000000 1.416238 1.582341 3.722356 2.860686 1.715962 27.865225 -1.509418 0.998879
Car -1 -1 -10 66.000000 180.000000 405.000000 274.000000 1.468249 1.588276 4.021986 -5.980901 1.556678 13.005595 0.432378 0.998022
Car -1 -1 -10 0.000000 177.000000 247.000000 310.000000 1.569931 1.604179 3.861872 -6.900397 1.668187 10.532111 1.475609 0.997509
Car -1 -1 -10 305.000000 179.000000 473.000000 235.000000 1.467091 1.552190 3.901490 -6.149493 1.590130 21.620234 1.753005 0.960546
Car -1 -1 -10 209.000000 183.000000 415.000000 252.000000 1.575753 1.609706 4.021347 -5.933372 1.541244 15.267004 -3.075568 0.890505
Car -1 -1 -10 408.000000 178.000000 520.000000 215.000000 1.594205 1.653149 4.010255 -5.501594 1.335226 32.528793 1.358865 0.627679
Car -1 -1 -10 457.000000 177.000000 534.000000 207.000000 1.514622 1.601649 3.734715 -3.922248 2.335346 18.587472 -1.857041 0.227316
Car -1 -1 -10 694.000000 73.000000 1006.000000 319.000000 1.694947 1.629435 4.232444 3.006632 1.087993 9.198415 -1.693965 0.153158
Car -1 -1 -10 680.000000 174.000000 719.000000 205.000000 1.543111 1.663693 3.660298 5.525658 1.794730 37.597618 -1.409990 0.065538
Car -1 -1 -10 710.000000 174.000000 794.000000 219.000000 1.448468 1.565838 3.595670 5.077325 1.549223 33.841672 -1.362176 0.051132
Car -1 -1 -10 379.000000 178.000000 481.000000 223.000000 1.481210 1.549634 3.845443 -6.721679 1.593753 27.863943 1.896212 0.037825
Car -1 -1 -10 707.000000 166.000000 828.000000 240.000000 1.487904 1.657835 3.636088 3.193799 2.039232 21.460319 -1.349130 0.021664
