Car -1 -1 -10 635.000000 178.000000 673.000000 205.000000 1.473864 1.593378 3.767096 2.773575 1.026377 40.096119 -1.554071 0.999690
Car -1 -1 -10 97.000000 177.000000 407.000000 369.000000 1.615093 1.671959 3.808013 -3.706564 1.589126 7.783404 -1.475695 0.999517
Car -1 -1 -10 696.000000 185.000000 797.000000 256.000000 1.443994 1.571627 3.876486 3.209138 1.388314 16.081417 -1.504541 0.999407
Car -1 -1 -10 361.000000 180.000000 487.000000 260.000000 1.596968 1.626610 3.827877 -3.862386 1.497429 15.278025 -1.340929 0.998821
Car -1 -1 -10 459.000000 179.000000 519.000000 222.000000 1.507421 1.586520 3.653852 -4.477831 1.294881 26.624167 -1.598978 0.996233
Car -1 -1 -10 508.000000 179.000000 542.000000 206.000000 1.512196 1.600432 3.764001 -4.606618 1.138148 39.429472 -1.604783 0.982333
Car -1 -1 -10 587.000000 177.000000 616.000000 202.000000 1.483792 1.591734 3.801428 -0.464299 1.009371 45.602910 -1.604675 0.953728
Car -1 -1 -10 0.000000 182.000000 166.000000 319.000000 1.495929 1.626800 3.771904 -7.921647 1.601539 9.206463 1.565703 0.670585
Car -1 -1 -10 349.000000 180.000000 421.000000 219.000000 1.504156 1.588604 3.825783 -8.442480 1.096803 27.404782 -1.780597 0.668976
Car -1 -1 -10 414.000000 172.000000 454.000000 199.000000 1.503298 1.604069 3.734960 -8.774203 0.557436 36.436087 -1.777322 0.063031
Car -1 -1 -10 48.000000 197.000000 262.000000 303.000000 1.498739 1.636444 3.559115 -2.996911 1.188328 3.738727 1.128803 0.061529
