Pedestrian -1 -1 -10 1075.000000 142.000000 1215.000000 372.000000 1.693905 0.606554 0.747625 3.591281 1.633274 4.640628 -0.881917 0.994740
Pedestrian -1 -1 -10 841.000000 164.000000 933.000000 363.000000 1.715258 0.613589 0.773842 2.581106 1.778756 6.434530 -1.150730 0.994097
Pedestrian -1 -1 -10 614.000000 178.000000 645.000000 249.000000 1.684706 0.607548 0.680352 0.682489 1.860105 18.771101 0.571142 0.987237
Pedestrian -1 -1 -10 553.000000 178.000000 585.000000 256.000000 1.696912 0.609728 0.745952 -0.778100 1.878560 16.366628 -1.576483 0.975000
Pedestrian -1 -1 -10 2.000000 212.000000 82.000000 371.000000 1.614760 0.603956 0.660652 -3.595069 1.790874 4.560424 -2.209256 0.555421
Pedestrian -1 -1 -10 729.000000 174.000000 742.000000 220.000000 1.665165 0.591161 0.663536 5.530280 1.532715 29.728620 -1.339473 0.453676
Pedestrian -1 -1 -10 126.000000 170.000000 170.000000 293.000000 1.747834 0.604365 0.789194 -6.827536 1.781629 11.357950 -0.012945 0.191981
Pedestrian -1 -1 -10 845.000000 179.000000 919.000000 288.000000 1.615148 0.625341 0.714123 2.650904 1.589546 6.902096 -1.174598 0.120511
Pedestrian -1 -1 -10 0.000000 184.000000 38.000000 333.000000 1.779155 0.599470 0.640808 -2.100899 1.161078 2.099483 -2.273744 0.109892
Pedestrian -1 -1 -10 852.000000 187.000000 901.000000 252.000000 1.580521 0.600691 0.551217 6.369363 1.464054 15.116038 1.382214 0.090895
Pedestrian -1 -1 -10 814.000000 191.000000 836.000000 252.000000 1.692244 0.591370 0.575237 5.988893 1.698878 18.065907 -1.266733 0.077572
Pedestrian -1 -1 -10 859.000000 188.000000 880.000000 257.000000 1.769333 0.583993 0.613010 6.153112 1.342005 16.527421 -1.223836 0.054032
Pedestrian -1 -1 -10 874.000000 187.000000 917.000000 261.000000 1.607730 0.602898 0.608617 6.158795 1.502877 14.347882 -1.160638 0.049324
Pedestrian -1 -1 -10 888.000000 186.000000 909.000000 249.000000 1.799348 0.604494 0.644202 1.020319 1.263388 3.448375 2.028410 0.038435
Pedestrian -1 -1 -10 903.000000 197.000000 956.000000 270.000000 1.581402 0.596550 0.587744 6.357085 1.671333 13.560776 -1.121223 0.031909
Pedestrian -1 -1 -10 888.000000 191.000000 931.000000 287.000000 1.814933 0.607657 0.668709 1.075969 1.255358 3.476164 -1.188244 0.028503
Pedestrian -1 -1 -10 1173.000000 200.000000 1214.000000 309.000000 1.810114 0.607891 0.668103 1.739731 1.191500 2.641383 -0.900344 0.023965
Car -1 -1 -10 384.000000 169.000000 536.000000 275.000000 1.723522 1.641802 3.947199 -2.900750 1.569542 15.008489 1.781851 0.964044
Car -1 -1 -10 483.000000 174.000000 568.000000 242.000000 1.494308 1.576974 3.837822 -1.481765 1.574480 21.097741 1.454247 0.082017
Cyclist -1 -1 -10 0.000000 208.000000 83.000000 369.000000 1.607276 0.594870 0.684269 -3.622217 1.717731 4.577725 -2.209657 0.170894
Cyclist -1 -1 -10 838.000000 170.000000 931.000000 354.000000 1.700283 0.603082 0.780434 2.578905 1.722623 6.490726 -1.162934 0.044669
Cyclist -1 -1 -10 849.000000 184.000000 912.000000 256.000000 1.598233 0.619517 0.583037 6.290275 1.436011 15.461360 1.372728 0.032155
Cyclist -1 -1 -10 855.000000 195.000000 876.000000 256.000000 1.806234 0.589951 0.661357 0.878863 1.207980 3.565031 1.988153 0.019254
Cyclist -1 -1 -10 842.000000 199.000000 888.000000 250.000000 1.741776 0.579488 0.637936 7.822467 2.450448 22.465452 -1.233910 0.013560
