Pedestrian -1 -1 -10 1062.000000 207.000000 1115.000000 298.000000 1.920984 0.671623 0.815330 3.533358 2.136099 7.052177 2.224312 0.302248
Pedestrian -1 -1 -10 1039.000000 202.000000 1140.000000 353.000000 1.867678 0.611235 0.723545 2.919755 2.211032 5.771747 2.207894 0.041298
Pedestrian -1 -1 -10 0.000000 182.000000 132.000000 374.000000 1.707980 0.654488 0.601734 -5.163814 1.843562 6.167592 0.976864 0.013102
Car -1 -1 -10 699.000000 180.000000 845.000000 277.000000 1.434451 1.561571 3.827783 2.947832 1.629067 12.764586 -1.493016 0.999546
Car -1 -1 -10 400.000000 170.000000 507.000000 213.000000 1.472514 1.583970 3.762174 -5.505652 1.360462 27.785263 -1.737880 0.987984
Car -1 -1 -10 774.000000 174.000000 946.000000 240.000000 1.449401 1.652887 3.997130 6.530256 1.454036 18.857740 1.348188 0.983199
Car -1 -1 -10 0.000000 173.000000 285.000000 298.000000 1.556934 1.630381 4.001226 -6.635986 1.530162 10.329831 0.391281 0.978574
Car -1 -1 -10 183.000000 173.000000 442.000000 250.000000 1.585941 1.689963 4.030469 -5.453898 1.557034 16.364034 -3.107229 0.958207
Car -1 -1 -10 712.000000 173.000000 798.000000 219.000000 1.432933 1.599431 4.021173 6.073039 1.288197 30.769648 1.334857 0.913837
Car -1 -1 -10 675.000000 172.000000 739.000000 199.000000 1.531019 1.617502 3.867348 5.305464 1.526907 42.778655 -1.425273 0.724596
Car -1 -1 -10 0.000000 177.000000 147.000000 335.000000 1.507785 1.590999 3.772786 -6.543871 1.542804 8.108658 -2.138202 0.714539
Car -1 -1 -10 307.000000 172.000000 479.000000 226.000000 1.536889 1.598858 3.876887 -5.884563 1.439642 25.046415 -1.874304 0.323288
Car -1 -1 -10 90.000000 171.000000 337.000000 256.000000 1.479119 1.588808 3.851936 -7.103499 1.373344 14.512481 -3.242477 0.303932
Car -1 -1 -10 436.000000 168.000000 530.000000 205.000000 1.451299 1.572564 3.820717 -5.194333 1.296883 35.877176 0.853476 0.193548
Car -1 -1 -10 693.000000 172.000000 771.000000 204.000000 1.466907 1.577133 3.994961 6.373037 1.522089 35.253757 1.312800 0.143747
Car -1 -1 -10 950.000000 186.000000 1220.000000 371.000000 1.489981 1.575280 3.715734 4.003756 1.733539 4.983409 -0.985760 0.061043
Cyclist -1 -1 -10 954.000000 199.000000 1210.000000 369.000000 1.588462 0.614435 0.641942 3.337416 1.926860 4.554240 -0.980528 0.176940
Cyclist -1 -1 -10 1056.000000 206.000000 1123.000000 308.000000 1.862517 0.592674 0.728907 2.906035 2.160829 5.824772 2.218095 0.024463
