Pedestrian -1 -1 -10 861.000000 168.000000 952.000000 370.000000 1.608162 0.610309 0.659426 2.263246 1.772138 5.062177 -1.136114 0.943118
Pedestrian -1 -1 -10 901.000000 207.000000 998.000000 368.000000 1.601689 0.594294 0.567014 2.257433 1.822524 4.406963 1.004679 0.514457
Pedestrian -1 -1 -10 439.000000 182.000000 469.000000 260.000000 1.614070 0.592738 0.552321 -3.013081 1.668537 14.388765 -1.763208 0.410568
Car -1 -1 -10 804.000000 174.000000 871.000000 226.000000 1.428097 1.562590 3.707945 7.269013 1.444911 22.561040 -1.317686 0.998414
Car -1 -1 -10 899.000000 191.000000 1247.000000 376.000000 1.457386 1.607959 3.914635 3.219253 1.413449 5.204549 -1.039177 0.992419
Car -1 -1 -10 373.000000 184.000000 511.000000 256.000000 1.489735 1.630959 3.768795 -3.355919 1.657752 16.128690 -1.795949 0.959173
Car -1 -1 -10 790.000000 163.000000 828.000000 204.000000 1.587695 1.596295 3.912919 10.639164 1.265416 38.688665 -1.312498 0.120289
Car -1 -1 -10 896.000000 200.000000 1014.000000 363.000000 1.454231 1.566642 3.677139 2.914677 1.596391 5.144996 1.451454 0.071867
Car -1 -1 -10 896.000000 192.000000 1095.000000 271.000000 1.434549 1.659455 3.510812 1.615639 0.919311 3.838814 2.116896 0.025003
Car -1 -1 -10 796.000000 170.000000 846.000000 212.000000 1.545159 1.641329 3.718368 3.048596 1.962963 13.970104 -1.361060 0.010377
Cyclist -1 -1 -10 856.000000 180.000000 979.000000 369.000000 1.636386 0.617917 0.621807 2.298329 1.747558 4.765274 1.421896 0.571963
Cyclist -1 -1 -10 909.000000 201.000000 1000.000000 362.000000 1.609427 0.594165 0.565019 2.289244 1.744451 4.484005 -1.098790 0.044611
Cyclist -1 -1 -10 864.000000 178.000000 948.000000 300.000000 1.607010 0.600048 0.600219 2.253360 1.493992 5.217449 -1.176962 0.037610
Cyclist -1 -1 -10 879.000000 177.000000 940.000000 235.000000 1.584406 0.629135 0.501986 8.991139 1.745319 20.346615 -1.162792 0.010335
