Pedestrian -1 -1 -10 785.000000 150.000000 808.000000 231.000000 1.631391 0.584373 0.676130 5.458005 1.141653 21.137589 -1.280683 0.704870
Pedestrian -1 -1 -10 767.000000 154.000000 787.000000 235.000000 1.672563 0.596717 0.641191 4.927695 1.291992 21.264828 -1.330342 0.413760
Pedestrian -1 -1 -10 770.000000 157.000000 817.000000 227.000000 1.663050 0.595842 0.672137 5.669699 1.045937 21.453877 -1.265382 0.158414
Car -1 -1 -10 180.000000 189.000000 366.000000 294.000000 1.560027 1.616461 3.742235 -5.994656 1.999859 13.010735 1.636296 0.999556
Car -1 -1 -10 795.000000 181.000000 1161.000000 377.000000 1.516717 1.605296 4.048894 3.411981 1.488085 6.823705 -1.675046 0.997272
Car -1 -1 -10 321.000000 188.000000 427.000000 252.000000 1.493915 1.551321 3.677469 -5.762207 2.002804 18.103038 1.622022 0.995422
Car -1 -1 -10 724.000000 178.000000 896.000000 283.000000 1.447254 1.600991 3.944636 3.548920 1.583940 11.916416 1.352287 0.990638
Car -1 -1 -10 705.000000 179.000000 792.000000 240.000000 1.406613 1.557440 3.777357 3.672652 1.635730 17.935778 -1.470126 0.979719
Car -1 -1 -10 1.000000 201.000000 118.000000 285.000000 1.421140 1.543831 3.689259 -10.660556 2.122260 13.016082 0.367074 0.195048
Car -1 -1 -10 862.000000 166.000000 938.000000 216.000000 1.450324 1.605830 3.809112 11.492296 1.088857 27.689672 1.935606 0.024329
Car -1 -1 -10 1.000000 193.000000 143.000000 349.000000 1.502220 1.611878 3.710528 -6.645627 1.849289 8.901436 -2.191314 0.023897
Car -1 -1 -10 742.000000 171.000000 829.000000 230.000000 1.525677 1.618447 3.845652 5.618388 0.990486 22.442666 -1.294628 0.017494
Car -1 -1 -10 779.000000 166.000000 819.000000 232.000000 1.495238 1.601425 3.730547 5.622701 0.912470 22.453815 -1.307118 0.012161
Cyclist -1 -1 -10 861.000000 169.000000 953.000000 218.000000 1.463756 1.547773 3.733677 10.883599 1.265950 26.560168 1.992438 0.014286
