Pedestrian -1 -1 -10 774.000000 162.000000 797.000000 218.000000 1.642835 0.633983 0.696486 5.455910 1.652772 22.028833 -1.298138 0.429984
Pedestrian -1 -1 -10 795.000000 164.000000 813.000000 213.000000 1.692430 0.590208 0.719965 7.323089 1.652343 26.935483 -1.279214 0.229813
Pedestrian -1 -1 -10 811.000000 167.000000 831.000000 210.000000 1.623966 0.610220 0.716517 8.233327 1.610975 26.952041 -1.240225 0.056062
Car -1 -1 -10 1157.000000 199.000000 1238.000000 244.000000 1.491500 1.617561 3.834700 34.925176 4.134813 42.454761 2.238707 0.034148
Car -1 -1 -10 996.000000 164.000000 1076.000000 195.000000 1.436398 1.557909 3.827478 35.406093 2.477187 56.239371 1.598792 0.029655
Cyclist -1 -1 -10 961.000000 136.000000 1100.000000 323.000000 1.718684 0.629239 0.821525 4.540729 1.564638 7.440105 -1.013101 0.999851
Cyclist -1 -1 -10 772.000000 162.000000 798.000000 219.000000 1.669538 0.620592 0.708124 5.476973 1.583090 22.045828 -1.310401 0.996769
Cyclist -1 -1 -10 725.000000 170.000000 740.000000 202.000000 1.615954 0.599543 0.670753 6.538158 1.694577 37.986602 -1.381379 0.131881
Cyclist -1 -1 -10 811.000000 167.000000 831.000000 210.000000 1.625184 0.596853 0.725703 8.238866 1.557373 26.980993 -1.247959 0.051501
Cyclist -1 -1 -10 795.000000 166.000000 813.000000 212.000000 1.770298 0.497875 1.701768 7.353111 1.661912 26.990695 -1.285482 0.024011
Cyclist -1 -1 -10 1006.000000 163.000000 1063.000000 202.000000 1.716611 0.579487 0.623103 34.509814 2.760555 56.281200 -1.052111 0.012205
