Pedestrian -1 -1 -10 840.000000 146.000000 889.000000 270.000000 1.700155 0.610641 0.753866 3.693339 1.441261 9.633618 -1.180030 0.998993
Pedestrian -1 -1 -10 1021.000000 145.000000 1124.000000 360.000000 1.750440 0.599480 0.794370 3.833253 1.687722 5.660927 -0.931729 0.997473
Pedestrian -1 -1 -10 551.000000 152.000000 580.000000 229.000000 1.625984 0.603437 0.676489 -0.713111 1.079766 14.141183 -1.596792 0.996458
Pedestrian -1 -1 -10 514.000000 151.000000 543.000000 231.000000 1.605480 0.602936 0.640555 -1.382873 1.036087 13.819068 -1.652719 0.995128
Pedestrian -1 -1 -10 475.000000 143.000000 501.000000 210.000000 1.599766 0.714659 0.623136 -2.029446 1.104800 9.082395 1.418840 0.920984
Pedestrian -1 -1 -10 650.000000 142.000000 670.000000 204.000000 1.620740 0.619033 0.606365 1.706501 0.505609 23.656531 1.120697 0.712799
Pedestrian -1 -1 -10 644.000000 145.000000 658.000000 198.000000 1.597079 0.599788 0.559380 1.738048 0.372577 25.423658 -1.467443 0.433709
Pedestrian -1 -1 -10 598.000000 142.000000 612.000000 190.000000 1.732373 0.613161 0.655147 -0.072095 0.394563 26.870327 -1.521885 0.415275
Pedestrian -1 -1 -10 547.000000 142.000000 565.000000 186.000000 1.687523 0.643894 0.588285 -2.212302 0.420148 30.236650 1.527200 0.338060
Pedestrian -1 -1 -10 268.000000 137.000000 324.000000 257.000000 1.666337 0.595926 0.649859 -5.130946 1.221455 11.193887 1.625002 0.279020
Pedestrian -1 -1 -10 483.000000 143.000000 506.000000 192.000000 1.668006 0.592974 0.603841 -4.929550 0.772372 36.175769 -1.727914 0.233099
Pedestrian -1 -1 -10 431.000000 140.000000 456.000000 202.000000 1.640346 0.599042 0.587916 -5.550849 0.152824 22.707606 -1.795421 0.218845
Pedestrian -1 -1 -10 551.000000 146.000000 570.000000 200.000000 1.613901 0.611774 0.560148 -2.036245 0.418410 29.582359 -1.625926 0.210152
Pedestrian -1 -1 -10 527.000000 144.000000 541.000000 187.000000 1.640877 0.641198 0.706210 -3.117611 0.190165 32.717882 -1.672542 0.146251
Pedestrian -1 -1 -10 539.000000 142.000000 552.000000 182.000000 1.680141 0.629852 0.696961 -2.364023 0.423305 31.318896 1.984074 0.140914
Pedestrian -1 -1 -10 440.000000 142.000000 466.000000 200.000000 1.670514 0.598813 0.693867 -4.754536 0.485062 24.625601 -1.749814 0.109182
Pedestrian -1 -1 -10 492.000000 142.000000 508.000000 180.000000 1.768864 0.602062 0.665894 -5.511095 0.105504 37.014723 -1.670920 0.097914
Pedestrian -1 -1 -10 251.000000 136.000000 290.000000 255.000000 1.653196 0.591661 0.671625 -5.162238 1.089859 11.723778 0.120037 0.090034
Pedestrian -1 -1 -10 422.000000 141.000000 445.000000 205.000000 1.712567 0.608727 0.673276 -5.616225 0.472545 23.182295 -1.793290 0.045494
Pedestrian -1 -1 -10 456.000000 141.000000 473.000000 192.000000 1.759627 0.592665 0.649440 -5.844676 0.477033 29.464229 -1.718443 0.043594
Pedestrian -1 -1 -10 417.000000 142.000000 469.000000 207.000000 1.637239 0.590669 0.632939 -5.437873 0.494801 22.522543 -1.758777 0.038078
Cyclist -1 -1 -10 266.000000 139.000000 330.000000 255.000000 1.694827 0.612502 0.709377 -5.293982 1.045842 11.707894 -1.958777 0.876052
Cyclist -1 -1 -10 422.000000 142.000000 462.000000 215.000000 1.719159 0.578470 0.633898 -3.860384 0.314484 17.839936 -1.809926 0.759448
Cyclist -1 -1 -10 649.000000 140.000000 671.000000 205.000000 1.633165 0.596885 0.536723 1.749823 0.369433 22.197180 -1.460765 0.527682
Cyclist -1 -1 -10 282.000000 143.000000 345.000000 225.000000 1.778547 0.659385 0.618636 -8.517671 0.754429 19.984297 0.667837 0.399647
Cyclist -1 -1 -10 302.000000 145.000000 372.000000 213.000000 1.514443 1.593077 3.787839 -8.322243 0.274765 21.442674 0.745419 0.283124
Cyclist -1 -1 -10 383.000000 149.000000 466.000000 218.000000 1.660595 0.597413 0.623579 -5.329742 0.833428 22.469577 0.794267 0.266827
Cyclist -1 -1 -10 333.000000 147.000000 381.000000 201.000000 1.622509 0.636040 0.719457 -10.806907 0.626191 30.190400 -1.881969 0.144713
Cyclist -1 -1 -10 406.000000 142.000000 448.000000 210.000000 1.605658 0.594497 0.590963 -5.362608 0.374097 22.730142 -1.802459 0.143871
Cyclist -1 -1 -10 439.000000 142.000000 465.000000 201.000000 1.648270 0.585610 0.621735 -4.980739 0.237399 24.024482 -1.780990 0.121497
Cyclist -1 -1 -10 551.000000 148.000000 580.000000 226.000000 1.614365 0.592479 0.631667 -0.741648 0.845706 14.233959 -1.616925 0.114062
Cyclist -1 -1 -10 396.000000 144.000000 428.000000 198.000000 1.752812 0.579793 0.644045 -8.952564 1.461716 31.052198 -1.853040 0.085131
Cyclist -1 -1 -10 360.000000 147.000000 403.000000 199.000000 1.411638 1.568454 3.526370 -7.004057 -0.051227 24.098335 -1.892197 0.063491
Cyclist -1 -1 -10 474.000000 140.000000 505.000000 204.000000 1.514568 1.590772 3.716647 -3.085305 1.878919 13.159420 1.419630 0.058650
Cyclist -1 -1 -10 485.000000 142.000000 506.000000 186.000000 1.754566 0.608651 0.748754 -5.280143 0.068208 36.388670 -1.691414 0.057535
Cyclist -1 -1 -10 551.000000 142.000000 567.000000 186.000000 1.638949 0.620266 0.559871 -2.284113 0.074072 30.561285 1.525531 0.043302
Cyclist -1 -1 -10 251.000000 136.000000 290.000000 255.000000 1.624965 0.597649 0.670984 -5.225699 0.987302 11.745298 -1.973143 0.039953
Cyclist -1 -1 -10 527.000000 144.000000 541.000000 187.000000 1.699953 0.585386 0.710765 -3.159428 0.254230 32.279717 -1.662797 0.036133
Cyclist -1 -1 -10 538.000000 142.000000 552.000000 183.000000 1.750532 0.567545 1.651521 -2.384038 0.370270 31.254885 -1.622689 0.017868
Cyclist -1 -1 -10 456.000000 141.000000 473.000000 192.000000 1.765486 0.602725 0.636225 -5.782135 0.412911 29.286070 -1.731177 0.014168
