Car -1 -1 -10 570.000000 179.000000 605.000000 210.000000 1.532355 1.627038 3.925439 -1.137448 1.359582 39.073958 -1.609536 0.999745
Car -1 -1 -10 108.000000 193.000000 416.000000 371.000000 1.469501 1.572970 3.771639 -3.571477 1.534343 7.401144 -1.963220 0.999520
Car -1 -1 -10 414.000000 186.000000 487.000000 233.000000 1.525121 1.588875 3.742063 -5.137595 1.442963 23.457646 1.747209 0.998757
Car -1 -1 -10 2.000000 195.000000 219.000000 311.000000 1.511579 1.638730 3.744599 -7.664581 1.658679 10.465048 1.541231 0.996567
Car -1 -1 -10 343.000000 186.000000 401.000000 224.000000 1.509301 1.575197 3.673564 -8.994218 1.461365 26.313456 1.750497 0.815410
Car -1 -1 -10 159.000000 179.000000 255.000000 235.000000 1.515508 1.597608 3.909831 -13.314052 1.363437 23.724612 -2.056313 0.544461
Car -1 -1 -10 295.000000 193.000000 368.000000 238.000000 1.482049 1.611543 3.687628 -8.881037 1.664536 26.152382 -1.914768 0.209872
Car -1 -1 -10 417.000000 182.000000 470.000000 213.000000 1.546683 1.644406 3.754552 -8.929585 1.230550 36.419158 1.816874 0.178001
Car -1 -1 -10 194.000000 194.000000 373.000000 280.000000 1.553870 1.624029 3.840327 -7.912813 1.427389 18.712352 -1.956434 0.032397
Cyclist -1 -1 -10 157.000000 177.000000 261.000000 238.000000 1.575740 0.595005 1.779534 -13.036252 1.637468 22.126077 -2.611396 0.061523
Cyclist -1 -1 -10 271.000000 192.000000 372.000000 241.000000 1.635067 0.586066 0.611512 -8.490776 1.878383 25.311704 -1.948592 0.013337
