Pedestrian -1 -1 -10 679.000000 170.000000 699.000000 230.000000 1.667973 0.596888 0.601031 2.149226 1.786986 17.424911 0.669327 0.456269
Pedestrian -1 -1 -10 695.000000 164.000000 732.000000 241.000000 1.654353 0.614509 0.638326 2.514333 1.785034 15.750192 1.143672 0.246612
Pedestrian -1 -1 -10 718.000000 156.000000 743.000000 241.000000 1.657735 0.608665 0.669762 2.855346 1.644564 14.998664 -1.363321 0.121514
Pedestrian -1 -1 -10 684.000000 168.000000 715.000000 234.000000 1.633403 0.622565 0.612040 2.236054 1.713691 16.767303 1.149284 0.090275
Pedestrian -1 -1 -10 0.000000 181.000000 23.000000 239.000000 1.670261 0.590949 0.589632 -15.501830 1.652296 19.237654 -2.263845 0.057252
Pedestrian -1 -1 -10 723.000000 161.000000 752.000000 207.000000 1.749453 0.662979 0.807562 0.958904 2.186694 11.207940 -1.428215 0.050756
Pedestrian -1 -1 -10 706.000000 154.000000 765.000000 243.000000 1.703412 0.610376 0.687823 2.977038 1.665144 15.163705 0.721059 0.032923
Car -1 -1 -10 256.000000 177.000000 489.000000 343.000000 1.567186 1.641173 3.779061 -2.930191 1.684577 8.732619 -1.394143 0.999697
Car -1 -1 -10 591.000000 173.000000 618.000000 200.000000 1.495891 1.620112 3.856470 -0.351147 1.684555 46.563379 -1.588209 0.998124
Car -1 -1 -10 1.000000 195.000000 83.000000 283.000000 1.526522 1.629755 3.745361 -12.408556 2.126961 14.597530 -2.867804 0.418674
Car -1 -1 -10 408.000000 177.000000 441.000000 203.000000 1.482735 1.582666 3.774557 -16.476250 2.497934 58.371844 1.837479 0.044117
Car -1 -1 -10 392.000000 178.000000 445.000000 212.000000 1.496031 1.521742 3.587176 -16.423616 2.534306 56.130096 -1.779700 0.013820
Cyclist -1 -1 -10 696.000000 157.000000 785.000000 245.000000 1.795590 0.647594 0.747092 2.800803 1.628934 15.414438 1.185586 0.999672
Cyclist -1 -1 -10 692.000000 163.000000 739.000000 243.000000 1.704180 0.621659 0.712692 2.624945 1.558792 15.670506 1.131581 0.964226
Cyclist -1 -1 -10 680.000000 169.000000 706.000000 233.000000 1.634879 0.631093 0.612739 2.147336 1.762412 17.069305 1.132262 0.340187
Cyclist -1 -1 -10 689.000000 167.000000 716.000000 236.000000 1.683715 0.614160 0.619425 2.143481 1.688526 16.584180 -1.410666 0.307129
Cyclist -1 -1 -10 713.000000 156.000000 756.000000 240.000000 1.640257 0.631836 0.705640 2.911433 1.583633 14.956324 -1.375662 0.171476
Cyclist -1 -1 -10 841.000000 181.000000 871.000000 216.000000 1.642101 0.584329 0.560747 8.237004 1.721399 24.372094 -1.251731 0.063619
Cyclist -1 -1 -10 726.000000 161.000000 758.000000 200.000000 1.638305 0.579870 0.606900 8.427530 1.322726 42.157637 -1.399295 0.051570
Cyclist -1 -1 -10 718.000000 157.000000 741.000000 225.000000 1.708263 0.567393 0.716932 2.740656 1.514045 17.139848 -1.343444 0.039347
Cyclist -1 -1 -10 276.000000 184.000000 304.000000 214.000000 1.692483 0.574498 0.621931 -15.869506 2.450135 34.789934 1.614049 0.012669
