Pedestrian -1 -1 -10 158.000000 169.000000 200.000000 256.000000 1.715884 0.597017 0.756842 -8.770878 1.761079 14.402570 -0.009573 0.702095
Pedestrian -1 -1 -10 17.000000 158.000000 59.000000 224.000000 1.835729 0.611261 0.842933 -20.352090 1.393306 25.347178 -2.190079 0.095501
Pedestrian -1 -1 -10 34.000000 156.000000 57.000000 214.000000 1.832190 0.635146 0.757273 -20.334147 1.256647 26.169073 -2.201013 0.069402
Pedestrian -1 -1 -10 41.000000 160.000000 71.000000 211.000000 1.752815 0.629135 0.682475 -20.951400 0.940156 27.105964 -2.222935 0.020038
Pedestrian -1 -1 -10 10.000000 168.000000 40.000000 225.000000 1.670637 0.615040 0.719403 -20.151572 1.530669 24.861565 -2.229949 0.011226
Cyclist -1 -1 -10 424.000000 172.000000 600.000000 328.000000 1.729042 0.617951 1.784157 -0.513628 1.756512 8.023647 -1.209834 0.999905
Cyclist -1 -1 -10 9.000000 164.000000 54.000000 226.000000 1.649332 0.602653 0.715028 -20.128792 1.475709 24.856573 -2.228844 0.517763
Cyclist -1 -1 -10 20.000000 159.000000 77.000000 219.000000 1.836231 0.641763 0.813417 -20.539168 1.263864 25.781977 -2.189366 0.019346
Cyclist -1 -1 -10 54.000000 161.000000 75.000000 215.000000 1.389637 1.538645 3.526623 -23.839029 1.082123 31.214605 -2.223570 0.012859
Cyclist -1 -1 -10 159.000000 168.000000 202.000000 252.000000 1.709259 0.579353 0.763242 -8.772878 1.723149 14.419448 -2.077314 0.012443
