Pedestrian -1 -1 -10 639.000000 156.000000 669.000000 243.000000 1.707714 0.600553 0.766065 1.165567 1.419978 14.967048 -1.449330 0.997022
Pedestrian -1 -1 -10 396.000000 153.000000 464.000000 358.000000 1.711161 0.584680 0.749947 -1.510284 1.634219 6.033762 0.314871 0.996404
Pedestrian -1 -1 -10 316.000000 160.000000 412.000000 376.000000 1.721703 0.601458 0.740106 -1.739316 1.715396 5.578738 -1.842173 0.995823
Pedestrian -1 -1 -10 626.000000 158.000000 649.000000 219.000000 1.626540 0.609455 0.701167 1.303109 1.066152 23.254453 -1.485074 0.960271
Pedestrian -1 -1 -10 680.000000 161.000000 710.000000 239.000000 1.698526 0.595131 0.698045 1.932286 1.462096 14.856929 0.660370 0.923938
Pedestrian -1 -1 -10 708.000000 166.000000 730.000000 230.000000 1.650992 0.596675 0.653516 2.917853 1.353901 18.024276 0.705448 0.813171
Pedestrian -1 -1 -10 487.000000 163.000000 503.000000 217.000000 1.611746 0.609002 0.678102 -3.311774 1.295498 23.590886 -1.692256 0.804208
Pedestrian -1 -1 -10 674.000000 164.000000 697.000000 232.000000 1.644454 0.603828 0.583076 2.091976 1.431202 16.340548 0.669733 0.513877
Pedestrian -1 -1 -10 45.000000 252.000000 217.000000 371.000000 1.802631 0.598896 0.725210 -1.644040 1.320413 2.263909 -2.178528 0.501216
Pedestrian -1 -1 -10 752.000000 153.000000 778.000000 217.000000 1.645657 0.609895 0.642731 5.202377 1.007638 22.561785 -1.287898 0.453583
Pedestrian -1 -1 -10 732.000000 158.000000 754.000000 220.000000 1.625926 0.609260 0.666647 3.781840 1.089934 18.963874 -1.353048 0.407056
Pedestrian -1 -1 -10 998.000000 284.000000 1090.000000 372.000000 1.654415 0.596331 0.612786 1.075556 1.094390 1.981792 -1.038923 0.371110
Pedestrian -1 -1 -10 354.000000 160.000000 443.000000 363.000000 1.685372 0.599112 0.713880 -1.646769 1.566080 5.705338 -1.805007 0.234943
Pedestrian -1 -1 -10 473.000000 165.000000 488.000000 208.000000 1.691253 0.580336 0.595394 -4.839105 0.875087 29.709131 -1.738894 0.182001
Pedestrian -1 -1 -10 265.000000 198.000000 311.000000 297.000000 1.832100 0.620820 0.694187 -3.910013 2.115166 6.685903 1.243321 0.056902
Pedestrian -1 -1 -10 315.000000 185.000000 349.000000 272.000000 1.512603 1.545944 3.741152 -5.845638 1.769022 12.905578 1.229967 0.037331
Car -1 -1 -10 565.000000 170.000000 599.000000 196.000000 1.477771 1.573740 3.830056 -1.240213 1.041860 41.924429 1.603379 0.997384
Car -1 -1 -10 19.000000 247.000000 235.000000 371.000000 1.517100 1.683908 3.480929 -2.326529 1.137029 2.828270 1.065217 0.011529
Cyclist -1 -1 -10 747.000000 155.000000 782.000000 223.000000 1.614398 0.615109 0.679074 5.141323 0.947385 22.149999 -1.322122 0.117328
Cyclist -1 -1 -10 40.000000 249.000000 226.000000 371.000000 1.742954 0.482028 1.597692 -1.878906 1.087764 2.150509 1.088854 0.091079
Cyclist -1 -1 -10 317.000000 188.000000 355.000000 269.000000 1.850118 0.611215 0.703252 -2.666581 1.648584 5.134078 1.287328 0.049684
Cyclist -1 -1 -10 314.000000 170.000000 408.000000 357.000000 1.673047 0.604223 0.741652 -1.764768 1.656620 5.694354 -1.859533 0.012670
