Pedestrian -1 -1 -10 799.000000 154.000000 828.000000 212.000000 1.643491 0.612085 0.558717 6.518983 1.595096 25.200411 -1.304831 0.036293
Car -1 -1 -10 642.000000 176.000000 688.000000 213.000000 1.503071 1.549816 3.798556 2.537749 1.540352 31.486809 -1.585813 0.998864
Car -1 -1 -10 221.000000 190.000000 444.000000 321.000000 1.505263 1.588924 3.715871 -3.849604 1.971170 10.212075 1.644361 0.997395
Car -1 -1 -10 758.000000 158.000000 912.000000 209.000000 1.537860 1.624137 4.175125 7.900992 1.010978 26.788988 2.998738 0.991819
Car -1 -1 -10 -1.000000 203.000000 268.000000 334.000000 1.453901 1.620205 3.776532 -6.571211 2.028657 10.092908 1.588174 0.991159
Car -1 -1 -10 386.000000 187.000000 494.000000 252.000000 1.492034 1.563791 3.661559 -4.124336 1.969921 18.274908 1.774625 0.987210
Car -1 -1 -10 449.000000 181.000000 491.000000 214.000000 1.503646 1.632585 3.905600 -7.221770 1.853240 35.724789 -1.762464 0.335185
Car -1 -1 -10 730.000000 161.000000 827.000000 201.000000 1.432306 1.569299 3.581516 7.081472 1.145399 30.938469 2.368731 0.184306
Car -1 -1 -10 903.000000 152.000000 979.000000 177.000000 1.514002 1.636578 3.882590 20.512442 0.241908 44.551329 1.455410 0.133047
Car -1 -1 -10 430.000000 184.000000 494.000000 237.000000 1.473456 1.573521 3.678045 -4.162647 1.910679 18.828355 -1.697542 0.026026
Car -1 -1 -10 799.000000 154.000000 828.000000 212.000000 1.419756 1.563608 3.743399 7.089576 1.392685 26.408125 -1.272027 0.023022
Car -1 -1 -10 376.000000 188.000000 453.000000 235.000000 1.492735 1.588761 3.809222 -6.442052 1.781970 25.561375 1.305071 0.015382
Cyclist -1 -1 -10 799.000000 154.000000 828.000000 212.000000 1.665432 0.610656 0.590954 6.528911 1.553640 25.333442 -1.305559 0.012316
