Pedestrian -1 -1 -10 408.000000 177.000000 428.000000 237.000000 1.692314 0.594824 0.599350 -5.842353 1.590389 22.488113 -1.836420 0.979660
Pedestrian -1 -1 -10 385.000000 184.000000 404.000000 232.000000 1.591199 0.599524 0.538149 -6.854291 1.878781 23.129462 -1.835109 0.248015
Pedestrian -1 -1 -10 363.000000 196.000000 473.000000 266.000000 1.732401 0.637513 0.740761 -4.228976 2.194556 15.910699 -1.726056 0.016819
Pedestrian -1 -1 -10 406.000000 181.000000 418.000000 231.000000 1.661959 0.592342 0.587464 -5.826536 1.700829 22.373768 -1.836423 0.013231
Pedestrian -1 -1 -10 394.000000 185.000000 439.000000 246.000000 1.623919 0.603730 0.606935 -4.054462 2.021324 15.449956 -1.811372 0.011246
Car -1 -1 -10 729.000000 183.000000 914.000000 310.000000 1.455759 1.593415 3.827836 3.106591 1.637775 10.089521 1.367209 0.999587
Car -1 -1 -10 668.000000 181.000000 736.000000 236.000000 1.466616 1.555428 3.814012 2.855468 1.686163 20.894687 -1.487812 0.998159
Car -1 -1 -10 365.000000 195.000000 473.000000 267.000000 1.553262 1.590509 3.709723 -4.457275 2.015716 16.667023 -1.334281 0.998107
Car -1 -1 -10 640.000000 178.000000 677.000000 211.000000 1.447184 1.585118 3.749425 2.583290 1.774000 36.239442 -1.551315 0.991447
Car -1 -1 -10 438.000000 181.000000 507.000000 235.000000 1.585892 1.628922 3.795420 -4.722875 1.958766 25.262435 -1.327350 0.989741
Car -1 -1 -10 495.000000 184.000000 533.000000 215.000000 1.485721 1.569365 3.772405 -5.321477 2.150662 39.513356 1.486453 0.931399
Car -1 -1 -10 748.000000 187.000000 812.000000 234.000000 1.533730 1.645163 3.823265 7.497699 1.805337 32.084141 -1.329483 0.049668
Cyclist -1 -1 -10 384.000000 184.000000 405.000000 233.000000 1.606226 0.600627 0.553160 -6.831586 1.833245 23.139033 -1.853737 0.014394
Cyclist -1 -1 -10 406.000000 179.000000 428.000000 234.000000 1.653086 0.587195 0.619419 -5.876172 1.667932 22.460547 -1.835162 0.012636
