Car -1 -1 -10 766.000000 182.000000 1034.000000 330.000000 1.454024 1.612500 3.919251 3.396248 1.597326 8.795259 -1.711410 0.999538
Car -1 -1 -10 232.000000 193.000000 405.000000 280.000000 1.534747 1.601661 3.768129 -5.833916 2.125659 14.806287 1.664411 0.999433
Car -1 -1 -10 716.000000 179.000000 850.000000 265.000000 1.458086 1.571033 3.918318 3.630094 1.542748 14.218039 -1.498849 0.998760
Car -1 -1 -10 682.000000 181.000000 740.000000 227.000000 1.423354 1.560475 3.899156 3.738944 1.900365 24.672226 1.242186 0.996427
Car -1 -1 -10 361.000000 190.000000 455.000000 248.000000 1.481452 1.552465 3.700547 -5.636457 2.114485 20.568079 1.670183 0.994139
Car -1 -1 -10 449.000000 186.000000 507.000000 224.000000 1.505179 1.574912 3.703594 -5.644869 2.223258 29.436326 1.809014 0.994030
Car -1 -1 -10 996.000000 153.000000 1251.000000 261.000000 1.527145 1.685714 3.828487 8.221424 1.281935 11.335341 -0.355321 0.993099
Car -1 -1 -10 1.000000 208.000000 222.000000 373.000000 1.520336 1.632005 3.707964 -5.947305 1.924345 7.584509 1.529008 0.979312
Car -1 -1 -10 664.000000 182.000000 717.000000 217.000000 1.426687 1.555136 3.749631 3.564950 1.780010 30.396881 -1.487804 0.883723
Car -1 -1 -10 649.000000 180.000000 690.000000 208.000000 1.438195 1.554967 3.691846 3.214705 1.882728 38.505888 -1.521072 0.598961
Car -1 -1 -10 502.000000 180.000000 536.000000 206.000000 1.564572 1.551359 3.703159 -6.212869 2.177355 42.048837 -1.138998 0.151678
Car -1 -1 -10 41.000000 189.000000 172.000000 244.000000 1.455703 1.584176 3.810483 -14.748782 1.681167 21.393486 0.465326 0.141977
