Pedestrian -1 -1 -10 734.000000 168.000000 770.000000 269.000000 1.679898 0.614240 0.643416 2.424621 1.742654 10.727441 0.751726 0.952912
Pedestrian -1 -1 -10 162.000000 174.000000 199.000000 294.000000 1.498178 1.543815 3.774057 -9.538989 2.410316 13.742390 1.039297 0.736751
Pedestrian -1 -1 -10 176.000000 188.000000 199.000000 265.000000 1.823589 0.615390 0.682453 -3.908103 2.030143 5.192548 1.119517 0.212418
Pedestrian -1 -1 -10 779.000000 152.000000 846.000000 289.000000 1.684594 0.608383 0.640942 2.654195 1.719770 9.077185 0.831146 0.132896
Pedestrian -1 -1 -10 147.000000 190.000000 226.000000 261.000000 1.678821 0.626049 0.647526 -9.387594 2.302608 15.463841 1.532376 0.087889
Pedestrian -1 -1 -10 160.000000 189.000000 181.000000 275.000000 1.635729 0.596320 0.621106 -7.348832 2.354927 12.021445 -2.106988 0.055946
Pedestrian -1 -1 -10 796.000000 156.000000 833.000000 258.000000 1.663425 0.602646 0.701448 3.039729 1.403195 10.450267 -1.263594 0.053825
Pedestrian -1 -1 -10 742.000000 165.000000 803.000000 271.000000 1.659574 0.615655 0.601032 2.371733 1.675471 9.637281 1.237059 0.037054
Pedestrian -1 -1 -10 767.000000 143.000000 931.000000 307.000000 1.668423 0.615889 0.810831 3.055121 1.576138 7.673280 0.856705 0.024967
Pedestrian -1 -1 -10 775.000000 174.000000 795.000000 244.000000 1.857745 0.622786 0.697943 0.651390 1.675149 5.534077 1.878118 0.011158
Pedestrian -1 -1 -10 782.000000 165.000000 829.000000 226.000000 1.533640 1.447412 3.567903 4.027641 2.150825 18.362765 -1.494013 0.010398
Car -1 -1 -10 600.000000 174.000000 628.000000 200.000000 1.532224 1.614640 3.875853 0.267120 1.512012 46.327904 -1.572103 0.995693
Car -1 -1 -10 407.000000 183.000000 453.000000 212.000000 1.506949 1.614238 3.811594 -9.703617 2.025061 38.389040 1.413257 0.993264
Car -1 -1 -10 75.000000 198.000000 256.000000 270.000000 1.423897 1.509577 3.560189 -8.181621 2.004796 13.415969 0.484988 0.971212
Car -1 -1 -10 6.000000 188.000000 298.000000 370.000000 1.471675 1.613802 3.769388 -2.392010 1.541752 2.995420 1.526586 0.818755
Car -1 -1 -10 142.000000 192.000000 234.000000 261.000000 1.492083 1.604954 3.682193 -9.689977 2.086524 15.996073 1.507987 0.264023
Car -1 -1 -10 146.000000 198.000000 174.000000 272.000000 1.544362 1.616960 3.533975 -8.120932 2.276908 10.911179 1.025449 0.058535
Cyclist -1 -1 -10 771.000000 143.000000 967.000000 311.000000 1.714462 0.637663 0.833564 2.998840 1.512858 7.836207 -1.219634 0.999533
Cyclist -1 -1 -10 756.000000 151.000000 874.000000 297.000000 1.750175 0.626415 0.754799 2.848863 1.501579 8.937546 1.268804 0.980764
Cyclist -1 -1 -10 738.000000 166.000000 787.000000 270.000000 1.622450 0.623372 0.593840 2.335179 1.648103 10.040038 1.218409 0.303578
Cyclist -1 -1 -10 786.000000 149.000000 844.000000 285.000000 1.654472 0.611519 0.647653 2.579206 1.662503 8.803352 -1.253027 0.277293
Cyclist -1 -1 -10 763.000000 162.000000 825.000000 271.000000 1.747530 0.582756 1.793928 2.483116 1.599493 9.537449 -1.295221 0.129586
Cyclist -1 -1 -10 775.000000 174.000000 795.000000 244.000000 1.814728 0.594846 0.676262 0.645017 1.645213 5.661704 1.876216 0.070548
Cyclist -1 -1 -10 959.000000 171.000000 1014.000000 236.000000 1.662172 0.566543 1.727713 8.386242 1.658836 14.952243 -1.069182 0.065345
Cyclist -1 -1 -10 142.000000 192.000000 234.000000 261.000000 1.507748 1.543721 3.741199 -9.385392 2.108940 15.619329 1.508789 0.057399
Cyclist -1 -1 -10 148.000000 197.000000 177.000000 271.000000 1.510707 1.567352 3.776927 -9.422341 2.361269 12.943857 1.011779 0.037237
Cyclist -1 -1 -10 63.000000 197.000000 250.000000 280.000000 1.716812 0.542304 1.657865 -5.539251 1.940841 9.558217 -2.133193 0.024597
Cyclist -1 -1 -10 161.000000 177.000000 200.000000 290.000000 1.752812 0.579793 0.644045 -5.418339 1.323954 9.324478 -2.123531 0.023050
Cyclist -1 -1 -10 802.000000 152.000000 837.000000 250.000000 1.554592 1.061967 3.115260 5.046167 3.556418 21.223015 1.692118 0.017871
Cyclist -1 -1 -10 26.000000 196.000000 289.000000 367.000000 1.630356 0.595667 0.641402 -2.094094 1.720306 2.741653 1.486199 0.017815
