Pedestrian -1 -1 -10 842.000000 154.000000 884.000000 270.000000 1.679749 0.595899 0.725912 3.805654 1.453467 10.104684 -1.181537 0.990457
Pedestrian -1 -1 -10 562.000000 155.000000 572.000000 187.000000 1.717125 0.640935 0.742972 -1.893970 0.611400 43.024402 -1.592475 0.185678
Pedestrian -1 -1 -10 980.000000 149.000000 1022.000000 271.000000 1.692277 0.595533 0.657897 5.772890 1.345811 10.203373 1.048004 0.130472
Pedestrian -1 -1 -10 543.000000 155.000000 553.000000 189.000000 1.665316 0.620872 0.718198 -2.915994 0.583265 40.744781 -1.607831 0.118639
Pedestrian -1 -1 -10 624.000000 155.000000 633.000000 182.000000 1.689375 0.594116 0.681871 1.972582 0.244587 49.231237 0.582646 0.086811
Pedestrian -1 -1 -10 726.000000 153.000000 746.000000 228.000000 1.812686 0.630942 0.608563 4.016524 0.536672 20.875042 -1.384088 0.063830
Pedestrian -1 -1 -10 621.000000 155.000000 629.000000 181.000000 1.683008 0.600013 0.635432 1.909995 0.293077 49.553678 0.585810 0.056738
Pedestrian -1 -1 -10 1002.000000 149.000000 1034.000000 277.000000 1.655627 0.599283 0.628994 5.845326 1.368139 9.812462 -0.992366 0.031351
Pedestrian -1 -1 -10 960.000000 147.000000 998.000000 266.000000 1.613377 0.602395 0.666205 5.703179 1.141332 10.265325 -1.051913 0.019012
Pedestrian -1 -1 -10 152.000000 157.000000 318.000000 358.000000 1.692732 0.572241 0.751816 -2.599740 1.729779 5.070590 1.572128 0.014152
Pedestrian -1 -1 -10 948.000000 150.000000 967.000000 242.000000 1.674883 0.595084 0.563082 7.125381 1.413439 14.552280 1.010803 0.013746
Car -1 -1 -10 583.000000 162.000000 615.000000 188.000000 1.457485 1.544054 3.669240 -0.335659 0.527306 43.906769 1.547248 0.997163
Cyclist -1 -1 -10 115.000000 152.000000 344.000000 372.000000 1.710329 0.526384 1.735461 -2.584714 1.685619 5.118877 -1.977903 0.999831
Cyclist -1 -1 -10 352.000000 157.000000 452.000000 327.000000 1.675308 0.571488 0.750661 -2.119112 1.632005 7.781183 -1.790445 0.999416
Cyclist -1 -1 -10 370.000000 157.000000 405.000000 224.000000 1.745427 0.495617 1.648341 -6.195697 1.105386 21.018106 -1.825832 0.015321
Cyclist -1 -1 -10 377.000000 167.000000 421.000000 217.000000 1.627674 0.591379 0.612417 -6.430577 1.112474 21.783035 1.774121 0.014007
