Car -1 -1 -10 670.000000 183.000000 734.000000 231.000000 1.450948 1.565669 3.792807 3.065124 1.758664 22.514340 -1.540971 0.999388
Car -1 -1 -10 284.000000 180.000000 485.000000 239.000000 1.477435 1.565403 4.009497 -5.913466 1.679097 20.418557 -3.050304 0.996576
Car -1 -1 -10 -3.000000 182.000000 251.000000 346.000000 1.505833 1.646824 3.867627 -5.631649 1.708966 7.450644 0.488625 0.996452
Car -1 -1 -10 741.000000 167.000000 978.000000 347.000000 1.489280 1.593856 3.932211 3.085641 1.594233 8.512163 -1.359286 0.982168
Car -1 -1 -10 356.000000 177.000000 504.000000 224.000000 1.484188 1.553469 4.066637 -6.336430 1.529084 26.631633 -2.991388 0.977715
Car -1 -1 -10 53.000000 168.000000 327.000000 302.000000 1.491387 1.584159 3.883968 -6.475438 1.497955 11.412387 -3.204967 0.955372
Car -1 -1 -10 721.000000 173.000000 812.000000 219.000000 1.636305 1.690649 4.085129 6.015273 1.617581 28.166936 -1.373634 0.951835
Car -1 -1 -10 412.000000 177.000000 511.000000 212.000000 1.521391 1.581532 3.836592 -5.669196 1.429002 32.434177 1.501122 0.500707
Car -1 -1 -10 195.000000 185.000000 372.000000 258.000000 1.466970 1.609429 3.707693 -6.228849 1.753046 15.637395 1.625695 0.176467
Car -1 -1 -10 677.000000 174.000000 723.000000 201.000000 1.549070 1.681279 3.903307 5.197730 1.324167 43.021786 1.224898 0.156256
