Car -1 -1 -10 679.000000 183.000000 765.000000 246.000000 1.448013 1.564115 3.832182 3.112704 1.786778 18.613477 -1.529876 0.999312
Car -1 -1 -10 789.000000 194.000000 1171.000000 376.000000 1.440719 1.623377 3.887412 3.246159 1.589674 6.181958 1.536929 0.998463
Car -1 -1 -10 -12.000000 171.000000 326.000000 302.000000 1.648722 1.592848 3.971050 -5.965448 1.540028 10.121663 -1.654044 0.993947
Car -1 -1 -10 223.000000 177.000000 426.000000 248.000000 1.552888 1.639016 4.127721 -6.619933 1.690371 17.549032 -3.090132 0.961243
Car -1 -1 -10 418.000000 178.000000 509.000000 216.000000 1.496125 1.585352 3.723452 -5.362378 1.633520 29.601645 -1.715498 0.926453
Car -1 -1 -10 653.000000 175.000000 704.000000 220.000000 1.436069 1.581282 3.803019 3.088575 1.671344 29.382845 -1.538520 0.907251
Car -1 -1 -10 134.000000 179.000000 333.000000 273.000000 1.494092 1.608435 3.756647 -6.080442 1.640413 12.608264 -2.020327 0.783064
Car -1 -1 -10 298.000000 170.000000 476.000000 231.000000 1.621551 1.700877 3.955311 -6.049060 1.501091 22.554800 -3.009035 0.591875
Car -1 -1 -10 -3.000000 186.000000 216.000000 362.000000 1.468009 1.597320 3.733000 -5.861322 1.778458 7.172778 -2.746083 0.554935
Car -1 -1 -10 446.000000 178.000000 542.000000 207.000000 1.486152 1.510124 3.739740 -4.905893 1.718250 40.153700 -1.726640 0.045056
