Pedestrian -1 -1 -10 637.000000 159.000000 668.000000 249.000000 1.708699 0.608469 0.759583 1.099037 1.485564 14.346243 -1.454058 0.995878
Pedestrian -1 -1 -10 464.000000 165.000000 484.000000 225.000000 1.636125 0.619132 0.720356 -3.755602 1.431556 21.903195 -1.713105 0.992599
Pedestrian -1 -1 -10 284.000000 149.000000 381.000000 375.000000 1.712321 0.580603 0.756530 -1.692573 1.696495 4.224380 0.196746 0.990233
Pedestrian -1 -1 -10 149.000000 159.000000 315.000000 370.000000 1.603098 0.621715 0.672521 -1.731731 1.621065 3.992444 -2.019872 0.971963
Pedestrian -1 -1 -10 618.000000 160.000000 643.000000 223.000000 1.690920 0.606270 0.751055 0.927291 1.264843 22.647150 -1.489243 0.961232
Pedestrian -1 -1 -10 450.000000 167.000000 465.000000 213.000000 1.606208 0.604145 0.643908 -5.527434 1.091598 28.425967 -1.746807 0.950338
Pedestrian -1 -1 -10 677.000000 162.000000 706.000000 245.000000 1.729975 0.583563 0.713581 1.736379 1.487835 14.552951 0.670607 0.936049
Pedestrian -1 -1 -10 707.000000 167.000000 732.000000 234.000000 1.692000 0.601251 0.671304 2.944177 1.460352 17.589963 0.705750 0.841030
Pedestrian -1 -1 -10 668.000000 167.000000 695.000000 238.000000 1.634731 0.602164 0.586295 2.019380 1.500419 15.641190 1.118487 0.795724
Pedestrian -1 -1 -10 720.000000 160.000000 744.000000 226.000000 1.642689 0.586031 0.641357 3.220745 1.282142 17.876909 2.226317 0.658140
Pedestrian -1 -1 -10 751.000000 155.000000 775.000000 220.000000 1.622018 0.618478 0.659494 4.913120 1.110683 21.511607 -1.314593 0.476242
Pedestrian -1 -1 -10 98.000000 195.000000 146.000000 311.000000 1.758230 0.601828 0.672791 -1.626789 1.160709 2.156235 -2.182331 0.306695
Pedestrian -1 -1 -10 282.000000 164.000000 317.000000 259.000000 1.673046 0.598839 0.604941 -5.898343 1.125108 14.142006 -1.968177 0.285693
Pedestrian -1 -1 -10 700.000000 164.000000 719.000000 225.000000 1.683487 0.592353 0.649452 2.869264 1.330786 17.885051 0.717192 0.177243
Pedestrian -1 -1 -10 272.000000 158.000000 318.000000 333.000000 1.749316 0.596794 0.628552 -1.283303 1.132752 2.348940 -1.994089 0.150114
Pedestrian -1 -1 -10 238.000000 160.000000 341.000000 370.000000 1.723497 0.569921 0.745211 -1.774634 1.630386 3.972274 0.146128 0.086745
Pedestrian -1 -1 -10 250.000000 181.000000 299.000000 353.000000 1.760865 0.672332 0.802337 -4.697150 1.946953 8.600189 -2.025689 0.067387
Pedestrian -1 -1 -10 258.000000 181.000000 300.000000 267.000000 1.748290 0.592714 0.604445 -1.039884 1.182462 1.863177 -2.017580 0.065266
Pedestrian -1 -1 -10 628.000000 162.000000 653.000000 223.000000 1.630163 0.601351 0.686446 1.066077 1.299682 22.669862 -1.487935 0.064577
Car -1 -1 -10 553.000000 172.000000 589.000000 200.000000 1.505244 1.597669 3.689555 -1.766173 1.021127 41.054386 1.949042 0.998237
Cyclist -1 -1 -10 143.000000 205.000000 199.000000 288.000000 1.484618 1.579623 3.418138 -3.957859 1.596340 5.067142 1.099322 0.102469
Cyclist -1 -1 -10 892.000000 187.000000 1214.000000 366.000000 1.426332 1.584163 3.814883 2.738227 1.665917 4.925825 2.072765 0.099813
Cyclist -1 -1 -10 749.000000 156.000000 776.000000 221.000000 1.616296 0.593626 0.686217 4.918582 1.051614 21.426208 -1.322881 0.082461
Cyclist -1 -1 -10 279.000000 164.000000 315.000000 259.000000 1.780406 0.594208 0.662231 -1.350402 1.114414 2.429427 -1.990505 0.043129
Cyclist -1 -1 -10 102.000000 196.000000 159.000000 310.000000 1.826659 0.593838 0.684522 -3.359083 1.522806 3.949781 1.053986 0.027130
Cyclist -1 -1 -10 788.000000 171.000000 970.000000 357.000000 1.696911 0.608807 1.788497 2.323936 1.987589 5.066525 1.379638 0.026371
Cyclist -1 -1 -10 261.000000 167.000000 324.000000 304.000000 1.809899 0.590310 0.663159 -1.928361 1.249007 3.379527 1.231515 0.018098
Cyclist -1 -1 -10 119.000000 175.000000 338.000000 367.000000 1.678529 0.537337 1.698781 -1.979831 1.503280 4.205712 -2.021170 0.016651
Cyclist -1 -1 -10 289.000000 162.000000 378.000000 336.000000 1.613836 0.575298 0.677509 -1.634821 1.500007 4.254918 -1.888110 0.012021
