Pedestrian -1 -1 -10 457.000000 166.000000 500.000000 272.000000 1.732258 0.588717 0.771965 -2.065010 1.731752 11.182004 -1.693061 0.992002
Pedestrian -1 -1 -10 1055.000000 131.000000 1168.000000 303.000000 1.719382 0.585271 0.756562 5.457096 1.376922 7.478266 1.174891 0.986986
Pedestrian -1 -1 -10 1024.000000 140.000000 1123.000000 299.000000 1.705664 0.603299 0.762091 5.579094 1.477776 7.386494 1.150780 0.966557
Pedestrian -1 -1 -10 424.000000 171.000000 470.000000 278.000000 1.719389 0.602073 0.750080 -2.231457 1.730988 10.814699 -1.747166 0.651271
Pedestrian -1 -1 -10 1003.000000 148.000000 1029.000000 213.000000 1.812821 0.679545 0.869449 2.306021 1.350592 4.687493 2.114605 0.168934
Pedestrian -1 -1 -10 1019.000000 153.000000 1084.000000 232.000000 1.702256 0.593018 0.606830 11.469840 1.277513 17.311754 -1.013589 0.078556
Pedestrian -1 -1 -10 1008.000000 149.000000 1053.000000 218.000000 1.582750 0.718218 0.607412 5.015982 1.251914 9.748479 2.126966 0.068259
Pedestrian -1 -1 -10 1037.000000 154.000000 1082.000000 203.000000 1.463868 1.637835 3.786942 20.812308 1.221198 31.878790 1.612541 0.021252
Pedestrian -1 -1 -10 1037.000000 161.000000 1060.000000 222.000000 1.607924 0.596557 0.593877 20.920497 0.625974 32.943802 -0.977512 0.013737
Pedestrian -1 -1 -10 1075.000000 150.000000 1130.000000 213.000000 1.667039 0.595070 0.569511 17.098212 1.779843 23.471424 -0.958448 0.010915
Pedestrian -1 -1 -10 880.000000 153.000000 898.000000 195.000000 1.738376 0.604185 0.802764 13.239077 0.858893 33.094467 0.916601 0.010782
Car -1 -1 -10 0.000000 204.000000 293.000000 365.000000 1.495478 1.627744 3.821149 -3.196775 1.589901 3.679195 1.602263 0.975233
Car -1 -1 -10 446.000000 171.000000 485.000000 218.000000 1.433360 1.491040 3.471532 -7.463318 2.202317 36.005056 -1.765860 0.012065
Cyclist -1 -1 -10 1018.000000 143.000000 1132.000000 292.000000 1.652994 0.630929 0.677622 5.629855 1.355627 7.683629 -0.958604 0.311835
Cyclist -1 -1 -10 1011.000000 152.000000 1063.000000 217.000000 1.854032 0.675732 0.887390 1.819613 1.271403 3.837846 2.165955 0.152456
Cyclist -1 -1 -10 1000.000000 149.000000 1039.000000 214.000000 1.560438 1.399169 3.468225 8.562832 1.906070 16.389609 2.092961 0.071319
Cyclist -1 -1 -10 1037.000000 161.000000 1060.000000 222.000000 1.604338 0.586775 0.655624 20.851636 0.604087 32.776043 -0.992838 0.054993
Cyclist -1 -1 -10 1030.000000 156.000000 1075.000000 209.000000 1.485542 1.623404 3.926557 19.242918 1.292512 30.465179 2.176960 0.040505
Cyclist -1 -1 -10 1017.000000 156.000000 1111.000000 235.000000 1.682257 0.584205 0.632131 11.439217 1.218648 17.398277 -1.005613 0.038980
Cyclist -1 -1 -10 1027.000000 144.000000 1081.000000 282.000000 1.622347 0.612851 0.612542 5.553690 1.316454 8.203876 1.571910 0.025028
Cyclist -1 -1 -10 431.000000 172.000000 473.000000 280.000000 1.714097 0.586239 0.756325 -2.231463 1.663290 10.872035 -1.745018 0.023297
Cyclist -1 -1 -10 456.000000 167.000000 499.000000 274.000000 1.708483 0.570323 0.768837 -2.073104 1.657873 11.179702 -1.697890 0.015671
Cyclist -1 -1 -10 -7.000000 202.000000 291.000000 365.000000 1.694642 0.599933 0.757967 -2.737073 1.860079 3.108263 1.532343 0.010945
