Pedestrian -1 -1 -10 -1.000000 179.000000 59.000000 362.000000 1.638811 0.598750 0.624587 -4.228489 1.972392 5.101274 -2.236071 0.109111
Car -1 -1 -10 352.000000 174.000000 453.000000 223.000000 1.538438 1.657975 4.095670 -7.155810 1.674080 25.937481 0.752399 0.997418
Car -1 -1 -10 700.000000 183.000000 838.000000 260.000000 1.424480 1.539258 3.909319 3.469383 1.815490 15.293627 1.218413 0.986027
Car -1 -1 -10 402.000000 175.000000 506.000000 218.000000 1.555684 1.584205 4.055197 -6.192636 1.612986 28.376491 -2.982556 0.983259
Car -1 -1 -10 -4.000000 161.000000 348.000000 313.000000 1.582537 1.650344 3.995824 -5.726699 1.518635 9.941341 -3.261083 0.980222
Car -1 -1 -10 637.000000 176.000000 674.000000 203.000000 1.469497 1.656879 3.598532 2.645870 1.955877 42.115246 1.635494 0.638318
Car -1 -1 -10 156.000000 169.000000 370.000000 263.000000 1.442512 1.548394 3.749585 -5.594237 1.401674 13.539344 -2.042659 0.338463
Car -1 -1 -10 444.000000 176.000000 521.000000 211.000000 1.423694 1.546940 3.848669 -5.486234 1.661684 33.574483 1.880766 0.076456
Car -1 -1 -10 0.000000 173.000000 70.000000 360.000000 1.495246 1.620864 3.668173 -4.804036 1.798706 5.646833 -2.214067 0.028901
Car -1 -1 -10 652.000000 175.000000 683.000000 209.000000 1.495560 1.639917 3.582678 1.996797 1.126392 29.013989 1.650525 0.015517
Car -1 -1 -10 475.000000 177.000000 540.000000 203.000000 1.501216 1.632550 3.933684 -6.360739 1.629349 43.700589 -2.788632 0.010306
