Pedestrian -1 -1 -10 0.000000 201.000000 62.000000 368.000000 1.618698 0.606211 0.604668 -5.215259 2.477917 6.173098 -2.239188 0.058048
Pedestrian -1 -1 -10 765.000000 164.000000 775.000000 210.000000 1.683498 0.605719 0.617277 8.404467 1.369795 37.215763 1.251210 0.016348
Car -1 -1 -10 791.000000 176.000000 1104.000000 353.000000 1.475546 1.613789 4.010382 3.678044 1.615416 7.923755 1.486339 0.999343
Car -1 -1 -10 190.000000 189.000000 399.000000 285.000000 1.534391 1.614997 3.790490 -5.821632 1.920123 13.542684 1.696378 0.999119
Car -1 -1 -10 717.000000 176.000000 867.000000 268.000000 1.452011 1.582405 3.957510 3.696567 1.613592 13.414262 1.388548 0.998867
Car -1 -1 -10 680.000000 173.000000 752.000000 225.000000 1.441545 1.561727 3.822604 3.506430 1.443675 22.212488 -1.533698 0.995558
Car -1 -1 -10 431.000000 175.000000 494.000000 219.000000 1.500014 1.566663 3.734476 -5.793234 1.763507 28.297379 1.542552 0.989883
Car -1 -1 -10 663.000000 173.000000 719.000000 212.000000 1.476552 1.488474 3.692528 3.574286 1.554117 27.610949 1.114498 0.968308
Car -1 -1 -10 461.000000 176.000000 511.000000 211.000000 1.504141 1.583184 3.790477 -5.817710 1.839554 34.387282 1.804148 0.827055
Cyclist -1 -1 -10 0.000000 207.000000 57.000000 369.000000 1.639361 0.592866 0.623448 -5.265250 2.443285 6.194961 -2.235915 0.052478
Cyclist -1 -1 -10 765.000000 164.000000 775.000000 210.000000 1.812158 0.527813 1.766588 8.247893 1.369213 36.934594 1.788766 0.043728
Cyclist -1 -1 -10 756.000000 166.000000 780.000000 207.000000 1.501600 1.552940 3.789060 8.068935 1.331037 36.422056 1.313031 0.023310
