Car -1 -1 -10 668.000000 175.000000 736.000000 225.000000 1.451395 1.567047 3.822194 3.124421 1.565785 22.699368 -1.534893 0.999663
Car -1 -1 -10 735.000000 178.000000 926.000000 308.000000 1.461834 1.613984 3.965189 3.180285 1.642594 10.079831 1.431308 0.996271
Car -1 -1 -10 311.000000 174.000000 470.000000 228.000000 1.530323 1.559862 4.040247 -6.629499 1.520384 22.224919 -3.050768 0.992289
Car -1 -1 -10 -3.000000 148.000000 250.000000 351.000000 1.638542 1.611732 3.815763 -5.518216 1.524169 7.710116 1.461105 0.989402
Car -1 -1 -10 843.000000 201.000000 1237.000000 373.000000 1.452931 1.600952 3.948096 3.208500 1.554531 4.629326 1.584874 0.979810
Car -1 -1 -10 79.000000 167.000000 401.000000 279.000000 1.560474 1.577349 3.735809 -5.597378 1.561703 12.600551 1.635838 0.971438
Car -1 -1 -10 649.000000 169.000000 692.000000 207.000000 1.452515 1.600127 3.783715 2.986609 1.342903 33.315485 -1.512770 0.921975
Car -1 -1 -10 356.000000 169.000000 501.000000 216.000000 1.586487 1.612750 3.890568 -5.819273 1.354073 26.825264 -1.328114 0.660788
Car -1 -1 -10 206.000000 171.000000 416.000000 243.000000 1.544878 1.510801 3.499336 -6.393465 1.530776 18.654415 -1.930757 0.356749
Car -1 -1 -10 432.000000 173.000000 522.000000 207.000000 1.510970 1.621990 3.740919 -5.232118 1.360325 34.271817 -1.693675 0.206727
