Car -1 -1 -10 633.000000 178.000000 676.000000 211.000000 1.436328 1.595827 3.879423 2.204727 1.669935 33.624215 1.212210 0.998287
Car -1 -1 -10 164.000000 162.000000 386.000000 261.000000 1.629139 1.610999 3.989118 -6.743672 1.516459 15.373730 1.630968 0.993660
Car -1 -1 -10 985.000000 186.000000 1252.000000 357.000000 1.454609 1.559843 3.869892 5.816628 1.660294 6.881042 -0.274490 0.991721
Car -1 -1 -10 -7.000000 180.000000 296.000000 316.000000 1.507404 1.604596 3.840375 -5.897045 1.578601 9.032669 1.535236 0.990633
Car -1 -1 -10 374.000000 177.000000 498.000000 217.000000 1.456448 1.670884 4.329667 -6.855729 1.483834 29.992569 -2.924751 0.989690
Car -1 -1 -10 882.000000 185.000000 1141.000000 299.000000 1.483370 1.627525 4.024346 5.847120 1.613637 10.500954 1.577989 0.987695
Car -1 -1 -10 766.000000 182.000000 1008.000000 260.000000 1.432699 1.639814 4.072718 5.807437 1.698940 15.478043 -0.128101 0.983048
Car -1 -1 -10 740.000000 176.000000 896.000000 246.000000 1.505754 1.671435 4.104571 5.193965 1.609782 18.962586 1.451285 0.974504
Car -1 -1 -10 1110.000000 190.000000 1240.000000 376.000000 1.465210 1.592462 3.683846 5.312552 1.739478 5.416663 -0.904978 0.436985
Car -1 -1 -10 499.000000 175.000000 535.000000 203.000000 1.551365 1.613554 3.793300 -5.938350 1.739352 42.240175 -1.664746 0.070254
Cyclist -1 -1 -10 511.000000 172.000000 533.000000 222.000000 1.639512 0.584839 0.715768 -3.114488 1.954846 26.482141 -1.650482 0.952404
