Pedestrian -1 -1 -10 576.000000 177.000000 588.000000 202.000000 1.708603 0.590637 0.602729 -0.795210 1.480074 31.864055 -1.612297 0.030682
Car -1 -1 -10 582.000000 178.000000 623.000000 214.000000 1.524440 1.638048 3.860266 -0.242282 1.178248 33.672809 -1.578438 0.999679
Car -1 -1 -10 233.000000 185.000000 451.000000 318.000000 1.540575 1.649847 3.785105 -3.650184 1.511744 9.966327 -1.393221 0.999582
Car -1 -1 -10 469.000000 185.000000 537.000000 235.000000 1.516824 1.584356 3.729150 -3.320932 1.457251 22.265514 -1.572899 0.999213
Car -1 -1 -10 196.000000 185.000000 335.000000 258.000000 1.460814 1.605020 3.747839 -8.106714 1.497415 16.615496 -2.019162 0.989466
Car -1 -1 -10 105.000000 184.000000 235.000000 246.000000 1.523150 1.626572 3.773724 -11.534668 1.422438 18.206180 1.582262 0.921058
Car -1 -1 -10 -6.000000 175.000000 182.000000 333.000000 1.563433 1.621723 3.790293 -7.851388 1.602316 9.698580 -1.618156 0.593383
Car -1 -1 -10 372.000000 183.000000 434.000000 225.000000 1.515414 1.585649 3.785180 -7.528359 1.420237 25.693609 1.693545 0.254548
Car -1 -1 -10 432.000000 180.000000 483.000000 212.000000 1.514272 1.623109 3.901851 -7.846168 1.332467 35.912067 -1.725424 0.178774
Car -1 -1 -10 496.000000 184.000000 535.000000 212.000000 1.591864 1.582002 3.797618 -4.617722 1.427158 37.085873 1.466899 0.095736
Car -1 -1 -10 192.000000 184.000000 297.000000 226.000000 1.366506 1.546595 3.831697 -14.409997 1.109166 28.750013 0.598968 0.075253
Car -1 -1 -10 332.000000 183.000000 380.000000 211.000000 1.533019 1.636562 3.857120 -12.680704 1.191814 35.487904 -1.882188 0.073224
