Pedestrian -1 -1 -10 427.000000 168.000000 440.000000 204.000000 1.592175 0.595955 0.520620 -8.532827 1.183582 35.261107 -1.786285 0.234673
Pedestrian -1 -1 -10 458.000000 172.000000 518.000000 327.000000 1.743232 0.593045 0.776443 -1.219473 1.947527 7.608091 0.381797 0.030050
Car -1 -1 -10 635.000000 177.000000 671.000000 207.000000 1.458391 1.612755 3.876126 2.340465 1.914531 38.978507 1.593940 0.999501
Car -1 -1 -10 756.000000 198.000000 1059.000000 376.000000 1.449714 1.593191 3.923906 2.697525 1.657051 6.708679 -1.294604 0.999075
Car -1 -1 -10 381.000000 175.000000 502.000000 269.000000 1.504405 1.625025 3.874354 -2.912258 1.732049 14.294545 -1.721199 0.994088
Car -1 -1 -10 487.000000 181.000000 551.000000 235.000000 1.503290 1.616179 3.656359 -2.899389 1.857209 21.462927 -1.569012 0.982630
Car -1 -1 -10 0.000000 176.000000 205.000000 330.000000 1.489126 1.628513 3.866668 -6.507251 1.475900 8.429365 -2.194162 0.771328
Car -1 -1 -10 947.000000 214.000000 1240.000000 370.000000 1.473740 1.669441 3.564508 2.333410 1.420841 2.527853 -0.974747 0.308746
Car -1 -1 -10 440.000000 183.000000 516.000000 248.000000 1.492780 1.559915 3.534046 -3.639126 1.686210 18.563083 1.878485 0.063211
Car -1 -1 -10 441.000000 173.000000 522.000000 335.000000 1.530502 1.585515 3.566835 -1.479952 1.789627 8.415021 -1.700262 0.037781
Cyclist -1 -1 -10 442.000000 167.000000 519.000000 343.000000 1.737068 0.577942 0.782862 -1.228534 1.881751 7.651580 -1.692548 0.999384
Cyclist -1 -1 -10 379.000000 174.000000 502.000000 266.000000 1.502219 1.658907 3.883751 -2.863069 1.699988 13.678524 1.395467 0.288296
Cyclist -1 -1 -10 476.000000 179.000000 551.000000 237.000000 1.737479 0.530685 1.701718 -2.544327 2.040129 20.855103 -1.627813 0.024878
Cyclist -1 -1 -10 424.000000 167.000000 442.000000 207.000000 1.694588 0.562751 1.722246 -8.787311 1.124443 35.391423 -1.801073 0.011052
