Car -1 -1 -10 663.000000 188.000000 722.000000 232.000000 1.452418 1.586254 3.892152 3.104379 2.111087 25.650336 -1.574140 0.998291
Car -1 -1 -10 708.000000 191.000000 846.000000 284.000000 1.453156 1.597863 3.925098 3.187667 1.861939 13.335017 -1.525148 0.996572
Car -1 -1 -10 765.000000 204.000000 1048.000000 373.000000 1.478696 1.537624 3.864258 3.225472 1.914940 6.068478 1.395690 0.995291
Car -1 -1 -10 357.000000 186.000000 485.000000 234.000000 1.507718 1.549401 3.870113 -6.249962 2.060209 25.959685 -2.966069 0.993124
Car -1 -1 -10 216.000000 180.000000 421.000000 265.000000 1.493314 1.587163 3.721429 -5.477915 1.764354 15.619954 1.685306 0.989334
Car -1 -1 -10 -12.000000 171.000000 344.000000 322.000000 1.557279 1.613331 3.956879 -5.949796 1.668975 9.613212 -3.281556 0.980639
Car -1 -1 -10 903.000000 171.000000 1245.000000 373.000000 1.415265 1.596599 3.918248 3.112885 1.585216 2.672746 1.544000 0.944112
Car -1 -1 -10 645.000000 183.000000 686.000000 218.000000 1.482005 1.613812 3.803153 3.132131 2.060010 36.199856 -1.506001 0.710615
Car -1 -1 -10 91.000000 173.000000 398.000000 278.000000 1.529344 1.589008 3.813406 -5.637274 1.630819 12.500575 -1.479260 0.347287
Car -1 -1 -10 296.000000 183.000000 449.000000 243.000000 1.480204 1.515801 3.503834 -6.120577 1.936339 20.511526 -1.868039 0.293426
Car -1 -1 -10 399.000000 182.000000 516.000000 225.000000 1.643771 1.639070 3.941729 -5.588927 1.895476 30.017658 -1.314327 0.171075
Car -1 -1 -10 448.000000 186.000000 525.000000 220.000000 1.463914 1.521320 3.674450 -5.073477 2.508911 33.614778 1.888627 0.119953
