Car -1 -1 -10 559.000000 177.000000 602.000000 217.000000 1.528566 1.629411 3.894824 -1.168551 1.203465 32.034029 -1.611711 0.999368
Car -1 -1 -10 326.000000 188.000000 455.000000 273.000000 1.539132 1.589975 3.702885 -4.160157 1.589878 13.504759 -1.412835 0.998719
Car -1 -1 -10 -7.000000 183.000000 390.000000 374.000000 1.571500 1.631318 3.786912 -3.370697 1.515828 5.840766 -1.550933 0.997621
Car -1 -1 -10 0.000000 168.000000 47.000000 209.000000 1.537693 1.612339 3.811073 -25.722148 0.524772 30.919826 1.408547 0.203930
Car -1 -1 -10 192.000000 182.000000 367.000000 248.000000 1.368217 1.569890 3.635241 -11.417844 1.245222 25.372909 1.095505 0.106359
Car -1 -1 -10 268.000000 185.000000 350.000000 237.000000 1.499980 1.644220 3.631527 -12.569234 1.326807 27.406139 -1.958742 0.089289
Car -1 -1 -10 363.000000 155.000000 436.000000 232.000000 1.535445 1.628622 3.876697 -8.451844 0.845616 28.833502 -1.848940 0.030848
Car -1 -1 -10 27.000000 186.000000 166.000000 237.000000 1.459244 1.650228 3.885926 -16.661556 1.109530 22.056106 1.506528 0.014723
Car -1 -1 -10 416.000000 183.000000 458.000000 210.000000 1.483527 1.534722 3.555656 -8.987439 1.546961 38.270294 -1.756807 0.014439
Car -1 -1 -10 231.000000 186.000000 309.000000 248.000000 1.556762 1.590407 3.853155 -13.359096 1.123763 27.444609 1.158497 0.013925
Car -1 -1 -10 8.000000 189.000000 237.000000 299.000000 1.451682 1.627277 3.838692 -12.029612 1.613783 18.389733 0.426132 0.013362
