Car -1 -1 -10 767.000000 179.000000 973.000000 255.000000 1.479153 1.673485 3.951985 5.535204 1.691108 16.229741 -0.172341 0.999493
Car -1 -1 -10 640.000000 181.000000 684.000000 217.000000 1.411553 1.580237 3.790829 2.193114 1.827499 29.919126 1.521904 0.999307
Car -1 -1 -10 29.000000 172.000000 301.000000 311.000000 1.540023 1.636770 3.966100 -5.998344 1.570070 10.000726 -3.273810 0.996461
Car -1 -1 -10 -1.000000 190.000000 183.000000 369.000000 1.454868 1.623347 3.746199 -5.073805 1.913129 5.915263 1.440126 0.988721
Car -1 -1 -10 325.000000 178.000000 479.000000 228.000000 1.494157 1.558517 4.095242 -6.759160 1.598304 24.809184 -3.001695 0.988524
Car -1 -1 -10 204.000000 186.000000 399.000000 255.000000 1.464011 1.624627 3.868432 -6.106717 1.645285 16.064283 -1.922932 0.946976
Car -1 -1 -10 115.000000 181.000000 338.000000 278.000000 1.544765 1.661474 4.112808 -6.470343 1.627844 12.079279 -3.256338 0.743509
Car -1 -1 -10 1093.000000 181.000000 1239.000000 376.000000 1.465012 1.587568 3.678472 5.865050 1.697735 6.087024 -0.863860 0.705496
Car -1 -1 -10 444.000000 178.000000 525.000000 208.000000 1.435881 1.526563 3.683679 -6.098698 1.722194 37.603501 1.890887 0.416127
Car -1 -1 -10 383.000000 175.000000 494.000000 217.000000 1.474503 1.573845 3.952046 -6.867995 1.500984 29.711487 2.331859 0.306055
