Car -1 -1 -10 572.000000 173.000000 617.000000 213.000000 1.485061 1.636405 3.826732 -0.508818 1.028545 31.595695 -1.584714 0.999667
Car -1 -1 -10 81.000000 185.000000 357.000000 319.000000 1.568438 1.657712 3.803998 -5.401239 1.538001 10.094011 -1.501798 0.999282
Car -1 -1 -10 108.000000 182.000000 230.000000 236.000000 1.510940 1.624328 3.815591 -12.397610 1.150160 20.115638 0.957921 0.759160
Car -1 -1 -10 482.000000 171.000000 531.000000 208.000000 1.583349 1.596056 3.884628 -5.269343 0.964817 36.718224 -1.672655 0.500857
Car -1 -1 -10 264.000000 177.000000 344.000000 233.000000 1.485181 1.458707 3.472903 -8.924039 1.304193 22.167551 -1.968302 0.349455
Car -1 -1 -10 222.000000 180.000000 330.000000 244.000000 1.516909 1.648215 3.689236 -8.696363 0.944199 18.759165 1.137070 0.261128
Car -1 -1 -10 -5.000000 185.000000 126.000000 298.000000 1.517933 1.654580 3.784589 -8.867978 1.663207 10.436856 1.564484 0.183355
Car -1 -1 -10 221.000000 169.000000 302.000000 222.000000 1.518863 1.634692 3.614182 -16.118078 1.009992 31.822717 -1.987147 0.100724
Car -1 -1 -10 506.000000 173.000000 545.000000 200.000000 1.547528 1.597473 3.707957 -5.079914 0.908103 36.897506 -1.640996 0.053279
Car -1 -1 -10 309.000000 182.000000 394.000000 224.000000 1.513212 1.592870 3.766333 -9.010043 1.332542 25.495161 -1.795938 0.040734
