Car -1 -1 -10 577.000000 173.000000 656.000000 248.000000 1.477189 1.665115 3.810699 0.227721 1.351448 17.371856 -1.561439 0.999281
Car -1 -1 -10 422.000000 185.000000 495.000000 232.000000 1.531803 1.602335 3.730090 -4.754005 1.457714 22.738720 -1.632563 0.999256
Car -1 -1 -10 198.000000 181.000000 417.000000 315.000000 1.591864 1.665577 3.770860 -4.344268 1.571229 10.559229 -1.433994 0.998728
Car -1 -1 -10 -4.000000 189.000000 234.000000 289.000000 1.548026 1.656079 3.782488 -8.787808 1.644367 12.818010 -1.570292 0.997363
Car -1 -1 -10 477.000000 181.000000 528.000000 217.000000 1.477378 1.629828 3.896133 -4.779949 1.273380 30.709973 -1.684910 0.996080
Car -1 -1 -10 352.000000 182.000000 416.000000 221.000000 1.555075 1.589402 3.727541 -8.368148 1.317062 25.915484 1.726910 0.538416
Car -1 -1 -10 212.000000 184.000000 294.000000 222.000000 1.584236 1.659521 3.786800 -16.296891 1.377704 33.194038 0.660983 0.366347
Car -1 -1 -10 599.000000 169.000000 645.000000 214.000000 1.495560 1.639917 3.582678 0.618498 1.368273 29.745630 1.590925 0.174142
Car -1 -1 -10 86.000000 188.000000 207.000000 236.000000 1.550576 1.725714 3.766059 -19.208915 1.359601 31.983881 1.482937 0.096880
Car -1 -1 -10 209.000000 186.000000 378.000000 252.000000 1.462277 1.605907 3.779012 -12.016173 1.689130 21.729830 -1.959684 0.076086
Car -1 -1 -10 311.000000 186.000000 403.000000 228.000000 1.505079 1.637905 3.825015 -6.249155 1.848282 16.142474 -2.023936 0.039090
