Car -1 -1 -10 715.000000 187.000000 857.000000 285.000000 1.516303 1.600054 3.816346 3.107128 1.661327 12.480848 -1.434717 0.999131
Car -1 -1 -10 3.000000 192.000000 272.000000 331.000000 1.475770 1.623558 3.872855 -5.871599 1.724773 8.626982 0.426048 0.997825
Car -1 -1 -10 769.000000 173.000000 969.000000 244.000000 1.554256 1.689272 4.273242 6.447903 1.584511 18.063712 -2.362945 0.994285
Car -1 -1 -10 58.000000 184.000000 378.000000 287.000000 1.462851 1.545078 3.897332 -5.874216 1.632850 11.312161 0.429500 0.994151
Car -1 -1 -10 636.000000 176.000000 667.000000 202.000000 1.472291 1.632625 3.907745 2.773086 1.848182 46.189871 -1.536519 0.993488
Car -1 -1 -10 376.000000 176.000000 482.000000 225.000000 1.478151 1.550267 3.745602 -5.850998 1.607555 24.036393 -1.721404 0.975817
Car -1 -1 -10 708.000000 179.000000 817.000000 220.000000 1.450674 1.628413 3.948339 5.500711 1.639113 30.989819 1.766951 0.955428
Car -1 -1 -10 159.000000 179.000000 425.000000 261.000000 1.517006 1.611212 4.096629 -6.126297 1.618153 14.982621 0.520901 0.950082
Car -1 -1 -10 315.000000 177.000000 463.000000 234.000000 1.497699 1.567489 3.837414 -5.650534 1.628217 20.715928 1.692881 0.932745
Car -1 -1 -10 446.000000 177.000000 536.000000 207.000000 1.495409 1.620317 4.074478 -6.075740 1.514618 41.512589 0.796313 0.422316
Car -1 -1 -10 702.000000 175.000000 779.000000 210.000000 1.480106 1.620942 3.967968 5.439629 1.497727 31.561177 1.285950 0.358881
