Pedestrian -1 -1 -10 806.000000 153.000000 834.000000 241.000000 1.721866 0.615747 0.790338 4.686161 1.580341 15.676091 -1.245108 0.997129
Pedestrian -1 -1 -10 -2.000000 165.000000 135.000000 373.000000 1.685060 0.585213 0.739794 -3.009168 1.705342 3.952153 -2.169452 0.089750
Pedestrian -1 -1 -10 686.000000 168.000000 694.000000 195.000000 1.625691 0.602536 0.682656 5.216538 1.581056 45.786400 -1.429853 0.011559
Car -1 -1 -10 452.000000 181.000000 529.000000 227.000000 1.543771 1.622705 3.776078 -4.268134 1.837571 25.450701 1.794581 0.998396
Car -1 -1 -10 684.000000 175.000000 733.000000 216.000000 1.486335 1.557993 3.780668 3.960937 1.566608 26.421713 -1.444049 0.994178
Car -1 -1 -10 7.000000 197.000000 290.000000 369.000000 1.511801 1.548746 3.504901 -3.934229 1.697826 4.873754 -2.116949 0.933747
Car -1 -1 -10 701.000000 175.000000 736.000000 204.000000 1.495560 1.639917 3.582678 4.862343 1.712146 36.413459 1.720296 0.036372
Car -1 -1 -10 139.000000 198.000000 270.000000 253.000000 1.505227 1.605897 3.743879 -6.973341 2.084628 11.287567 1.492061 0.015610
Car -1 -1 -10 -2.000000 185.000000 162.000000 347.000000 1.424514 1.650391 3.556928 -2.657230 0.901677 3.005411 1.001755 0.013257
Cyclist -1 -1 -10 -2.000000 190.000000 207.000000 376.000000 1.690136 0.565866 0.758742 -3.091854 1.779099 3.931122 -2.136849 0.994416
Cyclist -1 -1 -10 -3.000000 161.000000 93.000000 376.000000 1.650786 0.587201 0.623583 -2.906417 1.375139 3.997824 -2.230441 0.058459
