Pedestrian -1 -1 -10 577.000000 158.000000 613.000000 269.000000 1.719175 0.604264 0.767131 -0.135922 1.587289 11.458090 -1.539986 0.997924
Pedestrian -1 -1 -10 866.000000 163.000000 976.000000 373.000000 1.675980 0.609476 0.736067 2.199028 1.643210 5.063956 -1.114636 0.997452
Pedestrian -1 -1 -10 496.000000 161.000000 543.000000 300.000000 1.681877 0.604011 0.723674 -1.101226 1.671714 9.059955 -1.650498 0.995854
Pedestrian -1 -1 -10 716.000000 162.000000 762.000000 292.000000 1.687837 0.603022 0.743503 1.817510 1.630013 9.653957 -1.342719 0.994754
Pedestrian -1 -1 -10 641.000000 163.000000 694.000000 321.000000 1.750135 0.583543 0.725117 0.638488 1.698116 7.630964 0.640249 0.993717
Pedestrian -1 -1 -10 809.000000 160.000000 877.000000 344.000000 1.644815 0.597228 0.634067 2.159314 1.666992 6.089946 0.892581 0.993438
Pedestrian -1 -1 -10 662.000000 166.000000 704.000000 302.000000 1.784194 0.569201 0.678490 0.716161 1.725569 8.155883 0.675493 0.887554
Pedestrian -1 -1 -10 557.000000 160.000000 577.000000 215.000000 1.689936 0.603862 0.746755 -1.151995 1.231455 23.954405 -1.580448 0.862954
Pedestrian -1 -1 -10 622.000000 161.000000 656.000000 262.000000 1.707836 0.604601 0.642075 0.651217 1.450604 11.732360 -1.526370 0.809596
Pedestrian -1 -1 -10 627.000000 165.000000 678.000000 278.000000 1.695465 0.572804 0.707886 0.601201 1.561210 7.679076 -1.448739 0.470180
Pedestrian -1 -1 -10 357.000000 155.000000 400.000000 254.000000 1.696926 0.616302 0.767836 -4.365592 1.440855 13.697952 -1.841334 0.468827
Pedestrian -1 -1 -10 483.000000 169.000000 537.000000 251.000000 1.660537 0.626175 0.566027 -1.739535 1.675637 15.691007 -1.660930 0.342005
Pedestrian -1 -1 -10 479.000000 165.000000 491.000000 193.000000 1.670462 0.634758 0.522371 -5.274760 0.617348 31.886990 -1.705246 0.268587
Pedestrian -1 -1 -10 502.000000 166.000000 526.000000 235.000000 1.848472 0.619827 0.688677 -1.224306 1.583466 5.035018 1.521952 0.211274
Pedestrian -1 -1 -10 871.000000 170.000000 944.000000 304.000000 1.629082 0.596882 0.665497 2.168839 1.496121 5.073738 -1.144300 0.078078
Pedestrian -1 -1 -10 823.000000 168.000000 863.000000 297.000000 1.654859 0.598297 0.704904 2.186670 1.562340 6.581904 -1.212676 0.068653
Pedestrian -1 -1 -10 527.000000 161.000000 537.000000 201.000000 1.597083 1.023030 3.082098 -3.220037 2.967167 20.526048 1.323208 0.047831
Car -1 -1 -10 463.000000 171.000000 546.000000 237.000000 1.557938 1.635448 3.757125 -2.641634 1.339821 19.270378 1.844952 0.954993
Car -1 -1 -10 489.000000 172.000000 520.000000 237.000000 1.474576 1.595358 3.799135 -2.611463 1.403267 19.031626 -1.637172 0.024544
Car -1 -1 -10 491.000000 168.000000 546.000000 286.000000 1.521423 1.585286 3.694242 -1.379557 1.491653 10.023000 -1.658470 0.020418
Cyclist -1 -1 -10 483.000000 168.000000 544.000000 253.000000 1.601162 0.593627 0.581066 -1.409239 1.235750 13.335084 -1.679148 0.356755
Cyclist -1 -1 -10 352.000000 158.000000 406.000000 254.000000 1.732329 0.629434 0.750181 -4.338700 1.459698 13.682565 -1.871861 0.169036
Cyclist -1 -1 -10 8.000000 214.000000 273.000000 374.000000 1.737599 0.496919 1.688467 -2.723302 1.800428 4.903418 -2.114907 0.030503
Cyclist -1 -1 -10 504.000000 167.000000 530.000000 227.000000 1.752812 0.579793 0.644045 -5.073557 0.824015 39.266255 -1.703389 0.022460
Cyclist -1 -1 -10 659.000000 165.000000 702.000000 296.000000 1.751055 0.567992 0.679845 0.708083 1.657981 8.135991 -1.017670 0.021036
Cyclist -1 -1 -10 871.000000 170.000000 944.000000 304.000000 1.634099 0.592756 0.675103 2.174596 1.444953 5.125086 -1.143425 0.016440
Cyclist -1 -1 -10 493.000000 169.000000 522.000000 239.000000 1.451763 1.629191 3.818465 -2.464777 1.323494 18.494387 -1.646045 0.014081
Cyclist -1 -1 -10 514.000000 167.000000 541.000000 226.000000 1.633455 0.577785 0.591867 -1.806572 1.190138 21.981107 -1.662381 0.013532
