Pedestrian -1 -1 -10 795.000000 150.000000 822.000000 236.000000 1.719946 0.609136 0.781373 4.613784 1.512669 16.468352 -1.257633 0.994552
Pedestrian -1 -1 -10 113.000000 170.000000 282.000000 369.000000 1.699922 0.592970 0.762507 -3.084091 1.861854 5.448314 -2.039443 0.040789
Pedestrian -1 -1 -10 177.000000 173.000000 230.000000 338.000000 1.652473 0.596657 0.709827 -2.925374 1.721416 5.396160 -2.045802 0.021708
Car -1 -1 -10 457.000000 180.000000 531.000000 223.000000 1.535210 1.607906 3.776918 -4.317356 1.794745 26.366974 1.775170 0.998295
Car -1 -1 -10 680.000000 174.000000 725.000000 212.000000 1.485019 1.595410 3.824104 3.615806 1.481468 27.977444 -1.454245 0.988637
Car -1 -1 -10 -2.000000 187.000000 328.000000 366.000000 1.479685 1.561215 3.710137 -3.907204 1.774114 6.797341 -1.529115 0.963444
Car -1 -1 -10 696.000000 173.000000 730.000000 202.000000 1.500313 1.603582 3.785817 5.628118 1.596029 37.582632 -1.398158 0.029675
Car -1 -1 -10 2.000000 154.000000 148.000000 287.000000 1.597300 1.619077 3.758898 -8.247479 1.299561 10.258914 -1.653901 0.010452
Cyclist -1 -1 -10 55.000000 179.000000 304.000000 372.000000 1.639060 0.637724 1.776684 -3.030281 1.892744 5.670164 -1.576513 0.996173
Cyclist -1 -1 -10 138.000000 174.000000 262.000000 354.000000 1.705266 0.607906 0.774962 -3.120605 1.766937 5.559193 -2.050604 0.041366
