Pedestrian -1 -1 -10 490.000000 177.000000 524.000000 239.000000 1.669195 0.598372 0.734550 -2.552826 1.696059 18.835473 -1.667630 0.850059
Pedestrian -1 -1 -10 860.000000 224.000000 946.000000 369.000000 1.879267 0.594511 0.783649 0.972151 1.667578 3.354025 -1.198595 0.807042
Pedestrian -1 -1 -10 1014.000000 222.000000 1129.000000 373.000000 1.846964 0.599298 0.727052 1.461284 1.351939 2.706401 -1.016209 0.759441
Pedestrian -1 -1 -10 945.000000 224.000000 1057.000000 369.000000 1.889550 0.640814 0.758713 2.816350 2.145654 7.111325 2.134513 0.682769
Pedestrian -1 -1 -10 951.000000 222.000000 1206.000000 370.000000 1.835709 0.610996 0.714163 1.275019 1.294486 2.328492 -0.994553 0.524495
Pedestrian -1 -1 -10 937.000000 213.000000 1006.000000 299.000000 1.784403 0.600854 0.646334 1.044260 1.172913 2.764929 -1.112045 0.377670
Pedestrian -1 -1 -10 1065.000000 234.000000 1191.000000 367.000000 1.824060 0.610184 0.677537 2.479455 1.659726 4.412489 2.274842 0.133165
Pedestrian -1 -1 -10 901.000000 209.000000 1018.000000 367.000000 1.592896 0.596983 0.601651 2.706997 1.920453 4.601409 -1.090005 0.123858
Car -1 -1 -10 999.000000 224.000000 1202.000000 371.000000 1.430758 1.631383 3.520136 2.128865 0.967602 3.806409 2.244031 0.014337
Cyclist -1 -1 -10 1007.000000 222.000000 1128.000000 373.000000 1.784278 0.590544 0.655916 1.354506 1.118023 2.684689 2.210111 0.561153
Cyclist -1 -1 -10 936.000000 223.000000 1207.000000 370.000000 1.705971 0.575725 0.626293 2.447091 1.950024 3.194652 -1.005367 0.195060
Cyclist -1 -1 -10 270.000000 176.000000 391.000000 368.000000 1.668524 0.565058 0.744608 -2.267986 1.787433 4.926162 -1.885500 0.168018
Cyclist -1 -1 -10 940.000000 216.000000 1051.000000 370.000000 1.864258 0.588335 0.733374 1.130141 1.270165 2.744210 2.138114 0.068910
Cyclist -1 -1 -10 1065.000000 234.000000 1191.000000 367.000000 1.855782 0.592070 0.732756 1.394049 1.245228 2.403456 2.280116 0.015427
Cyclist -1 -1 -10 945.000000 212.000000 1014.000000 291.000000 1.495800 1.590276 3.411906 2.849020 1.877284 7.534975 2.128493 0.011719
Cyclist -1 -1 -10 1015.000000 221.000000 1074.000000 353.000000 1.807313 0.593324 0.664877 1.263634 1.132257 2.771183 2.197622 0.011582
