Car -1 -1 -10 725.000000 178.000000 851.000000 264.000000 1.462275 1.579294 3.893365 3.687012 1.688996 14.634556 1.360279 0.999387
Car -1 -1 -10 350.000000 183.000000 458.000000 244.000000 1.559370 1.573801 3.716770 -5.678820 1.995714 19.624446 1.728980 0.998524
Car -1 -1 -10 69.000000 193.000000 326.000000 322.000000 1.500448 1.621226 3.721927 -5.992732 1.900165 10.543151 1.543391 0.997941
Car -1 -1 -10 686.000000 177.000000 774.000000 235.000000 1.430739 1.544787 3.823385 3.805046 1.753565 20.012413 -1.464231 0.993030
Car -1 -1 -10 875.000000 174.000000 1233.000000 377.000000 1.428788 1.605056 4.011764 3.445775 1.639321 4.023109 1.512758 0.984611
Car -1 -1 -10 664.000000 174.000000 719.000000 214.000000 1.422180 1.562610 3.808233 3.532006 1.495946 28.525440 -1.545567 0.983733
Car -1 -1 -10 469.000000 176.000000 515.000000 209.000000 1.473693 1.580274 3.750321 -5.816345 1.698296 34.834132 1.563374 0.919287
Car -1 -1 -10 7.000000 212.000000 129.000000 370.000000 1.493644 1.618241 3.785611 -5.882237 1.954772 6.350651 -2.889042 0.616175
Car -1 -1 -10 93.000000 184.000000 231.000000 236.000000 1.424819 1.462207 3.721106 -14.827382 1.811097 23.358478 0.439928 0.197180
Car -1 -1 -10 85.000000 185.000000 289.000000 266.000000 1.466553 1.561036 3.597729 -10.510341 1.647022 14.586044 -2.095884 0.045488
Car -1 -1 -10 486.000000 177.000000 526.000000 204.000000 1.515830 1.590339 3.699079 -5.689978 1.631010 36.256696 -1.605186 0.035384
