Pedestrian -1 -1 -10 836.000000 141.000000 911.000000 314.000000 1.728586 0.589595 0.762541 2.940056 1.522166 7.739185 -1.146828 0.992631
Pedestrian -1 -1 -10 296.000000 166.000000 350.000000 275.000000 1.692493 0.600096 0.748435 -4.576295 1.711091 11.375702 -1.905595 0.987459
Pedestrian -1 -1 -10 808.000000 153.000000 860.000000 309.000000 1.664594 0.596054 0.730324 2.815645 1.587510 7.924849 0.862757 0.978241
Pedestrian -1 -1 -10 267.000000 169.000000 309.000000 278.000000 1.724133 0.585615 0.754073 -4.917547 1.758871 10.779998 0.122274 0.954990
Pedestrian -1 -1 -10 1003.000000 150.000000 1025.000000 214.000000 1.813853 0.676862 0.868284 2.326248 1.346667 4.720596 2.111195 0.270296
Pedestrian -1 -1 -10 857.000000 150.000000 882.000000 204.000000 1.680093 0.586977 0.539024 12.853391 1.847888 32.888098 -1.203647 0.070482
Pedestrian -1 -1 -10 846.000000 153.000000 900.000000 205.000000 1.841129 0.611011 0.685381 0.964348 1.346648 3.787426 1.990527 0.058053
Pedestrian -1 -1 -10 284.000000 172.000000 320.000000 254.000000 1.655778 0.613353 0.708688 -6.152805 1.794515 14.277340 -1.945816 0.029977
Pedestrian -1 -1 -10 377.000000 166.000000 385.000000 195.000000 1.645020 0.602530 0.706912 -20.712791 1.406706 65.574103 -1.838262 0.024725
Pedestrian -1 -1 -10 -5.000000 201.000000 299.000000 365.000000 1.681864 0.586328 0.731895 -2.752014 1.889852 3.148781 1.511649 0.012301
Car -1 -1 -10 448.000000 173.000000 481.000000 198.000000 1.468017 1.572476 3.806673 -8.627745 1.182472 44.080802 -1.753307 0.996825
Car -1 -1 -10 728.000000 167.000000 821.000000 200.000000 1.523919 1.636960 3.801920 8.291363 0.850020 34.383765 -0.314350 0.972985
Car -1 -1 -10 3.000000 200.000000 285.000000 367.000000 1.508599 1.601807 3.840418 -3.206245 1.593373 3.456696 1.597936 0.966148
Cyclist -1 -1 -10 836.000000 145.000000 912.000000 317.000000 1.700370 0.599129 0.757951 2.943254 1.466994 7.761577 -1.164968 0.257662
Cyclist -1 -1 -10 859.000000 152.000000 902.000000 199.000000 1.655412 0.588975 0.618199 12.982983 1.403544 32.812580 -1.177655 0.157300
Cyclist -1 -1 -10 -13.000000 200.000000 288.000000 364.000000 1.665904 0.585900 0.736707 -2.746547 1.810719 3.195314 1.503161 0.016779
Cyclist -1 -1 -10 862.000000 147.000000 883.000000 203.000000 1.523206 1.501545 3.650188 5.796285 2.486419 18.451863 1.943766 0.015355
Cyclist -1 -1 -10 847.000000 162.000000 889.000000 201.000000 1.852965 0.607294 0.709655 0.845857 1.272353 3.713386 1.990890 0.014791
Cyclist -1 -1 -10 807.000000 153.000000 862.000000 309.000000 1.655506 0.607583 0.723598 2.798150 1.528216 7.912230 -1.218570 0.011063
