Pedestrian -1 -1 -10 472.000000 175.000000 489.000000 217.000000 1.653009 0.596650 0.706365 -5.235603 2.016433 29.320836 -1.710290 0.029256
Pedestrian -1 -1 -10 131.000000 197.000000 156.000000 262.000000 1.603282 0.598784 0.594365 -10.664878 2.439087 16.582910 -2.111800 0.010371
Car -1 -1 -10 643.000000 175.000000 710.000000 224.000000 1.459665 1.562981 3.835236 2.301855 1.550126 23.154459 -1.599400 0.997316
Car -1 -1 -10 700.000000 172.000000 835.000000 261.000000 1.449495 1.550296 3.884025 3.264950 1.649658 14.494745 1.265738 0.980464
Car -1 -1 -10 750.000000 148.000000 970.000000 325.000000 1.541535 1.589680 4.057170 3.228050 1.410407 8.414603 1.431090 0.969985
Car -1 -1 -10 414.000000 181.000000 465.000000 228.000000 1.492583 1.603152 3.802145 -6.014587 1.871165 25.629824 -1.797625 0.961804
Car -1 -1 -10 565.000000 176.000000 602.000000 206.000000 1.461273 1.582371 3.827273 -1.402142 1.774331 41.847099 -1.698153 0.928807
Car -1 -1 -10 606.000000 177.000000 672.000000 213.000000 1.446217 1.546309 3.867442 1.264836 1.505656 30.207673 -1.662700 0.478210
Car -1 -1 -10 720.000000 161.000000 902.000000 283.000000 1.498906 1.570602 4.046153 3.327079 1.671858 12.867987 1.325502 0.110578
Car -1 -1 -10 1.000000 187.000000 43.000000 278.000000 1.461324 1.614270 3.679796 -14.677539 2.456531 17.068939 -2.898184 0.094874
Car -1 -1 -10 441.000000 179.000000 471.000000 204.000000 1.495560 1.639917 3.582678 -8.832873 2.166303 46.020289 1.360819 0.038822
Car -1 -1 -10 944.000000 163.000000 1232.000000 372.000000 1.457152 1.548959 3.730809 2.918723 1.295093 2.864650 1.556630 0.032043
Cyclist -1 -1 -10 471.000000 175.000000 491.000000 217.000000 1.644477 0.587350 0.714612 -5.234344 1.976414 29.360302 -1.713036 0.696589
Cyclist -1 -1 -10 492.000000 175.000000 510.000000 216.000000 1.637453 0.600496 0.706602 -4.620712 1.867603 31.200761 -1.696964 0.648355
