Car -1 -1 -10 294.000000 189.000000 455.000000 305.000000 1.473955 1.593527 3.695711 -3.708125 1.865736 11.463890 1.698611 0.999173
Car -1 -1 -10 783.000000 187.000000 1043.000000 344.000000 1.461555 1.617924 3.975042 3.630288 1.713244 8.012721 1.481653 0.998353
Car -1 -1 -10 704.000000 170.000000 833.000000 270.000000 1.531544 1.582231 3.970976 3.155184 1.520262 14.272179 1.301656 0.997635
Car -1 -1 -10 652.000000 176.000000 711.000000 222.000000 1.449962 1.585710 4.000938 2.983909 1.706179 26.246768 -1.621185 0.994244
Car -1 -1 -10 454.000000 167.000000 532.000000 233.000000 1.588120 1.594664 3.817286 -3.756432 1.593522 22.884032 -1.610744 0.992953
Car -1 -1 -10 924.000000 212.000000 1244.000000 374.000000 1.517878 1.680138 3.659677 3.603781 1.753280 3.632426 -0.971292 0.984882
Car -1 -1 -10 1.000000 199.000000 334.000000 375.000000 1.489226 1.616708 3.717245 -3.386571 1.737035 4.520165 1.531425 0.982981
Car -1 -1 -10 525.000000 174.000000 556.000000 200.000000 1.474394 1.599053 3.818786 -4.541842 1.736052 44.397231 -1.647193 0.966823
Car -1 -1 -10 676.000000 175.000000 766.000000 238.000000 1.475873 1.622616 3.849465 3.309474 1.315250 22.288396 -1.440966 0.922901
Car -1 -1 -10 646.000000 175.000000 686.000000 212.000000 1.443050 1.557571 3.781608 2.970925 1.602371 32.229365 -1.589180 0.549376
Car -1 -1 -10 626.000000 173.000000 659.000000 200.000000 1.451262 1.573498 3.821066 2.359043 1.770998 41.392195 1.060138 0.154169
