Car -1 -1 -10 690.000000 188.000000 775.000000 250.000000 1.448892 1.578605 3.840528 3.404768 1.845165 18.944415 -1.514187 0.996201
Car -1 -1 -10 30.000000 184.000000 370.000000 298.000000 1.480767 1.620010 4.049546 -5.908589 1.705662 10.574981 -3.218258 0.995376
Car -1 -1 -10 268.000000 181.000000 453.000000 254.000000 1.525533 1.581695 3.923858 -5.686313 1.773990 17.449881 0.663611 0.983307
Car -1 -1 -10 360.000000 178.000000 512.000000 227.000000 1.477366 1.629279 3.822067 -5.477175 1.843459 26.164109 1.936915 0.912541
Car -1 -1 -10 839.000000 183.000000 1237.000000 371.000000 1.453940 1.622866 4.145962 3.388848 1.448112 4.917757 1.550046 0.875657
Car -1 -1 -10 742.000000 187.000000 854.000000 227.000000 1.490205 1.699030 4.186551 6.990929 1.869967 26.753371 -2.413971 0.866285
Car -1 -1 -10 168.000000 187.000000 413.000000 264.000000 1.521012 1.584905 3.905610 -5.797360 1.614502 14.596189 -3.102523 0.806389
Car -1 -1 -10 465.000000 181.000000 540.000000 207.000000 1.553937 1.622928 3.975633 -5.837713 1.757635 43.461634 -1.695777 0.715021
Car -1 -1 -10 422.000000 181.000000 521.000000 214.000000 1.472599 1.574071 3.764079 -6.330371 1.644879 34.758479 1.865947 0.156019
Car -1 -1 -10 699.000000 181.000000 810.000000 224.000000 1.478474 1.637651 3.949267 6.204234 1.743365 27.186970 1.238926 0.037755
