Pedestrian -1 -1 -10 778.000000 188.000000 800.000000 248.000000 1.620258 0.591325 0.612014 4.379573 2.049779 16.957207 -1.281485 0.805725
Pedestrian -1 -1 -10 808.000000 182.000000 843.000000 236.000000 1.641922 0.596618 0.587905 5.519456 1.498524 18.120439 -1.284884 0.055968
Pedestrian -1 -1 -10 786.000000 185.000000 841.000000 249.000000 1.655542 0.617383 0.625509 4.711101 1.959608 16.911539 -1.290555 0.014485
Car -1 -1 -10 474.000000 189.000000 544.000000 244.000000 1.492420 1.580892 3.687778 -2.943239 2.022740 20.855181 1.869038 0.999669
Car -1 -1 -10 541.000000 184.000000 574.000000 209.000000 1.597428 1.610172 3.897987 -3.401343 2.487134 44.910277 1.492375 0.999149
Car -1 -1 -10 663.000000 181.000000 736.000000 241.000000 1.490782 1.581582 3.851969 2.751907 1.842783 21.252399 -1.548237 0.998917
Car -1 -1 -10 782.000000 183.000000 1064.000000 377.000000 1.479473 1.640213 4.069709 2.881599 1.616322 6.623814 1.532006 0.996994
Car -1 -1 -10 -4.000000 193.000000 438.000000 378.000000 1.489524 1.613873 3.787512 -2.886733 1.800601 5.465180 1.567106 0.993812
Car -1 -1 -10 649.000000 179.000000 703.000000 229.000000 1.445676 1.512940 3.703117 2.523257 2.078877 24.544080 -1.538136 0.940760
Car -1 -1 -10 959.000000 237.000000 1240.000000 376.000000 1.523300 1.628255 3.463671 2.700908 1.415951 5.104882 2.293462 0.758788
Car -1 -1 -10 636.000000 176.000000 666.000000 211.000000 1.432183 1.656099 3.521439 1.862053 2.531047 40.718520 1.654175 0.501819
Car -1 -1 -10 630.000000 178.000000 654.000000 206.000000 1.535615 1.612400 3.661246 2.134123 2.055215 44.130454 -1.502303 0.024228
Cyclist -1 -1 -10 778.000000 189.000000 802.000000 251.000000 1.622954 0.589558 0.619617 4.383308 2.000227 16.989493 -1.285604 0.479662
Cyclist -1 -1 -10 805.000000 182.000000 847.000000 235.000000 1.661331 0.576347 0.614085 5.531699 1.418144 18.165388 -1.291887 0.322005
Cyclist -1 -1 -10 829.000000 186.000000 849.000000 229.000000 1.651506 0.708488 0.732647 2.516265 1.807472 11.090359 1.871514 0.039455
Cyclist -1 -1 -10 779.000000 187.000000 827.000000 247.000000 1.620760 0.587039 0.616123 4.399749 1.950929 17.111120 -1.264692 0.029732
Cyclist -1 -1 -10 793.000000 189.000000 813.000000 248.000000 1.636098 0.580796 0.597296 5.071898 1.673668 18.593985 -1.315603 0.011367
