Car -1 -1 -10 634.000000 181.000000 675.000000 214.000000 1.512411 1.626140 3.913541 2.319652 2.065079 35.285041 -1.542805 0.998165
Car -1 -1 -10 756.000000 185.000000 965.000000 254.000000 1.452209 1.589892 3.983933 5.630433 1.829320 17.768477 1.403520 0.991849
Car -1 -1 -10 8.000000 189.000000 296.000000 327.000000 1.478714 1.606148 3.798873 -6.252212 1.768897 9.181238 -3.246351 0.991025
Car -1 -1 -10 987.000000 183.000000 1240.000000 349.000000 1.508688 1.606397 3.937135 5.781363 1.606926 7.699186 -1.011549 0.988167
Car -1 -1 -10 218.000000 172.000000 427.000000 255.000000 1.582962 1.571792 3.989403 -6.639459 1.675995 17.482000 -3.087537 0.984686
Car -1 -1 -10 835.000000 186.000000 1061.000000 281.000000 1.476016 1.625008 4.062110 5.772857 1.727914 13.144854 1.572362 0.980082
Car -1 -1 -10 891.000000 188.000000 1190.000000 304.000000 1.465736 1.618580 4.117008 5.620168 1.626965 8.073639 1.522550 0.978031
Car -1 -1 -10 736.000000 180.000000 878.000000 243.000000 1.510683 1.672043 4.104034 5.136853 1.689389 20.643645 1.421987 0.967487
Car -1 -1 -10 382.000000 182.000000 509.000000 219.000000 1.456825 1.651995 4.067401 -6.560093 1.681246 31.858851 0.763291 0.934122
Car -1 -1 -10 50.000000 183.000000 371.000000 276.000000 1.521517 1.625720 3.949788 -6.252163 1.645767 11.971736 -3.189443 0.840678
Car -1 -1 -10 1.000000 196.000000 133.000000 364.000000 1.487881 1.619195 3.707465 -5.945134 1.753107 6.641708 1.517088 0.239368
Cyclist -1 -1 -10 520.000000 180.000000 543.000000 221.000000 1.626192 0.593210 0.712675 -3.008227 2.156677 29.291878 -1.643112 0.189516
