Pedestrian -1 -1 -10 713.000000 163.000000 751.000000 259.000000 1.712690 0.610688 0.777182 2.472985 1.610762 13.264319 -1.343766 0.995002
Pedestrian -1 -1 -10 675.000000 165.000000 709.000000 259.000000 1.707084 0.604329 0.758356 1.654641 1.635409 13.136983 -1.402025 0.994249
Pedestrian -1 -1 -10 422.000000 167.000000 460.000000 265.000000 1.691423 0.611084 0.752397 -2.922687 1.657895 12.891677 -1.750311 0.989231
Pedestrian -1 -1 -10 524.000000 171.000000 542.000000 214.000000 1.663800 0.614545 0.708701 -2.720241 1.595842 28.976416 -1.624833 0.232533
Pedestrian -1 -1 -10 199.000000 197.000000 218.000000 255.000000 1.647357 0.583680 0.548849 -10.676973 1.861951 19.918603 -2.053440 0.093850
Pedestrian -1 -1 -10 984.000000 244.000000 1084.000000 373.000000 1.790687 0.603535 0.664993 1.312154 1.170573 2.662886 -1.053191 0.024667
Pedestrian -1 -1 -10 728.000000 166.000000 766.000000 234.000000 1.614589 0.596976 0.596017 3.802926 1.741508 17.245326 -1.360490 0.024373
Pedestrian -1 -1 -10 746.000000 164.000000 768.000000 210.000000 1.644702 0.631109 0.585538 5.858323 1.171741 26.236647 -1.311113 0.013207
Pedestrian -1 -1 -10 618.000000 172.000000 634.000000 211.000000 1.631400 0.600834 0.684271 0.911734 1.454798 28.362990 -1.506579 0.011410
Pedestrian -1 -1 -10 575.000000 168.000000 599.000000 224.000000 1.703663 0.582871 0.753013 -0.449532 1.561718 21.481958 0.530604 0.011037
Pedestrian -1 -1 -10 568.000000 168.000000 583.000000 207.000000 1.653848 0.603823 0.714791 -0.844493 1.323664 29.411075 -1.563602 0.010829
Cyclist -1 -1 -10 571.000000 166.000000 602.000000 228.000000 1.708006 0.567856 0.756477 -0.454532 1.521006 21.513978 -1.536998 0.997466
Cyclist -1 -1 -10 523.000000 171.000000 544.000000 214.000000 1.668267 0.610014 0.720665 -2.713594 1.551348 29.025455 -1.633389 0.906152
Cyclist -1 -1 -10 710.000000 164.000000 760.000000 248.000000 1.677858 0.599173 0.753202 2.460840 1.496256 13.240109 -1.354508 0.661968
Cyclist -1 -1 -10 861.000000 184.000000 988.000000 370.000000 1.645151 0.588496 0.660326 2.495027 1.836573 4.761761 -1.106028 0.571820
Cyclist -1 -1 -10 615.000000 171.000000 637.000000 212.000000 1.612163 0.595256 0.692484 0.920701 1.417815 28.359748 -1.511213 0.451299
Cyclist -1 -1 -10 730.000000 167.000000 782.000000 235.000000 1.595344 0.584699 0.628641 3.848192 1.698470 17.380705 -1.339136 0.411657
Cyclist -1 -1 -10 568.000000 168.000000 589.000000 211.000000 1.662163 0.599203 0.733911 -0.847816 1.303545 29.434927 -1.565097 0.189098
Cyclist -1 -1 -10 736.000000 165.000000 757.000000 227.000000 1.654354 0.582886 0.624836 4.977972 1.168284 25.298872 -1.375879 0.039421
Cyclist -1 -1 -10 422.000000 170.000000 461.000000 266.000000 1.682217 0.603452 0.765174 -2.923481 1.625943 12.903808 -1.758124 0.021380
Cyclist -1 -1 -10 749.000000 163.000000 776.000000 214.000000 1.658538 0.670661 0.610545 6.209319 1.164360 25.776141 1.242720 0.020779
