Pedestrian -1 -1 -10 724.000000 135.000000 780.000000 288.000000 1.686814 0.610301 0.740983 1.882898 1.334475 8.770461 -1.326340 0.998729
Pedestrian -1 -1 -10 650.000000 141.000000 718.000000 295.000000 1.685823 0.611167 0.733877 0.995130 1.406363 8.557624 -1.419356 0.998462
Pedestrian -1 -1 -10 572.000000 139.000000 618.000000 249.000000 1.728853 0.591487 0.679595 -0.151066 1.261067 12.435475 0.532441 0.997069
Pedestrian -1 -1 -10 610.000000 142.000000 649.000000 248.000000 1.639979 0.614278 0.638766 0.400557 1.195172 12.380564 -1.495483 0.996188
Pedestrian -1 -1 -10 519.000000 136.000000 554.000000 239.000000 1.759531 0.582625 0.739425 -1.206693 1.137936 13.068906 0.453624 0.988693
Pedestrian -1 -1 -10 465.000000 140.000000 502.000000 251.000000 1.732991 0.588386 0.752686 -2.000263 1.232752 11.793730 0.376135 0.975084
Pedestrian -1 -1 -10 682.000000 145.000000 712.000000 219.000000 1.715696 0.588215 0.604303 3.219907 0.915487 22.378593 -1.452027 0.837376
Pedestrian -1 -1 -10 493.000000 146.000000 522.000000 238.000000 1.632383 0.599527 0.672967 -1.618547 1.066779 12.624900 -1.681193 0.822008
Pedestrian -1 -1 -10 539.000000 138.000000 569.000000 229.000000 1.633341 0.601856 0.676563 -0.950873 0.861652 13.926227 -1.614789 0.815730
Pedestrian -1 -1 -10 719.000000 144.000000 746.000000 233.000000 1.658723 0.592928 0.604148 2.489094 0.783854 12.941109 -1.388114 0.813488
Pedestrian -1 -1 -10 560.000000 149.000000 591.000000 237.000000 1.630448 0.594321 0.630785 -0.653341 1.033739 13.273044 -1.583230 0.728606
Pedestrian -1 -1 -10 451.000000 144.000000 479.000000 214.000000 1.613334 0.608640 0.661847 -3.394602 0.781353 17.691362 -1.742628 0.568278
Pedestrian -1 -1 -10 599.000000 140.000000 632.000000 211.000000 1.733426 0.611071 0.748702 0.410466 0.738251 18.966002 -1.517106 0.345832
Pedestrian -1 -1 -10 487.000000 138.000000 507.000000 203.000000 1.581043 0.625198 0.614389 -5.467922 0.063498 36.698469 -1.709534 0.290664
Pedestrian -1 -1 -10 513.000000 143.000000 532.000000 212.000000 1.699139 0.687984 0.745719 -2.178261 1.869339 10.863925 -1.743416 0.183349
Pedestrian -1 -1 -10 1197.000000 191.000000 1222.000000 279.000000 1.693967 0.599028 0.698295 14.327402 2.561057 16.647210 2.756705 0.100183
Pedestrian -1 -1 -10 677.000000 143.000000 700.000000 203.000000 1.756799 0.616182 0.636800 3.051176 0.598752 23.906621 -1.418095 0.094527
Pedestrian -1 -1 -10 476.000000 142.000000 499.000000 199.000000 1.611705 0.618340 0.665104 -5.731962 0.018556 37.009577 -1.716866 0.074328
Cyclist -1 -1 -10 457.000000 141.000000 505.000000 246.000000 1.647839 0.571263 0.706192 -1.963374 1.072554 11.722114 -1.702861 0.690741
Cyclist -1 -1 -10 447.000000 144.000000 479.000000 213.000000 1.505075 1.560709 3.406848 -2.413835 1.825389 7.189635 1.439920 0.630586
Cyclist -1 -1 -10 270.000000 139.000000 326.000000 224.000000 1.663871 0.588195 0.633306 -10.060670 0.599884 21.961205 -1.971481 0.589983
Cyclist -1 -1 -10 407.000000 150.000000 495.000000 238.000000 1.590138 0.588817 0.607761 -2.702638 1.288063 12.347297 -1.772155 0.303699
Cyclist -1 -1 -10 322.000000 149.000000 391.000000 198.000000 1.723026 0.504901 1.668410 -11.411324 0.771825 31.082197 -1.893466 0.167050
Cyclist -1 -1 -10 287.000000 151.000000 349.000000 209.000000 1.733346 0.489182 1.601105 -11.803738 0.936717 30.677189 -1.956722 0.139109
Cyclist -1 -1 -10 383.000000 142.000000 417.000000 193.000000 1.436072 1.528621 3.609787 -9.521361 1.248400 33.471131 1.275861 0.059966
Cyclist -1 -1 -10 490.000000 138.000000 510.000000 218.000000 1.775410 0.690999 0.901432 -1.874859 1.775468 7.485950 1.448078 0.044005
Cyclist -1 -1 -10 498.000000 145.000000 522.000000 231.000000 1.686764 0.583259 0.630897 -2.167620 1.152587 18.281383 -1.713522 0.027971
Cyclist -1 -1 -10 1196.000000 190.000000 1222.000000 286.000000 1.620497 0.641640 0.522147 9.709264 2.823166 11.241217 -0.833122 0.017691
Cyclist -1 -1 -10 482.000000 138.000000 503.000000 202.000000 1.627908 0.593397 0.598085 -5.357783 0.289933 36.663258 -1.726906 0.015950
