Pedestrian -1 -1 -10 577.000000 170.000000 595.000000 199.000000 1.747904 0.603552 0.809105 -1.346504 1.401238 48.156069 2.059323 0.528040
Pedestrian -1 -1 -10 458.000000 173.000000 470.000000 206.000000 1.754211 0.570067 0.739739 -9.328456 1.848106 45.768480 0.352137 0.522889
Pedestrian -1 -1 -10 516.000000 173.000000 525.000000 204.000000 1.635329 0.620080 0.565083 -4.585159 2.089737 41.506987 1.928533 0.441838
Pedestrian -1 -1 -10 509.000000 174.000000 531.000000 201.000000 1.633254 0.614997 0.573362 -4.077653 1.900342 40.036811 -1.689149 0.024192
Pedestrian -1 -1 -10 520.000000 175.000000 528.000000 204.000000 1.592437 0.607835 0.606561 -4.295009 1.865756 40.015058 -1.673742 0.016216
Pedestrian -1 -1 -10 508.000000 172.000000 515.000000 199.000000 1.701935 0.599203 0.731147 -6.330932 1.477010 47.969578 -1.690502 0.015333
Car -1 -1 -10 522.000000 177.000000 556.000000 204.000000 1.467331 1.605452 3.737040 -3.845460 1.270978 41.359394 -1.649756 0.995756
Car -1 -1 -10 904.000000 150.000000 1023.000000 191.000000 1.493276 1.612220 3.593363 15.943325 0.399098 31.181990 -1.141719 0.986997
Cyclist -1 -1 -10 629.000000 170.000000 661.000000 197.000000 1.725860 0.589724 1.695857 2.545034 1.257959 46.625191 -1.534274 0.974291
Cyclist -1 -1 -10 393.000000 179.000000 414.000000 216.000000 1.671740 0.573555 0.723159 -10.663987 1.844820 36.603179 -1.815005 0.954989
Cyclist -1 -1 -10 576.000000 170.000000 603.000000 199.000000 1.746409 0.640149 0.872229 -1.378944 1.361771 48.099492 2.115116 0.832544
