Pedestrian -1 -1 -10 730.000000 200.000000 821.000000 275.000000 1.656345 0.693251 0.568244 3.494602 2.525773 13.130431 1.265075 0.014435
Pedestrian -1 -1 -10 695.000000 198.000000 762.000000 248.000000 1.456194 1.608266 4.012277 3.939539 2.518784 22.664670 1.235365 0.011430
Car -1 -1 -10 870.000000 218.000000 1234.000000 373.000000 1.459509 1.600088 3.991316 4.097918 1.829716 6.037083 1.659515 0.997802
Car -1 -1 -10 757.000000 210.000000 924.000000 316.000000 1.447725 1.571767 3.908020 3.999986 2.077338 11.045319 1.376480 0.996586
Car -1 -1 -10 516.000000 190.000000 566.000000 230.000000 1.483056 1.586767 3.774188 -2.871886 2.166450 29.917038 1.532025 0.994679
Car -1 -1 -10 697.000000 198.000000 763.000000 248.000000 1.467924 1.553597 3.874317 4.308306 2.394922 23.801206 -1.544710 0.991918
Car -1 -1 -10 724.000000 201.000000 822.000000 272.000000 1.450877 1.571752 3.902219 3.891854 2.206196 16.432275 1.376559 0.989811
Car -1 -1 -10 676.000000 196.000000 732.000000 236.000000 1.448747 1.576698 3.984095 3.995565 2.429742 27.056193 1.296286 0.988402
Car -1 -1 -10 405.000000 189.000000 514.000000 294.000000 1.493076 1.544394 3.539985 -2.322506 1.751095 9.569286 -1.683832 0.932673
Car -1 -1 -10 666.000000 196.000000 710.000000 229.000000 1.452552 1.525605 3.725113 3.520842 2.910603 32.221823 1.131325 0.545473
Car -1 -1 -10 202.000000 157.000000 475.000000 373.000000 1.585438 1.627094 3.834358 -2.812747 1.660705 7.937836 -1.840810 0.486368
Car -1 -1 -10 537.000000 191.000000 574.000000 223.000000 1.461107 1.571175 3.649691 -2.843019 2.169549 31.262605 -1.639513 0.171015
