Pedestrian -1 -1 -10 370.000000 162.000000 384.000000 197.000000 1.719683 0.575730 0.727452 -12.905093 1.585298 39.400683 0.242434 0.041303
Pedestrian -1 -1 -10 759.000000 164.000000 767.000000 191.000000 1.656442 0.597934 0.630557 10.171978 1.527951 46.877436 0.760715 0.040253
Pedestrian -1 -1 -10 431.000000 163.000000 444.000000 192.000000 1.684695 0.601003 0.663467 -8.952295 1.482777 38.229078 -1.798788 0.034674
Pedestrian -1 -1 -10 739.000000 164.000000 773.000000 190.000000 1.674007 0.688544 0.701885 10.431462 1.531472 49.261443 1.265894 0.018673
Car -1 -1 -10 434.000000 169.000000 517.000000 201.000000 1.510317 1.603223 3.775945 -6.542250 1.431589 35.654724 -0.673698 0.870273
Car -1 -1 -10 734.000000 164.000000 775.000000 189.000000 1.503610 1.614762 3.899584 10.432211 1.044428 51.400023 1.308935 0.466492
Car -1 -1 -10 898.000000 157.000000 966.000000 186.000000 1.552457 1.695815 4.223586 22.810943 0.763417 51.467403 1.376828 0.193218
Car -1 -1 -10 94.000000 172.000000 160.000000 197.000000 1.463129 1.610063 3.877274 -30.955921 1.434571 47.417307 1.472328 0.172508
Car -1 -1 -10 698.000000 159.000000 741.000000 190.000000 1.482479 1.575236 4.022354 7.878367 1.098596 50.599750 1.281744 0.092318
Car -1 -1 -10 750.000000 164.000000 767.000000 189.000000 1.459153 1.607879 3.717532 10.811252 1.125630 50.742962 1.658651 0.016422
Cyclist -1 -1 -10 431.000000 164.000000 444.000000 193.000000 1.718425 0.574394 0.724390 -9.031935 1.493168 38.321301 -1.793127 0.010320
