Pedestrian -1 -1 -10 890.000000 204.000000 935.000000 311.000000 1.874290 0.603780 0.726457 1.053644 1.478039 3.471031 -1.183920 0.850215
Pedestrian -1 -1 -10 613.000000 174.000000 631.000000 218.000000 1.656187 0.603080 0.699441 0.717126 1.542031 26.044918 -1.509105 0.797845
Pedestrian -1 -1 -10 976.000000 209.000000 1029.000000 310.000000 1.854152 0.600879 0.722699 1.261999 1.334863 2.855944 -1.084652 0.416989
Pedestrian -1 -1 -10 801.000000 194.000000 832.000000 279.000000 1.611465 0.596417 0.604233 3.791983 1.648301 12.300708 -1.279065 0.158102
Pedestrian -1 -1 -10 939.000000 213.000000 1060.000000 314.000000 1.923857 0.664059 0.812212 2.807053 2.114046 7.017244 2.139372 0.082354
Pedestrian -1 -1 -10 760.000000 196.000000 800.000000 274.000000 1.587354 0.596326 0.621350 3.232805 1.893159 12.286513 -1.282556 0.061099
Pedestrian -1 -1 -10 951.000000 184.000000 978.000000 279.000000 1.614507 0.599086 0.626389 5.993917 1.668400 11.244211 -1.058425 0.024059
Pedestrian -1 -1 -10 776.000000 194.000000 822.000000 278.000000 1.619108 0.594856 0.630831 3.261021 1.833762 11.860724 -1.255018 0.012011
Car -1 -1 -10 968.000000 208.000000 1050.000000 313.000000 1.606693 1.640365 3.414623 4.519973 2.154307 9.865359 2.166208 0.032205
Car -1 -1 -10 919.000000 217.000000 1159.000000 370.000000 1.511714 1.607126 3.717043 3.622042 1.582553 6.508682 -1.004905 0.014087
Cyclist -1 -1 -10 466.000000 182.000000 539.000000 243.000000 1.684447 0.568692 1.787332 -2.831447 1.651410 19.702623 -1.739573 0.102853
Cyclist -1 -1 -10 472.000000 181.000000 514.000000 273.000000 1.697544 0.554795 0.746019 -2.152761 1.815231 11.892691 -1.671193 0.047724
Cyclist -1 -1 -10 969.000000 210.000000 1048.000000 307.000000 1.873943 0.591061 0.721718 1.388454 1.335549 3.370097 2.152167 0.017468
