Car -1 -1 -10 422.000000 188.000000 482.000000 228.000000 1.506639 1.566906 3.655521 -6.247637 2.152154 28.552183 1.712709 0.997301
Car -1 -1 -10 652.000000 175.000000 700.000000 210.000000 1.448010 1.556801 3.989770 3.083708 1.524042 31.565978 1.254978 0.974403
Car -1 -1 -10 457.000000 187.000000 503.000000 219.000000 1.440656 1.570583 3.764175 -6.093986 2.182065 34.006095 1.583335 0.943094
Car -1 -1 -10 144.000000 198.000000 221.000000 230.000000 1.523175 1.644737 3.923078 -20.821605 2.625788 35.148861 -1.457873 0.940100
Car -1 -1 -10 202.000000 198.000000 277.000000 230.000000 1.492916 1.626879 3.893448 -18.567672 2.779413 35.025408 1.015708 0.896203
Car -1 -1 -10 100.000000 203.000000 170.000000 232.000000 1.456187 1.593460 4.030298 -23.001015 2.870898 35.792467 0.425604 0.732579
Car -1 -1 -10 0.000000 218.000000 144.000000 370.000000 1.519654 1.611574 3.836870 -6.333293 1.947018 7.039686 -2.879878 0.683749
Car -1 -1 -10 1118.000000 187.000000 1239.000000 365.000000 1.479961 1.662844 3.605449 3.025246 1.705688 3.107404 2.213572 0.338657
Car -1 -1 -10 45.000000 204.000000 136.000000 235.000000 1.510205 1.578036 3.857732 -25.217115 2.896711 36.009812 0.367703 0.211821
Car -1 -1 -10 484.000000 179.000000 521.000000 208.000000 1.476039 1.569819 3.720626 -6.219353 1.991038 38.406259 1.487776 0.090530
Car -1 -1 -10 0.000000 199.000000 44.000000 252.000000 1.467286 1.629418 3.362471 -4.671024 1.463455 4.477894 0.967547 0.089947
Cyclist -1 -1 -10 1110.000000 156.000000 1244.000000 374.000000 1.677178 0.575299 0.597769 2.564624 1.870273 2.750635 -0.913139 0.013952
