Pedestrian -1 -1 -10 64.000000 196.000000 105.000000 291.000000 1.899724 0.664372 0.771546 -5.255819 2.096933 5.620288 1.011787 0.925922
Pedestrian -1 -1 -10 44.000000 200.000000 88.000000 297.000000 1.828039 0.620322 0.689775 -5.063076 2.085789 5.264781 1.001407 0.019874
Pedestrian -1 -1 -10 11.000000 205.000000 105.000000 308.000000 1.886367 0.642788 0.727362 -5.144819 2.028683 5.270691 0.991424 0.010248
Car -1 -1 -10 735.000000 175.000000 950.000000 304.000000 1.471274 1.571575 3.957602 3.535797 1.517302 10.140556 1.430875 0.997871
Car -1 -1 -10 -1.000000 186.000000 354.000000 374.000000 1.547157 1.622872 3.730127 -4.423155 1.892150 7.453792 1.576502 0.997495
Car -1 -1 -10 850.000000 185.000000 1233.000000 372.000000 1.450751 1.607794 4.013770 3.272635 1.478287 3.853758 1.530743 0.966827
Car -1 -1 -10 488.000000 185.000000 524.000000 212.000000 1.558914 1.546611 3.835226 -5.906689 2.137504 42.529181 -1.724006 0.703492
Car -1 -1 -10 662.000000 177.000000 728.000000 223.000000 1.472631 1.503659 3.552593 2.822462 1.895389 25.990304 -1.488842 0.561346
Car -1 -1 -10 630.000000 179.000000 674.000000 208.000000 1.547070 1.608298 3.756448 1.804254 2.081609 39.506253 -1.503283 0.203328
Car -1 -1 -10 678.000000 174.000000 753.000000 237.000000 1.473189 1.566467 3.902770 2.681539 1.453891 17.670543 -1.551769 0.023917
Car -1 -1 -10 645.000000 179.000000 701.000000 215.000000 1.437665 1.538992 3.669945 2.600951 1.939601 30.464074 1.596389 0.012956
Cyclist -1 -1 -10 56.000000 194.000000 109.000000 291.000000 1.540718 1.547187 3.366089 -5.302221 1.836545 5.740804 0.994755 0.060892
Cyclist -1 -1 -10 11.000000 205.000000 105.000000 308.000000 1.473304 1.641115 3.509378 -4.605169 1.630786 4.715567 0.994237 0.024195
Cyclist -1 -1 -10 26.000000 208.000000 67.000000 298.000000 1.474847 1.601126 3.423466 -5.081604 1.726399 5.082710 0.979607 0.019044
Cyclist -1 -1 -10 7.000000 214.000000 55.000000 316.000000 1.893510 0.585477 0.745127 -2.691074 1.470935 2.573961 0.955403 0.013090
