Pedestrian -1 -1 -10 1118.000000 153.000000 1173.000000 261.000000 1.675590 0.607786 0.721462 8.621183 1.759728 11.476671 1.171073 0.916963
Pedestrian -1 -1 -10 1055.000000 161.000000 1141.000000 254.000000 1.670904 0.621472 0.737474 8.133701 1.596037 11.754436 -0.948063 0.077698
Pedestrian -1 -1 -10 800.000000 166.000000 819.000000 212.000000 1.614011 0.616458 0.685865 7.359919 1.598862 26.409477 -1.279248 0.034433
Pedestrian -1 -1 -10 1084.000000 164.000000 1109.000000 232.000000 1.878085 0.635818 0.716215 3.101445 1.922209 6.044833 2.236286 0.018422
Pedestrian -1 -1 -10 1076.000000 168.000000 1130.000000 220.000000 1.786309 0.668783 0.825928 4.241558 1.812995 7.384620 -0.994975 0.016072
Car -1 -1 -10 1158.000000 167.000000 1243.000000 193.000000 1.516532 1.651707 3.938854 39.370285 1.178858 48.657663 0.125570 0.032963
Cyclist -1 -1 -10 1005.000000 150.000000 1126.000000 281.000000 1.706778 0.623472 0.661385 6.317876 1.508928 9.733182 -0.973804 0.999762
Cyclist -1 -1 -10 800.000000 167.000000 818.000000 211.000000 1.614064 0.599107 0.695460 7.370674 1.566530 26.418765 -1.283000 0.855346
Cyclist -1 -1 -10 1063.000000 161.000000 1137.000000 253.000000 1.668198 0.622127 0.740750 8.149609 1.561989 11.870732 -0.954361 0.430771
Cyclist -1 -1 -10 1116.000000 154.000000 1178.000000 257.000000 1.591124 0.597854 0.643458 8.748935 2.003790 11.836711 -0.903696 0.353654
Cyclist -1 -1 -10 1092.000000 164.000000 1151.000000 230.000000 1.709448 0.696233 0.798581 4.274239 1.564585 7.143212 2.192650 0.063230
Cyclist -1 -1 -10 1076.000000 168.000000 1130.000000 220.000000 1.743535 0.691514 0.842293 4.628292 1.922719 8.102305 2.184926 0.024097
Cyclist -1 -1 -10 1028.000000 174.000000 1066.000000 199.000000 1.515737 1.559710 3.380157 2.729393 1.642827 6.042724 2.183956 0.012223
Cyclist -1 -1 -10 1084.000000 164.000000 1109.000000 232.000000 1.775675 0.690012 0.902678 4.073009 1.964495 7.554656 2.189751 0.010320
