Car -1 -1 -10 729.000000 191.000000 916.000000 305.000000 1.445116 1.599905 3.976584 3.268691 1.753865 10.730020 1.438737 0.997091
Car -1 -1 -10 654.000000 172.000000 706.000000 218.000000 1.467637 1.594836 3.828399 3.135019 1.531896 30.115289 -1.564171 0.992648
Car -1 -1 -10 346.000000 177.000000 481.000000 230.000000 1.460790 1.577465 3.889612 -5.824056 1.576189 23.730911 0.740138 0.935328
Car -1 -1 -10 405.000000 171.000000 510.000000 216.000000 1.493573 1.567770 4.109007 -5.820900 1.584080 28.684167 -2.965366 0.780549
Car -1 -1 -10 447.000000 172.000000 531.000000 209.000000 1.562106 1.592209 3.964747 -5.728618 1.554188 35.823349 -2.860105 0.444776
Car -1 -1 -10 -3.000000 161.000000 193.000000 353.000000 1.556441 1.607711 3.738038 -5.702289 1.547814 7.740278 1.471967 0.364869
Car -1 -1 -10 305.000000 183.000000 448.000000 242.000000 1.446983 1.531530 3.672542 -4.937328 1.927772 18.796155 1.790103 0.105840
Car -1 -1 -10 705.000000 192.000000 768.000000 251.000000 1.528641 1.605963 3.696276 3.331897 1.861105 16.504814 -1.391541 0.092439
Car -1 -1 -10 485.000000 172.000000 547.000000 201.000000 1.518318 1.569164 3.668822 -5.652602 1.550390 40.625208 -1.638410 0.042819
Car -1 -1 -10 740.000000 195.000000 828.000000 249.000000 1.455756 1.534183 3.806096 7.089939 1.995838 26.922414 1.304841 0.022873
Car -1 -1 -10 1110.000000 190.000000 1179.000000 232.000000 1.453158 1.622952 3.850707 18.972394 1.978844 25.536518 1.715023 0.016464
Car -1 -1 -10 30.000000 167.000000 252.000000 284.000000 1.541254 1.650910 3.904050 -6.060617 1.469774 9.763049 -2.777481 0.010085
Cyclist -1 -1 -10 708.000000 188.000000 764.000000 250.000000 1.583332 0.607705 0.646094 2.816419 1.993261 15.549300 -1.397695 0.468626
