Car -1 -1 -10 329.000000 175.000000 466.000000 226.000000 1.545701 1.637003 3.979312 -6.235190 1.579478 22.825825 -0.790368 0.993758
Car -1 -1 -10 784.000000 167.000000 1035.000000 252.000000 1.534050 1.638327 3.941375 6.647165 1.560618 16.194915 -0.096632 0.984535
Car -1 -1 -10 975.000000 177.000000 1241.000000 349.000000 1.498446 1.564777 3.920867 5.962687 1.666362 8.052261 1.624377 0.969604
Car -1 -1 -10 384.000000 173.000000 500.000000 217.000000 1.572760 1.649627 4.099786 -5.725132 1.532411 27.636387 -2.988046 0.966988
Car -1 -1 -10 77.000000 165.000000 369.000000 272.000000 1.547952 1.569007 4.079830 -6.746641 1.374839 12.826655 -3.202951 0.966505
Car -1 -1 -10 192.000000 176.000000 370.000000 253.000000 1.488480 1.611023 3.829288 -6.493417 1.542127 15.294384 -1.987622 0.234817
Car -1 -1 -10 484.000000 173.000000 539.000000 199.000000 1.485868 1.610903 3.760801 -5.983174 1.802835 44.637014 1.969161 0.068826
Car -1 -1 -10 654.000000 163.000000 724.000000 219.000000 1.599344 1.570720 4.004203 2.839388 1.293510 24.960589 -1.616143 0.055768
Car -1 -1 -10 637.000000 169.000000 676.000000 201.000000 1.501900 1.582845 3.697487 2.476023 1.347748 41.519364 -1.510026 0.038468
Car -1 -1 -10 649.000000 171.000000 693.000000 215.000000 1.511935 1.478953 3.638409 2.489860 1.588872 26.016213 -1.539080 0.031471
