Car -1 -1 -10 426.000000 191.000000 551.000000 264.000000 1.462215 1.600922 3.955101 -2.594638 1.847828 16.006154 0.956735 0.999458
Car -1 -1 -10 319.000000 186.000000 377.000000 224.000000 1.475752 1.584599 3.856038 -10.558679 1.988980 29.147237 -2.004703 0.999187
Car -1 -1 -10 111.000000 188.000000 161.000000 220.000000 1.534236 1.556947 3.837238 -25.539746 2.553160 38.828612 -2.109205 0.998469
Car -1 -1 -10 948.000000 166.000000 1093.000000 237.000000 1.433063 1.628891 3.841632 8.981611 1.304636 16.055992 1.563670 0.996648
Car -1 -1 -10 300.000000 185.000000 353.000000 216.000000 1.415873 1.592963 3.763404 -13.137199 1.912612 33.897665 -2.004471 0.966120
Car -1 -1 -10 766.000000 166.000000 932.000000 237.000000 1.443183 1.557384 3.710285 6.557919 1.302484 17.196507 1.875432 0.645882
Car -1 -1 -10 490.000000 171.000000 588.000000 211.000000 1.474470 1.666947 3.965878 -3.098788 1.526214 32.590201 -2.777291 0.637202
Car -1 -1 -10 561.000000 158.000000 897.000000 340.000000 1.668176 1.698155 4.199347 1.330731 1.446779 9.167280 -2.009627 0.284953
Car -1 -1 -10 446.000000 177.000000 531.000000 210.000000 1.426005 1.603926 4.064889 -6.198985 1.581431 37.119608 0.802933 0.234334
Car -1 -1 -10 1026.000000 156.000000 1239.000000 227.000000 1.478304 1.647423 3.920695 12.907882 0.905464 17.606413 1.655503 0.197575
Car -1 -1 -10 0.000000 203.000000 68.000000 301.000000 1.457184 1.521481 3.624965 -9.851126 2.193145 11.598510 -2.208349 0.151175
Car -1 -1 -10 136.000000 188.000000 177.000000 214.000000 1.512679 1.506290 3.634577 -25.396309 2.678661 38.879792 -2.126309 0.148924
Car -1 -1 -10 888.000000 171.000000 984.000000 218.000000 1.523339 1.621221 3.881541 12.217821 1.332305 26.199401 -1.116283 0.072026
