Car -1 -1 -10 560.000000 177.000000 602.000000 216.000000 1.536761 1.616492 3.884583 -1.182495 1.208322 32.584158 -1.610323 0.999535
Car -1 -1 -10 299.000000 189.000000 444.000000 283.000000 1.553620 1.598088 3.708193 -4.174759 1.636929 12.934630 -1.387603 0.999066
Car -1 -1 -10 5.000000 176.000000 349.000000 372.000000 1.535998 1.601556 3.731197 -3.105958 1.573716 4.517117 1.642178 0.991009
Car -1 -1 -10 243.000000 184.000000 339.000000 243.000000 1.492746 1.608218 3.810348 -9.030826 1.388888 20.196096 -1.452261 0.910259
Car -1 -1 -10 301.000000 178.000000 364.000000 212.000000 1.512910 1.632845 3.798070 -13.527205 1.087918 34.166246 -1.903017 0.076080
Car -1 -1 -10 211.000000 182.000000 282.000000 219.000000 1.501236 1.564322 3.932722 -13.475236 0.722752 26.597112 1.091490 0.044964
Car -1 -1 -10 414.000000 185.000000 450.000000 212.000000 1.443204 1.537393 3.643239 -8.836391 1.681924 36.882452 -1.787750 0.042918
Car -1 -1 -10 399.000000 184.000000 439.000000 217.000000 1.463497 1.593213 3.660266 -7.680722 1.675163 31.571073 -1.790894 0.022232
Car -1 -1 -10 353.000000 153.000000 431.000000 237.000000 1.569849 1.618618 3.800710 -8.181973 1.045161 27.071552 -1.358168 0.014309
Car -1 -1 -10 176.000000 184.000000 263.000000 228.000000 1.369541 1.543244 3.741736 -15.958530 1.094882 29.260719 0.542013 0.013856
Car -1 -1 -10 429.000000 183.000000 445.000000 212.000000 1.498244 1.516365 3.522643 -8.709831 1.744726 36.598561 -1.800432 0.010824
