Pedestrian -1 -1 -10 1019.000000 193.000000 1240.000000 368.000000 1.688983 0.584189 0.567114 2.447310 1.994722 2.746055 -0.948093 0.014229
Car -1 -1 -10 709.000000 172.000000 847.000000 287.000000 1.495678 1.595001 3.968999 2.913628 1.516480 12.215833 -1.480715 0.998966
Car -1 -1 -10 9.000000 198.000000 324.000000 311.000000 1.437663 1.599896 3.836442 -5.893366 1.761599 9.416959 0.416413 0.993038
Car -1 -1 -10 672.000000 180.000000 759.000000 244.000000 1.465200 1.515859 3.747325 3.079905 1.796526 18.134750 -1.524833 0.990751
Car -1 -1 -10 132.000000 186.000000 396.000000 278.000000 1.600508 1.542836 3.907640 -5.835302 1.692278 13.552087 -1.530878 0.959341
Car -1 -1 -10 656.000000 173.000000 704.000000 221.000000 1.477309 1.554912 3.832969 2.955833 1.703474 27.472208 -1.574405 0.936899
Car -1 -1 -10 639.000000 178.000000 673.000000 204.000000 1.444251 1.570326 3.681184 2.871721 1.678926 41.178915 -1.498348 0.934649
Car -1 -1 -10 1018.000000 202.000000 1241.000000 363.000000 1.504069 1.659765 3.616665 2.972160 1.740835 3.388999 2.184718 0.793758
Car -1 -1 -10 367.000000 183.000000 500.000000 227.000000 1.507254 1.557454 3.972634 -6.245253 1.779948 26.131457 -2.940226 0.643155
Car -1 -1 -10 250.000000 188.000000 402.000000 258.000000 1.502520 1.596611 3.687084 -5.489127 2.011087 15.477896 -1.898771 0.492288
Car -1 -1 -10 454.000000 179.000000 527.000000 209.000000 1.452373 1.596424 3.843888 -5.898502 1.754368 37.382178 0.845885 0.288986
Car -1 -1 -10 413.000000 182.000000 516.000000 216.000000 1.452612 1.594798 3.813418 -5.637482 1.762780 30.015271 1.373746 0.267278
Cyclist -1 -1 -10 1026.000000 195.000000 1243.000000 360.000000 1.679756 0.577190 0.603986 2.449326 1.923089 2.922408 -0.950283 0.011852
