Car -1 -1 -10 708.000000 172.000000 943.000000 329.000000 1.520446 1.574643 3.905091 2.602238 1.645474 8.448091 -1.762925 0.999411
Car -1 -1 -10 644.000000 173.000000 729.000000 229.000000 1.479638 1.553955 3.919213 2.382256 1.464079 21.171655 -1.634598 0.998847
Car -1 -1 -10 468.000000 173.000000 536.000000 231.000000 1.562531 1.631613 3.730007 -3.284572 1.656103 22.042423 -1.633998 0.998690
Car -1 -1 -10 0.000000 191.000000 198.000000 286.000000 1.559847 1.615021 3.826793 -9.065493 1.757431 13.133336 -1.656695 0.997521
Car -1 -1 -10 524.000000 177.000000 555.000000 209.000000 1.516554 1.622914 3.670160 -3.488089 1.744909 35.547879 -1.606189 0.741595
Car -1 -1 -10 623.000000 169.000000 665.000000 204.000000 1.505390 1.572583 3.817313 1.949523 1.443836 37.600004 -1.603653 0.611645
Car -1 -1 -10 633.000000 174.000000 688.000000 215.000000 1.418824 1.544652 3.602063 2.161130 1.698134 26.785795 -1.494331 0.447291
Car -1 -1 -10 489.000000 171.000000 535.000000 212.000000 1.512223 1.623073 3.841277 -3.792555 1.158551 26.953796 -1.688301 0.076723
Car -1 -1 -10 618.000000 169.000000 649.000000 197.000000 1.415365 1.635767 3.579326 1.365657 1.436750 45.338736 1.624333 0.038512
Cyclist -1 -1 -10 744.000000 175.000000 763.000000 225.000000 1.584145 0.621513 0.526731 4.847061 1.490273 22.102599 1.204655 0.012011
