Car -1 -1 -10 361.000000 179.000000 464.000000 248.000000 1.550691 1.613034 3.757510 -4.888182 1.457423 18.197239 -1.351780 0.999263
Car -1 -1 -10 575.000000 172.000000 629.000000 224.000000 1.476166 1.668274 3.825999 -0.170363 1.148147 24.940299 -1.583684 0.998605
Car -1 -1 -10 155.000000 181.000000 320.000000 254.000000 1.540727 1.601640 3.722647 -8.772067 1.421412 17.088666 -1.475041 0.976481
Car -1 -1 -10 339.000000 180.000000 377.000000 207.000000 1.522367 1.635668 3.944522 -13.635680 1.309826 39.127217 -1.903995 0.839418
Car -1 -1 -10 505.000000 172.000000 547.000000 206.000000 1.488341 1.608811 3.748455 -4.491294 1.056044 40.343760 -1.677747 0.792512
Car -1 -1 -10 -6.000000 158.000000 251.000000 350.000000 1.554903 1.636063 3.875820 -4.541649 1.474797 5.777151 -1.584530 0.373240
Car -1 -1 -10 420.000000 180.000000 454.000000 209.000000 1.543568 1.624900 3.752245 -8.468202 1.036103 38.143287 -1.773505 0.134679
Car -1 -1 -10 11.000000 165.000000 210.000000 261.000000 1.371087 1.670461 3.827675 -16.630926 0.541248 23.368231 1.682977 0.042201
Car -1 -1 -10 385.000000 180.000000 433.000000 217.000000 1.495560 1.639917 3.582678 -9.394243 0.992463 38.537826 1.301531 0.020028
Car -1 -1 -10 67.000000 176.000000 191.000000 239.000000 1.478765 1.585880 3.930336 -17.309740 0.615921 26.879386 0.434397 0.016555
Car -1 -1 -10 579.000000 173.000000 615.000000 204.000000 1.492020 1.654841 3.577137 -1.041989 0.773417 34.191677 1.550073 0.011272
