Car -1 -1 -10 120.000000 178.000000 332.000000 272.000000 1.530268 1.645144 4.051293 -7.279271 1.717529 14.336027 -3.155587 0.998067
Car -1 -1 -10 646.000000 180.000000 690.000000 217.000000 1.426468 1.622400 3.825135 2.646702 1.814732 31.476077 -1.511046 0.997262
Car -1 -1 -10 216.000000 182.000000 434.000000 251.000000 1.483248 1.587902 3.974366 -6.158120 1.706431 16.952071 -3.126329 0.990198
Car -1 -1 -10 880.000000 201.000000 1229.000000 372.000000 1.458313 1.578253 3.870805 3.288756 1.672485 4.196942 1.565210 0.987361
Car -1 -1 -10 351.000000 179.000000 490.000000 227.000000 1.471216 1.549179 3.882774 -6.065230 1.687003 25.293106 0.743756 0.910259
Car -1 -1 -10 683.000000 115.000000 860.000000 276.000000 1.742664 1.605333 4.295777 2.902756 1.132116 13.163761 -1.519184 0.594477
Car -1 -1 -10 433.000000 181.000000 525.000000 214.000000 1.567186 1.634054 3.933724 -6.031923 1.561267 36.054897 -1.767441 0.323586
Car -1 -1 -10 478.000000 179.000000 539.000000 205.000000 1.543513 1.593538 3.786923 -5.144188 1.551218 36.411647 -1.695037 0.078494
Car -1 -1 -10 286.000000 186.000000 462.000000 237.000000 1.473910 1.559445 3.706274 -5.901374 1.719297 21.385379 0.707961 0.040893
Car -1 -1 -10 685.000000 158.000000 800.000000 259.000000 1.595225 1.507286 3.913352 2.839003 1.567515 14.573837 1.205102 0.023932
