Pedestrian -1 -1 -10 1.000000 182.000000 52.000000 371.000000 1.694158 0.587627 0.722129 -4.750610 1.871521 5.648278 -2.210132 0.038332
Car -1 -1 -10 730.000000 176.000000 828.000000 218.000000 1.515134 1.614514 4.077269 6.493693 1.516907 26.761419 1.221333 0.997701
Car -1 -1 -10 -7.000000 183.000000 312.000000 337.000000 1.506458 1.601781 3.922116 -5.770840 1.585654 8.502594 0.414633 0.995632
Car -1 -1 -10 625.000000 175.000000 664.000000 203.000000 1.428970 1.603675 3.826811 2.038820 1.641092 38.615665 -1.606682 0.991855
Car -1 -1 -10 227.000000 174.000000 402.000000 252.000000 1.581697 1.661688 3.946028 -6.932276 1.542626 18.345002 -3.052916 0.976240
Car -1 -1 -10 287.000000 173.000000 451.000000 235.000000 1.556296 1.567085 3.884126 -6.618602 1.571088 20.016211 1.767386 0.933987
Car -1 -1 -10 412.000000 173.000000 505.000000 207.000000 1.538098 1.613823 3.837058 -6.318058 1.689296 35.243050 -1.783763 0.748189
Car -1 -1 -10 328.000000 165.000000 482.000000 219.000000 1.613669 1.648361 4.151205 -6.333277 1.187821 22.337781 -3.063862 0.182759
Car -1 -1 -10 135.000000 181.000000 361.000000 267.000000 1.472033 1.579804 3.926248 -6.276035 1.653763 13.577833 0.636558 0.054318
Car -1 -1 -10 447.000000 173.000000 521.000000 199.000000 1.465095 1.564058 3.795236 -6.947593 1.429205 42.177963 1.450285 0.025076
