Pedestrian -1 -1 -10 308.000000 164.000000 324.000000 210.000000 1.615289 0.606876 0.560296 -11.625917 1.186795 28.853745 -1.958758 0.011309
Car -1 -1 -10 717.000000 191.000000 864.000000 284.000000 1.453617 1.572879 3.926453 3.270572 1.789545 12.849776 1.414899 0.999318
Car -1 -1 -10 -6.000000 175.000000 257.000000 315.000000 1.539728 1.623046 3.915288 -6.180146 1.547700 9.187075 -3.306733 0.993115
Car -1 -1 -10 654.000000 173.000000 704.000000 216.000000 1.481263 1.592607 3.828490 3.251483 1.607801 32.043500 -1.553660 0.992947
Car -1 -1 -10 362.000000 177.000000 499.000000 228.000000 1.519851 1.580925 3.959385 -5.277303 1.698564 24.389519 0.843081 0.928775
Car -1 -1 -10 931.000000 231.000000 1251.000000 371.000000 1.467795 1.600402 3.686102 2.995150 1.711458 2.599593 1.573443 0.855666
Car -1 -1 -10 418.000000 172.000000 525.000000 212.000000 1.512350 1.645075 4.067744 -5.811035 1.710434 30.334958 -2.984346 0.669457
Car -1 -1 -10 699.000000 198.000000 759.000000 244.000000 1.546704 1.626510 3.610894 3.090448 1.943670 18.407227 -1.387459 0.463531
Car -1 -1 -10 464.000000 174.000000 537.000000 207.000000 1.533194 1.601922 3.973440 -5.504751 1.470386 37.622973 -1.227158 0.177402
Car -1 -1 -10 222.000000 188.000000 429.000000 248.000000 1.602643 1.625197 3.253253 -5.581141 2.633091 11.088692 1.323738 0.103181
Car -1 -1 -10 304.000000 181.000000 469.000000 241.000000 1.597496 1.586533 3.921815 -5.452699 1.629552 17.464274 -1.371391 0.039158
Cyclist -1 -1 -10 701.000000 195.000000 766.000000 245.000000 1.587911 0.588076 0.603603 3.026934 2.094118 17.487774 -1.408762 0.345672
Cyclist -1 -1 -10 1082.000000 186.000000 1144.000000 230.000000 1.648403 0.578688 1.757519 18.213401 2.348487 26.258145 -0.972954 0.258317
