Pedestrian -1 -1 -10 888.000000 160.000000 937.000000 268.000000 1.686972 0.597785 0.741494 5.071810 1.595022 11.139329 0.948931 0.983352
Pedestrian -1 -1 -10 882.000000 153.000000 896.000000 193.000000 1.802669 0.587052 0.813638 13.196504 0.869988 33.187688 0.941807 0.500927
Pedestrian -1 -1 -10 1001.000000 149.000000 1025.000000 212.000000 1.667395 0.693964 0.713608 5.400659 2.005043 11.325372 2.089660 0.141575
Pedestrian -1 -1 -10 888.000000 165.000000 922.000000 231.000000 1.896158 0.667185 0.772268 2.281522 2.172798 7.866199 2.046572 0.134313
Pedestrian -1 -1 -10 883.000000 157.000000 908.000000 202.000000 1.610315 0.595809 0.600216 13.651295 1.110187 32.939481 -1.166609 0.065790
Pedestrian -1 -1 -10 898.000000 163.000000 924.000000 208.000000 1.726624 0.629903 0.654065 15.746575 0.791486 36.118303 -1.134294 0.058076
Pedestrian -1 -1 -10 875.000000 154.000000 910.000000 263.000000 1.662466 0.603610 0.722664 5.005782 1.585543 11.389701 -1.141462 0.016022
Pedestrian -1 -1 -10 904.000000 165.000000 930.000000 231.000000 1.561704 1.357531 3.481709 6.877713 2.261564 18.283935 1.965836 0.011167
Car -1 -1 -10 439.000000 173.000000 479.000000 205.000000 1.499100 1.576546 3.838727 -7.423032 1.174180 35.909929 1.406479 0.999474
Car -1 -1 -10 0.000000 204.000000 295.000000 365.000000 1.480260 1.631701 3.803790 -3.168851 1.585545 3.675376 1.595510 0.971811
Cyclist -1 -1 -10 885.000000 163.000000 939.000000 262.000000 1.660651 0.605421 0.721249 5.079781 1.498264 11.168511 -1.127725 0.049459
Cyclist -1 -1 -10 893.000000 163.000000 925.000000 217.000000 1.586282 0.585564 0.659524 13.852996 1.091165 33.062369 -1.143227 0.023914
Cyclist -1 -1 -10 23.000000 197.000000 275.000000 359.000000 1.653686 0.581061 0.732058 -2.704830 1.830185 3.207606 1.508351 0.014421
