Pedestrian -1 -1 -10 1046.000000 150.000000 1126.000000 324.000000 1.917275 0.667989 0.836942 2.360631 1.599116 4.591649 2.213207 0.997739
Car -1 -1 -10 358.000000 174.000000 502.000000 229.000000 1.555301 1.708471 4.171543 -5.586382 1.638544 22.867496 -2.942590 0.998573
Car -1 -1 -10 626.000000 173.000000 737.000000 208.000000 1.470441 1.667880 3.971059 3.502594 1.480101 32.864576 2.798939 0.996808
Car -1 -1 -10 2.000000 205.000000 262.000000 376.000000 1.466041 1.587178 3.751432 -3.677728 1.898454 4.281243 1.562159 0.990100
Car -1 -1 -10 460.000000 172.000000 571.000000 213.000000 1.584065 1.694147 3.723614 -3.423358 1.721870 29.089191 1.964322 0.419019
Car -1 -1 -10 6.000000 179.000000 111.000000 224.000000 1.490574 1.559927 3.563167 -30.313454 2.314121 40.609007 -2.809180 0.069662
Cyclist -1 -1 -10 1045.000000 153.000000 1132.000000 323.000000 1.513764 1.637201 3.588461 2.700412 1.788002 5.338825 2.244653 0.127738
Cyclist -1 -1 -10 1005.000000 155.000000 1064.000000 231.000000 1.840950 0.683590 0.905078 2.690148 1.716200 5.980208 2.142236 0.050037
Cyclist -1 -1 -10 1010.000000 155.000000 1043.000000 207.000000 1.722529 0.578460 0.632625 23.325409 2.003420 41.426171 -1.063478 0.028947
Cyclist -1 -1 -10 1029.000000 156.000000 1108.000000 253.000000 1.871049 0.674227 0.860126 2.659396 1.752772 5.627755 2.189835 0.023375
Cyclist -1 -1 -10 11.000000 192.000000 183.000000 266.000000 1.410730 1.686899 3.776605 -12.839521 1.656677 19.044318 0.502601 0.013240
Cyclist -1 -1 -10 6.000000 201.000000 259.000000 379.000000 1.606390 0.626023 1.797429 -3.355683 1.921372 3.998241 1.503017 0.011299
