Car -1 -1 -10 896.000000 191.000000 1185.000000 291.000000 1.521117 1.666383 4.114889 6.720644 1.708074 11.711308 -2.115052 0.999603
Car -1 -1 -10 636.000000 179.000000 672.000000 208.000000 1.463362 1.608480 3.862018 2.384142 2.014297 37.297813 -1.533521 0.997764
Car -1 -1 -10 722.000000 180.000000 860.000000 230.000000 1.498527 1.671750 3.948264 5.523159 1.739370 23.757547 -0.238668 0.997250
Car -1 -1 -10 3.000000 187.000000 303.000000 335.000000 1.477522 1.612726 3.906036 -5.594595 1.590847 8.381248 0.383962 0.997138
Car -1 -1 -10 177.000000 179.000000 431.000000 266.000000 1.491124 1.551490 3.906130 -5.827906 1.676002 13.931912 -3.122041 0.997129
Car -1 -1 -10 267.000000 174.000000 442.000000 244.000000 1.591536 1.596474 3.957329 -6.003067 1.506081 18.299558 -3.063052 0.977053
Car -1 -1 -10 840.000000 181.000000 1062.000000 274.000000 1.498585 1.685732 3.908528 6.275565 1.620277 13.292562 1.540804 0.969282
Car -1 -1 -10 395.000000 176.000000 511.000000 214.000000 1.509857 1.637173 3.993865 -6.084190 1.634611 32.140384 0.852094 0.933008
Car -1 -1 -10 325.000000 176.000000 468.000000 227.000000 1.472179 1.617402 3.716940 -5.647496 1.683578 22.090470 1.848277 0.924040
Car -1 -1 -10 1.000000 188.000000 139.000000 367.000000 1.452665 1.632554 3.752467 -5.530080 1.744994 6.126009 -2.161037 0.578248
