Car -1 -1 -10 555.000000 176.000000 624.000000 241.000000 1.476174 1.658692 3.805427 -0.475924 1.348937 19.865431 -1.590811 0.999156
Car -1 -1 -10 177.000000 196.000000 450.000000 349.000000 1.547017 1.606183 3.752688 -3.418221 1.746117 8.475875 1.696380 0.998937
Car -1 -1 -10 385.000000 183.000000 505.000000 261.000000 1.551678 1.598861 3.745548 -3.358517 1.463078 15.013097 -1.383967 0.998646
Car -1 -1 -10 247.000000 179.000000 332.000000 229.000000 1.542876 1.640323 3.623819 -12.617696 1.445777 27.058619 -1.944869 0.978534
Car -1 -1 -10 513.000000 177.000000 553.000000 212.000000 1.526412 1.630037 3.838730 -3.756621 1.209000 31.974344 -1.660470 0.923388
Car -1 -1 -10 461.000000 179.000000 531.000000 233.000000 1.553256 1.619408 3.780167 -3.601270 1.382990 22.334279 -1.588095 0.773838
Car -1 -1 -10 2.000000 190.000000 172.000000 304.000000 1.496973 1.637400 3.836783 -7.715769 1.639870 9.670971 1.563357 0.581550
Car -1 -1 -10 390.000000 178.000000 444.000000 209.000000 1.507418 1.691579 3.673460 -7.584824 1.016427 30.429500 -1.799358 0.149138
Car -1 -1 -10 262.000000 185.000000 362.000000 251.000000 1.546018 1.618031 3.796925 -7.982446 1.265235 19.012148 1.655467 0.066762
Car -1 -1 -10 325.000000 179.000000 388.000000 216.000000 1.522161 1.636530 3.845779 -13.199307 1.224066 37.456546 -1.884597 0.027243
Car -1 -1 -10 7.000000 194.000000 105.000000 370.000000 1.473201 1.639896 3.659634 -2.696260 1.295927 3.365049 -2.198475 0.024643
