Pedestrian -1 -1 -10 547.000000 177.000000 556.000000 207.000000 1.658631 0.595635 0.718261 -3.300229 1.963410 41.582265 -1.607684 0.875378
Pedestrian -1 -1 -10 559.000000 172.000000 570.000000 206.000000 1.656527 0.601151 0.710035 -2.594441 1.965940 41.930669 -1.598760 0.360753
Pedestrian -1 -1 -10 550.000000 178.000000 560.000000 206.000000 1.674501 0.595123 0.714422 -3.242326 2.218847 41.538857 -1.607472 0.049737
Car -1 -1 -10 670.000000 174.000000 746.000000 238.000000 1.478187 1.567401 3.828296 2.803554 1.603276 19.737771 -1.527488 0.998713
Car -1 -1 -10 412.000000 181.000000 489.000000 237.000000 1.543835 1.602063 3.759993 -5.074882 1.941480 23.122814 1.744822 0.998697
Car -1 -1 -10 490.000000 182.000000 529.000000 211.000000 1.591625 1.606782 3.892394 -5.558028 2.229051 38.468423 1.449502 0.997527
Car -1 -1 -10 65.000000 178.000000 375.000000 359.000000 1.618501 1.674163 3.835352 -4.690265 1.796918 8.934893 -1.506542 0.987321
Car -1 -1 -10 854.000000 198.000000 1245.000000 372.000000 1.439620 1.586365 3.883358 2.984105 1.559543 3.500029 1.534152 0.862271
Cyclist -1 -1 -10 558.000000 172.000000 571.000000 206.000000 1.648532 0.585996 0.720537 -2.588125 1.927576 41.955243 -1.601206 0.634305
Cyclist -1 -1 -10 547.000000 177.000000 557.000000 207.000000 1.679571 0.585289 0.733153 -3.323308 1.941199 41.619625 -1.613239 0.089320
