Car -1 -1 -10 644.000000 176.000000 677.000000 203.000000 1.530985 1.615570 3.926264 2.842906 1.785181 41.088732 1.619196 0.999554
Car -1 -1 -10 732.000000 188.000000 941.000000 340.000000 1.458614 1.570674 4.006356 2.864330 1.712733 7.707469 1.384956 0.999341
Car -1 -1 -10 424.000000 171.000000 534.000000 258.000000 1.591918 1.611992 3.721190 -2.888609 1.710364 16.405515 1.792179 0.999210
Car -1 -1 -10 -3.000000 173.000000 298.000000 289.000000 1.529630 1.643092 4.020662 -6.642394 1.470278 10.806265 -1.146384 0.998597
Car -1 -1 -10 841.000000 187.000000 1252.000000 374.000000 1.446803 1.601606 3.908347 2.833422 1.588224 3.793727 1.582753 0.883804
Car -1 -1 -10 504.000000 178.000000 561.000000 225.000000 1.507425 1.567823 3.743380 -2.564112 1.789546 23.555708 -1.657538 0.710821
Car -1 -1 -10 526.000000 174.000000 574.000000 240.000000 1.424835 1.509800 3.604057 -2.271255 2.076320 22.223162 -1.602158 0.033247
Car -1 -1 -10 466.000000 173.000000 588.000000 248.000000 1.567656 1.602026 3.720801 -2.992214 1.753110 17.439525 -1.609698 0.026975
Cyclist -1 -1 -10 536.000000 168.000000 579.000000 269.000000 1.713333 0.584905 0.769428 -0.812644 1.859271 12.476931 -1.590773 0.999232
Cyclist -1 -1 -10 509.000000 178.000000 568.000000 234.000000 1.630421 0.629147 0.643306 -2.239999 2.011864 17.233016 -1.634449 0.146925
Cyclist -1 -1 -10 541.000000 174.000000 569.000000 241.000000 1.511669 1.564950 3.397833 -1.687384 2.001221 8.354024 1.564719 0.010362
