Pedestrian -1 -1 -10 746.000000 160.000000 821.000000 353.000000 1.686026 0.607144 0.744509 1.633905 1.647848 6.457494 -1.284783 0.996964
Pedestrian -1 -1 -10 685.000000 160.000000 750.000000 353.000000 1.676981 0.605180 0.733266 1.064005 1.671586 6.391085 -1.373683 0.996930
Pedestrian -1 -1 -10 211.000000 158.000000 284.000000 348.000000 1.695931 0.607987 0.754041 -3.318396 1.681216 6.770860 -1.988003 0.996112
Pedestrian -1 -1 -10 873.000000 159.000000 916.000000 259.000000 1.608549 0.606069 0.648324 4.801996 1.346478 11.424253 -1.161225 0.963477
Pedestrian -1 -1 -10 789.000000 158.000000 820.000000 252.000000 1.650843 0.594142 0.598959 4.120745 1.505381 14.416466 -1.296930 0.705701
Pedestrian -1 -1 -10 0.000000 148.000000 205.000000 370.000000 1.647238 0.592803 0.706564 -2.308187 1.522301 3.046609 -2.147293 0.370438
Pedestrian -1 -1 -10 834.000000 160.000000 853.000000 218.000000 1.622009 0.595965 0.667904 7.480773 1.107130 21.938369 -1.217608 0.099103
Pedestrian -1 -1 -10 694.000000 168.000000 719.000000 220.000000 1.660564 0.612915 0.525608 4.851373 1.668794 30.457694 1.719875 0.080879
Pedestrian -1 -1 -10 775.000000 160.000000 829.000000 285.000000 1.639058 0.583595 0.678451 1.581601 1.533509 6.708682 -1.265855 0.041444
Pedestrian -1 -1 -10 698.000000 168.000000 734.000000 240.000000 1.557307 1.404551 3.495336 2.069603 1.850948 18.033208 1.747757 0.038831
Pedestrian -1 -1 -10 739.000000 162.000000 764.000000 259.000000 1.636195 0.595019 0.610288 1.534910 1.525974 6.538926 -1.357132 0.011628
Car -1 -1 -10 530.000000 167.000000 579.000000 209.000000 1.593257 1.649654 3.873413 -2.459814 1.104215 36.725286 -1.585773 0.022207
Cyclist -1 -1 -10 -3.000000 147.000000 208.000000 377.000000 1.648862 0.577474 0.713645 -2.336530 1.494496 3.048603 -2.150019 0.976537
Cyclist -1 -1 -10 403.000000 170.000000 459.000000 241.000000 1.686311 0.618920 1.784933 -4.753039 1.541490 18.052147 0.890384 0.947282
Cyclist -1 -1 -10 869.000000 161.000000 920.000000 260.000000 1.608846 0.591169 0.640111 4.895169 1.205965 11.569899 -1.173178 0.691681
Cyclist -1 -1 -10 855.000000 165.000000 982.000000 368.000000 1.734457 0.474024 1.693339 2.341578 1.982500 5.428810 -1.117164 0.225942
Cyclist -1 -1 -10 788.000000 157.000000 822.000000 259.000000 1.796082 0.586014 0.651421 0.555798 1.177342 3.368095 1.907727 0.163656
Cyclist -1 -1 -10 762.000000 159.000000 832.000000 321.000000 1.672576 0.594025 0.741303 1.630728 1.565544 6.435989 -1.278967 0.058708
Cyclist -1 -1 -10 693.000000 167.000000 724.000000 223.000000 1.589417 1.195626 3.234562 1.803175 2.370185 19.704481 1.617056 0.022593
