Pedestrian -1 -1 -10 454.000000 185.000000 477.000000 231.000000 1.682459 0.592283 0.735302 -5.129051 2.379489 25.538169 -1.724135 0.045370
Car -1 -1 -10 645.000000 187.000000 727.000000 243.000000 1.451330 1.579016 3.922292 2.332000 1.843729 20.412832 -1.598881 0.998802
Car -1 -1 -10 387.000000 195.000000 451.000000 246.000000 1.486360 1.570031 3.773969 -6.137697 2.194028 23.133152 1.369906 0.995795
Car -1 -1 -10 721.000000 184.000000 873.000000 301.000000 1.474225 1.591847 4.072917 3.232908 1.816958 10.929803 1.393393 0.994973
Car -1 -1 -10 562.000000 187.000000 600.000000 218.000000 1.446222 1.629121 3.850926 -1.380409 2.272749 39.233967 -1.643000 0.935552
Car -1 -1 -10 780.000000 143.000000 1241.000000 375.000000 1.498919 1.627263 4.182769 3.140772 1.367279 5.710852 -1.609703 0.872803
Car -1 -1 -10 610.000000 188.000000 673.000000 229.000000 1.456749 1.563336 3.852759 1.169872 1.971448 27.606527 -1.624446 0.020965
Car -1 -1 -10 421.000000 193.000000 461.000000 225.000000 1.532721 1.591094 3.715668 -6.655549 2.202652 28.352796 1.327299 0.015674
Cyclist -1 -1 -10 454.000000 185.000000 478.000000 233.000000 1.690251 0.582907 0.745099 -5.140552 2.347382 25.559067 -1.731264 0.914187
Cyclist -1 -1 -10 478.000000 185.000000 498.000000 230.000000 1.622161 0.598235 0.699079 -4.531187 2.310920 27.548710 -1.710945 0.883205
Cyclist -1 -1 -10 17.000000 206.000000 74.000000 291.000000 1.632666 0.579903 0.621661 -10.742471 2.624420 13.780000 -2.190589 0.020400
