Pedestrian -1 -1 -10 668.000000 160.000000 725.000000 302.000000 1.696909 0.594976 0.750938 1.135497 1.669771 8.865636 0.669574 0.998051
Pedestrian -1 -1 -10 608.000000 162.000000 660.000000 304.000000 1.678025 0.605559 0.726903 0.379852 1.671280 8.666986 -1.484992 0.994468
Pedestrian -1 -1 -10 231.000000 159.000000 287.000000 310.000000 1.662972 0.629407 0.651704 -3.568067 1.705676 7.800919 0.102075 0.793245
Pedestrian -1 -1 -10 4.000000 169.000000 47.000000 299.000000 1.619695 0.600536 0.680136 -8.464741 1.693836 10.299714 -2.200686 0.352061
Pedestrian -1 -1 -10 705.000000 156.000000 730.000000 232.000000 1.641481 0.624410 0.588510 3.477663 1.315299 19.408094 1.160077 0.312755
Pedestrian -1 -1 -10 714.000000 160.000000 743.000000 227.000000 1.653051 0.611526 0.600863 3.595526 1.285243 19.235880 1.174948 0.087687
Pedestrian -1 -1 -10 363.000000 178.000000 379.000000 226.000000 1.604706 0.606935 0.561715 -7.184486 1.562361 22.770568 -1.840843 0.078284
Pedestrian -1 -1 -10 727.000000 161.000000 750.000000 222.000000 1.744405 0.584612 0.609412 3.827492 0.938503 20.521546 -1.394133 0.054151
Pedestrian -1 -1 -10 690.000000 154.000000 728.000000 267.000000 1.675497 0.603749 0.700794 1.136118 1.634736 9.066089 -1.390775 0.042254
Pedestrian -1 -1 -10 704.000000 161.000000 809.000000 291.000000 1.748006 0.598954 0.721595 1.409070 1.814125 9.354766 0.747024 0.035457
Pedestrian -1 -1 -10 616.000000 169.000000 646.000000 213.000000 1.639375 0.597716 0.556149 2.249714 1.618437 35.810934 -1.538582 0.033917
Pedestrian -1 -1 -10 651.000000 167.000000 671.000000 233.000000 1.623493 0.605405 0.669985 1.750765 1.320367 20.335379 -1.460989 0.030479
Pedestrian -1 -1 -10 246.000000 165.000000 353.000000 347.000000 1.717897 0.594679 0.764073 -2.529507 1.785376 6.419708 -1.914243 0.026363
Pedestrian -1 -1 -10 522.000000 170.000000 530.000000 197.000000 1.710648 0.599340 0.772173 -5.192800 1.343700 50.306747 -1.626388 0.022159
Pedestrian -1 -1 -10 456.000000 167.000000 473.000000 202.000000 1.640126 0.599585 0.587625 -8.813821 0.517206 43.983405 -1.729419 0.017518
Pedestrian -1 -1 -10 434.000000 171.000000 452.000000 210.000000 1.545798 1.406445 3.568397 -5.328082 2.419164 18.814897 1.340177 0.017085
Pedestrian -1 -1 -10 631.000000 168.000000 651.000000 236.000000 1.838003 0.614377 0.681988 -0.297907 1.477276 4.639342 1.690803 0.013257
Car -1 -1 -10 482.000000 168.000000 520.000000 204.000000 1.529899 1.585456 3.944212 -5.868682 1.352445 42.124846 -1.712779 0.063864
Cyclist -1 -1 -10 428.000000 167.000000 489.000000 274.000000 1.670013 0.569469 0.744433 -2.338590 1.637771 11.818575 -1.714626 0.999718
Cyclist -1 -1 -10 249.000000 162.000000 376.000000 369.000000 1.716568 0.564518 0.775056 -2.603012 1.752306 6.455611 -1.896981 0.999701
Cyclist -1 -1 -10 702.000000 170.000000 823.000000 287.000000 1.754798 0.606128 0.781461 1.335789 1.765076 9.401298 0.743006 0.588190
Cyclist -1 -1 -10 237.000000 162.000000 311.000000 318.000000 1.670365 0.617191 0.598201 -3.070848 1.609641 7.118715 1.648467 0.289593
Cyclist -1 -1 -10 676.000000 158.000000 745.000000 297.000000 1.681350 0.578971 0.770406 1.136642 1.627061 8.936604 -1.381186 0.086494
Cyclist -1 -1 -10 610.000000 164.000000 659.000000 299.000000 1.639873 0.587804 0.720517 0.387087 1.596818 8.654098 -1.492048 0.054973
Cyclist -1 -1 -10 4.000000 173.000000 73.000000 296.000000 1.729144 0.644519 0.634229 -8.226138 1.725393 9.956909 0.942256 0.052073
Cyclist -1 -1 -10 702.000000 157.000000 734.000000 240.000000 1.663355 0.588079 0.547754 3.598267 1.254964 18.467107 -1.421875 0.051489
Cyclist -1 -1 -10 703.000000 161.000000 769.000000 251.000000 1.704066 0.680436 0.818186 1.135389 2.208649 11.809268 1.759961 0.048455
Cyclist -1 -1 -10 434.000000 171.000000 454.000000 213.000000 1.525018 1.586758 3.755837 -3.573816 1.474729 12.593383 1.382445 0.041578
Cyclist -1 -1 -10 448.000000 170.000000 478.000000 206.000000 1.847410 0.680214 0.901292 -2.131144 1.845665 6.818307 1.421847 0.034094
Cyclist -1 -1 -10 651.000000 167.000000 671.000000 233.000000 1.611545 0.593751 0.682066 1.757778 1.279394 20.362920 -1.463673 0.027726
Cyclist -1 -1 -10 269.000000 174.000000 319.000000 277.000000 1.601836 0.589501 0.660281 -2.587202 1.455050 6.490647 -1.946735 0.021670
Cyclist -1 -1 -10 733.000000 167.000000 808.000000 241.000000 1.601097 0.621460 0.576597 4.038931 1.219500 15.467888 -1.315744 0.017008
