Pedestrian -1 -1 -10 776.000000 154.000000 814.000000 265.000000 1.649846 0.604331 0.725545 2.959623 1.388341 10.829594 -1.272166 0.988082
Pedestrian -1 -1 -10 347.000000 142.000000 365.000000 203.000000 1.628711 0.617499 0.626538 -8.087690 0.485610 23.183773 -1.869633 0.039442
Pedestrian -1 -1 -10 764.000000 160.000000 799.000000 260.000000 1.769333 0.583993 0.613010 3.942926 0.749542 14.011641 -1.335501 0.037337
Pedestrian -1 -1 -10 495.000000 151.000000 505.000000 186.000000 1.721620 0.626688 0.741086 -5.637610 0.605874 40.744166 1.913792 0.032823
Pedestrian -1 -1 -10 518.000000 152.000000 527.000000 183.000000 1.690628 0.642883 0.775281 -4.957034 0.354420 46.030931 -1.646306 0.030423
Pedestrian -1 -1 -10 850.000000 141.000000 868.000000 229.000000 1.661781 0.597716 0.695911 6.554070 1.331070 18.489528 -1.191987 0.025309
Pedestrian -1 -1 -10 776.000000 149.000000 792.000000 214.000000 1.769333 0.583993 0.613010 5.733274 0.412139 21.429439 -1.332227 0.023712
Pedestrian -1 -1 -10 826.000000 153.000000 846.000000 220.000000 1.605559 0.609150 0.587827 6.382970 0.911531 19.734051 -1.207007 0.022627
Pedestrian -1 -1 -10 675.000000 153.000000 695.000000 224.000000 1.679414 0.628210 0.649246 2.496004 0.640094 20.430817 -1.465860 0.020021
Pedestrian -1 -1 -10 361.000000 157.000000 400.000000 211.000000 1.670248 0.633532 0.566610 -8.413639 0.794904 26.423150 1.732585 0.017586
Pedestrian -1 -1 -10 834.000000 149.000000 865.000000 223.000000 1.690673 0.600324 0.726913 6.364638 1.291590 18.638003 -1.201540 0.010219
Car -1 -1 -10 1197.000000 177.000000 1236.000000 256.000000 1.483836 1.634914 3.581693 18.711746 0.764371 22.184967 2.283738 0.043589
Cyclist -1 -1 -10 441.000000 157.000000 494.000000 251.000000 1.689991 0.572318 0.753612 -2.643413 1.475065 13.741546 -1.705003 0.999383
Cyclist -1 -1 -10 345.000000 152.000000 416.000000 276.000000 1.701467 0.559481 0.741419 -3.328868 1.510828 10.969755 -1.809226 0.999314
Cyclist -1 -1 -10 361.000000 157.000000 400.000000 211.000000 1.679388 0.588279 1.692824 -8.370007 0.789947 26.056888 1.710116 0.037681
Cyclist -1 -1 -10 352.000000 151.000000 370.000000 199.000000 1.488184 1.573999 3.661882 -8.603877 0.463311 25.618388 1.248241 0.023126
