Pedestrian -1 -1 -10 761.000000 164.000000 806.000000 278.000000 1.688297 0.597934 0.658129 2.640003 1.529834 10.261179 -1.274516 0.964720
Pedestrian -1 -1 -10 732.000000 150.000000 750.000000 223.000000 1.613108 0.600568 0.630123 3.902520 1.260198 19.275788 -1.360531 0.159332
Pedestrian -1 -1 -10 455.000000 157.000000 467.000000 189.000000 1.639196 0.612404 0.618125 -7.600117 0.446600 39.940170 -1.770027 0.060024
Pedestrian -1 -1 -10 653.000000 158.000000 671.000000 220.000000 1.612152 0.599707 0.536814 2.582313 0.605471 26.449677 -1.475417 0.051151
Pedestrian -1 -1 -10 753.000000 176.000000 785.000000 279.000000 1.838977 0.613464 0.697986 0.720335 2.089422 6.244706 1.867482 0.042084
Pedestrian -1 -1 -10 804.000000 149.000000 820.000000 225.000000 1.641183 0.601547 0.675895 5.692028 1.395625 19.447931 -1.254871 0.033842
Pedestrian -1 -1 -10 585.000000 160.000000 628.000000 234.000000 1.685970 0.630647 0.597881 0.073665 1.375643 17.650058 1.032874 0.021427
Pedestrian -1 -1 -10 597.000000 154.000000 618.000000 213.000000 1.615808 0.607331 0.562324 0.543187 0.572964 36.778021 -1.564026 0.015824
Pedestrian -1 -1 -10 499.000000 159.000000 509.000000 187.000000 1.694756 0.635207 0.713452 -6.245395 0.749763 48.577226 -1.674583 0.014762
Pedestrian -1 -1 -10 538.000000 158.000000 546.000000 185.000000 1.718710 0.604237 0.670107 -4.188688 0.527246 49.537897 -1.591102 0.014035
Pedestrian -1 -1 -10 954.000000 148.000000 975.000000 230.000000 1.660466 0.623079 0.522694 8.739832 1.528927 17.479511 2.065351 0.012888
Pedestrian -1 -1 -10 840.000000 143.000000 863.000000 241.000000 1.706850 0.608123 0.603780 5.111096 1.344040 14.754569 2.410481 0.011096
Pedestrian -1 -1 -10 450.000000 161.000000 479.000000 232.000000 1.668222 0.595916 0.719196 -3.338675 1.456080 17.655490 -1.708743 0.010201
Car -1 -1 -10 1034.000000 153.000000 1241.000000 240.000000 1.515942 1.611397 4.080510 11.424496 0.664508 15.273807 1.663521 0.959550
Car -1 -1 -10 1139.000000 182.000000 1239.000000 369.000000 1.479655 1.567630 3.536746 5.575712 1.585599 5.813157 -0.852241 0.084879
Car -1 -1 -10 1138.000000 157.000000 1239.000000 251.000000 1.454021 1.553586 3.807336 11.248598 0.911354 13.216411 -0.878792 0.029926
Cyclist -1 -1 -10 384.000000 162.000000 432.000000 249.000000 1.695546 0.569386 0.751249 -3.988143 1.526834 14.902426 -1.779426 0.999683
Cyclist -1 -1 -10 449.000000 161.000000 482.000000 233.000000 1.645913 0.577837 0.721377 -3.331475 1.376758 17.707374 -1.710291 0.999666
Cyclist -1 -1 -10 453.000000 159.000000 470.000000 187.000000 1.698596 0.582576 0.667678 -7.635119 0.625490 39.256205 -1.785964 0.059297
Cyclist -1 -1 -10 1144.000000 181.000000 1240.000000 372.000000 1.628329 0.590714 0.682951 4.744603 1.652414 5.378163 -0.853668 0.042935
