Pedestrian -1 -1 -10 927.000000 154.000000 939.000000 197.000000 1.803217 0.604518 0.636928 0.766926 1.116987 2.542367 2.054812 0.171319
Pedestrian -1 -1 -10 927.000000 150.000000 951.000000 204.000000 1.789978 0.599918 0.629884 0.849028 1.138122 2.633003 -1.170899 0.117185
Pedestrian -1 -1 -10 943.000000 145.000000 993.000000 221.000000 1.778645 0.596982 0.627396 0.955264 1.156711 2.590334 -1.138670 0.069186
Pedestrian -1 -1 -10 968.000000 144.000000 989.000000 213.000000 1.784420 0.598854 0.628045 0.958106 1.145756 2.554756 -1.126928 0.061267
Pedestrian -1 -1 -10 923.000000 149.000000 968.000000 216.000000 1.812082 0.605930 0.642283 0.726042 1.094864 2.416909 2.069381 0.059076
Pedestrian -1 -1 -10 963.000000 150.000000 1006.000000 195.000000 1.722810 0.620760 0.575264 16.781837 1.967195 31.633920 -1.098254 0.011171
Car -1 -1 -10 332.000000 191.000000 467.000000 282.000000 1.486795 1.556133 3.726837 -3.999208 1.998863 13.603813 1.693609 0.998957
Car -1 -1 -10 651.000000 179.000000 700.000000 219.000000 1.478291 1.567224 3.903995 2.869564 1.736733 27.545657 -1.594490 0.998850
Car -1 -1 -10 6.000000 202.000000 369.000000 375.000000 1.490173 1.594353 3.719986 -3.681554 1.834636 6.161716 1.513390 0.995359
Car -1 -1 -10 796.000000 161.000000 954.000000 220.000000 1.472069 1.644072 4.214777 7.988461 1.086171 23.011223 1.374770 0.973246
Car -1 -1 -10 483.000000 183.000000 518.000000 209.000000 1.508305 1.511930 3.581762 -7.167278 2.036770 40.567857 1.956891 0.949909
Car -1 -1 -10 434.000000 183.000000 489.000000 223.000000 1.548987 1.555595 3.719973 -6.670692 2.101452 31.013746 1.789958 0.947338
Car -1 -1 -10 0.000000 215.000000 155.000000 345.000000 1.427007 1.546932 3.734973 -3.885146 1.716806 5.721046 0.976842 0.171159
Car -1 -1 -10 747.000000 163.000000 863.000000 207.000000 1.512120 1.654052 3.885526 7.797072 1.224381 30.870808 -0.157157 0.075412
Car -1 -1 -10 980.000000 149.000000 1060.000000 184.000000 1.481229 1.614767 3.915176 21.603901 0.623199 37.861464 -1.561028 0.026113
Car -1 -1 -10 894.000000 160.000000 980.000000 217.000000 1.449694 1.635469 3.653144 9.877063 0.548134 24.513441 2.018965 0.018075
Car -1 -1 -10 360.000000 192.000000 435.000000 228.000000 1.522360 1.585967 3.837419 -7.389479 3.347269 19.296561 1.258674 0.015841
Cyclist -1 -1 -10 939.000000 146.000000 991.000000 220.000000 1.783723 0.583487 0.640537 0.969650 1.126774 2.765392 2.087350 0.270086
Cyclist -1 -1 -10 925.000000 151.000000 970.000000 216.000000 1.810782 0.586582 0.647431 0.787324 1.072928 2.572623 2.069850 0.243911
Cyclist -1 -1 -10 962.000000 145.000000 985.000000 218.000000 1.546512 1.348791 3.425704 8.398535 2.790103 19.043176 1.995404 0.047066
Cyclist -1 -1 -10 928.000000 151.000000 951.000000 205.000000 1.819034 0.589060 0.655920 0.709553 1.050602 2.504329 2.060144 0.030906
Cyclist -1 -1 -10 972.000000 146.000000 994.000000 204.000000 1.752813 0.579793 0.644046 16.312049 1.904045 31.448826 -1.109621 0.019106
