Car -1 -1 -10 694.000000 185.000000 788.000000 257.000000 1.445345 1.555603 3.823304 3.192828 1.713239 16.594846 -1.505114 0.998976
Car -1 -1 -10 104.000000 185.000000 428.000000 273.000000 1.402955 1.598937 4.160952 -5.684362 1.638306 13.073151 0.457447 0.996499
Car -1 -1 -10 742.000000 175.000000 898.000000 233.000000 1.572922 1.700016 4.187876 6.448173 1.619002 22.007807 -2.397562 0.996248
Car -1 -1 -10 -3.000000 185.000000 240.000000 326.000000 1.502023 1.591965 3.728639 -5.911611 1.647681 7.234452 -1.617877 0.977144
Car -1 -1 -10 369.000000 178.000000 493.000000 222.000000 1.538518 1.598761 3.845752 -5.614937 1.611522 25.242799 1.790761 0.966950
Car -1 -1 -10 306.000000 180.000000 469.000000 239.000000 1.505314 1.541610 3.773841 -5.673957 1.697962 20.560662 1.744918 0.962845
Car -1 -1 -10 918.000000 159.000000 1248.000000 371.000000 1.437754 1.568537 3.758007 3.093033 1.562663 2.862704 1.529021 0.959809
Car -1 -1 -10 413.000000 178.000000 529.000000 213.000000 1.506673 1.590612 3.657150 -5.400664 1.876672 33.559084 1.866954 0.733494
Car -1 -1 -10 3.000000 164.000000 123.000000 369.000000 1.512254 1.608609 3.721150 -5.805305 1.573238 6.820792 -2.193122 0.267869
Car -1 -1 -10 693.000000 177.000000 750.000000 206.000000 1.460109 1.614836 3.963145 5.558867 1.506870 35.635316 1.267363 0.190417
