Car -1 -1 -10 739.000000 182.000000 954.000000 317.000000 1.473236 1.603733 3.993944 3.142348 1.538788 9.303774 1.492626 0.999550
Car -1 -1 -10 682.000000 171.000000 739.000000 221.000000 1.469057 1.565734 3.795482 3.595904 1.517820 24.884954 -1.501099 0.997689
Car -1 -1 -10 -5.000000 188.000000 274.000000 372.000000 1.452843 1.584843 3.844327 -5.272872 1.646636 7.351544 0.456804 0.993631
Car -1 -1 -10 102.000000 181.000000 371.000000 291.000000 1.467155 1.603123 3.910420 -6.116305 1.723655 11.696801 0.494910 0.987528
Car -1 -1 -10 302.000000 182.000000 487.000000 233.000000 1.578589 1.675739 4.177870 -5.425394 1.723913 22.212615 -1.897934 0.956595
Car -1 -1 -10 432.000000 175.000000 533.000000 209.000000 1.456908 1.587672 3.732010 -5.414342 1.667831 35.019770 -2.340200 0.946240
Car -1 -1 -10 377.000000 179.000000 502.000000 224.000000 1.511536 1.517168 3.864121 -5.530115 1.557979 23.614148 0.767256 0.778758
Car -1 -1 -10 471.000000 174.000000 556.000000 203.000000 1.555125 1.584157 3.884505 -4.695072 1.323806 39.276957 1.869995 0.261218
Car -1 -1 -10 663.000000 173.000000 691.000000 198.000000 1.501571 1.589052 3.730397 4.133278 1.433449 43.341712 -1.443442 0.207014
Car -1 -1 -10 257.000000 180.000000 389.000000 240.000000 1.593616 1.648877 4.018423 -7.180403 1.467233 18.749424 -3.045989 0.190814
Car -1 -1 -10 160.000000 180.000000 291.000000 216.000000 1.473522 1.618791 3.710840 -12.623943 1.246904 26.100468 -2.049628 0.037852
Car -1 -1 -10 674.000000 172.000000 712.000000 206.000000 1.406067 1.578719 3.797327 3.838340 1.262897 29.728593 -1.534013 0.037584
