Car -1 -1 -10 789.000000 180.000000 1204.000000 375.000000 1.483159 1.616504 4.061225 3.217093 1.474923 6.327061 -1.659928 0.999623
Car -1 -1 -10 532.000000 179.000000 568.000000 204.000000 1.515180 1.599158 3.913638 -3.613326 1.877953 43.513072 1.513623 0.999144
Car -1 -1 -10 271.000000 176.000000 410.000000 264.000000 1.615819 1.587460 3.769032 -6.237711 1.919893 16.788273 1.683092 0.998585
Car -1 -1 -10 368.000000 180.000000 456.000000 234.000000 1.555036 1.593702 3.711888 -6.091847 2.039809 23.212097 1.742068 0.997992
Car -1 -1 -10 0.000000 208.000000 257.000000 369.000000 1.500967 1.606451 3.644906 -6.119056 1.980510 8.482063 1.532556 0.995092
Car -1 -1 -10 448.000000 183.000000 498.000000 213.000000 1.434324 1.521011 3.717198 -6.515479 1.980671 32.817170 1.807398 0.918358
Car -1 -1 -10 691.000000 167.000000 768.000000 193.000000 1.531685 1.581752 3.718540 1.973902 2.716396 19.845452 -1.546374 0.879888
Car -1 -1 -10 963.000000 156.000000 1141.000000 224.000000 1.512021 1.700554 3.992273 14.862635 0.892515 24.225011 0.452976 0.126158
Car -1 -1 -10 917.000000 166.000000 1190.000000 313.000000 1.496371 1.534766 3.726572 6.791824 1.361257 8.799291 1.566798 0.021716
Cyclist -1 -1 -10 958.000000 154.000000 1145.000000 234.000000 1.502621 1.602944 3.919160 14.070201 1.205508 22.918010 1.603216 0.065440
