Pedestrian -1 -1 -10 252.000000 156.000000 329.000000 308.000000 1.745454 0.605768 0.776582 -3.499538 1.606753 8.593158 -1.943675 0.993318
Pedestrian -1 -1 -10 304.000000 150.000000 364.000000 299.000000 1.745385 0.601749 0.796295 -3.388954 1.624449 8.787519 -1.887184 0.990266
Pedestrian -1 -1 -10 368.000000 161.000000 389.000000 222.000000 1.631972 0.607185 0.673229 -6.490730 1.247234 20.480225 -1.853208 0.749297
Pedestrian -1 -1 -10 504.000000 160.000000 513.000000 190.000000 1.700831 0.591751 0.783750 -6.270453 0.977928 46.646789 0.418013 0.670195
Pedestrian -1 -1 -10 1.000000 139.000000 51.000000 348.000000 1.764351 0.605099 0.796379 -5.772432 1.613854 6.901612 -0.143720 0.054086
Pedestrian -1 -1 -10 338.000000 164.000000 393.000000 212.000000 1.637449 0.635435 0.716771 -10.165871 1.010081 30.444011 0.711741 0.010046
Car -1 -1 -10 562.000000 152.000000 610.000000 207.000000 1.469524 1.614465 3.773320 -0.772976 0.664926 27.490824 -1.626909 0.706146
Car -1 -1 -10 0.000000 136.000000 50.000000 349.000000 1.543102 1.595425 3.584886 -6.448456 1.516469 7.452092 -2.216995 0.014751
Cyclist -1 -1 -10 364.000000 163.000000 396.000000 214.000000 1.617179 0.587303 0.581495 -8.507465 1.154123 28.274144 -1.869971 0.053939
Cyclist -1 -1 -10 504.000000 160.000000 513.000000 190.000000 1.716208 0.587669 0.783694 -6.280895 0.938941 46.671789 -1.653181 0.020777
Cyclist -1 -1 -10 253.000000 156.000000 336.000000 304.000000 1.722350 0.604739 0.791260 -3.490965 1.542906 8.684909 -1.951552 0.011425
