Pedestrian -1 -1 -10 774.000000 166.000000 790.000000 210.000000 1.568700 0.600277 0.578258 12.608917 1.910845 50.076471 -1.321053 0.028457
Pedestrian -1 -1 -10 739.000000 183.000000 843.000000 253.000000 1.383708 1.659623 3.934592 4.268542 1.721447 15.984243 -1.413241 0.010542
Car -1 -1 -10 421.000000 184.000000 508.000000 238.000000 1.536114 1.589724 3.700331 -4.414853 2.003432 21.723428 1.780842 0.999528
Car -1 -1 -10 776.000000 180.000000 964.000000 291.000000 1.468507 1.595774 4.026641 4.291717 1.611779 11.449722 -1.693113 0.998144
Car -1 -1 -10 713.000000 179.000000 786.000000 232.000000 1.415974 1.534948 3.786344 4.552266 1.712282 22.229327 -1.497118 0.997187
Car -1 -1 -10 471.000000 182.000000 532.000000 224.000000 1.491111 1.553582 3.688542 -3.977777 1.997171 27.564213 1.846513 0.994792
Car -1 -1 -10 739.000000 181.000000 846.000000 253.000000 1.452072 1.553010 3.865682 4.518964 1.727531 16.393460 -1.443846 0.994617
Car -1 -1 -10 895.000000 199.000000 1235.000000 375.000000 1.464909 1.621716 4.019961 4.205413 1.610480 5.016969 1.574920 0.977104
Car -1 -1 -10 694.000000 177.000000 745.000000 218.000000 1.390501 1.529473 3.679430 4.581121 1.608420 27.787874 -1.517605 0.973368
Car -1 -1 -10 503.000000 182.000000 550.000000 215.000000 1.472825 1.564835 3.740334 -3.834525 1.846581 32.364315 1.638079 0.928443
Car -1 -1 -10 687.000000 175.000000 721.000000 207.000000 1.395939 1.588215 3.707764 4.855384 1.712948 35.856509 1.619458 0.150468
Car -1 -1 -10 1004.000000 172.000000 1095.000000 213.000000 1.514899 1.532420 3.773547 16.933083 1.485834 26.607292 1.527535 0.023057
Car -1 -1 -10 947.000000 173.000000 1027.000000 205.000000 1.510771 1.635742 3.948240 16.510692 1.221764 31.480141 -1.095609 0.017930
