Pedestrian -1 -1 -10 652.000000 167.000000 690.000000 280.000000 1.692407 0.603098 0.743066 1.065326 1.651875 10.981470 -1.432264 0.998217
Pedestrian -1 -1 -10 706.000000 164.000000 744.000000 277.000000 1.719888 0.607706 0.775691 1.900935 1.647528 11.130215 -1.357858 0.986167
Pedestrian -1 -1 -10 352.000000 168.000000 395.000000 286.000000 1.670397 0.614243 0.741786 -3.376987 1.679289 10.698632 -1.834140 0.980004
Pedestrian -1 -1 -10 481.000000 172.000000 501.000000 218.000000 1.611400 0.612962 0.698892 -3.913404 1.403528 26.243098 -1.691234 0.362142
Pedestrian -1 -1 -10 742.000000 164.000000 762.000000 220.000000 1.578186 0.600533 0.602342 4.776099 1.133749 22.593325 -1.322385 0.104164
Pedestrian -1 -1 -10 736.000000 162.000000 754.000000 223.000000 1.631477 0.598547 0.613525 4.839316 1.247009 22.708329 0.764284 0.075658
Pedestrian -1 -1 -10 728.000000 161.000000 747.000000 230.000000 1.623391 0.607769 0.578187 4.726725 1.349750 22.948741 0.762507 0.029765
Cyclist -1 -1 -10 492.000000 166.000000 533.000000 260.000000 1.695707 0.571185 0.759418 -1.780906 1.610664 14.743648 -1.640215 0.999065
Cyclist -1 -1 -10 559.000000 170.000000 592.000000 229.000000 1.664250 0.576942 0.744684 -0.783377 1.593834 20.949817 -1.557158 0.993981
Cyclist -1 -1 -10 525.000000 167.000000 552.000000 226.000000 1.687130 0.600065 0.749727 -2.096498 1.505778 23.619155 -1.621302 0.762865
Cyclist -1 -1 -10 503.000000 167.000000 555.000000 251.000000 1.719837 0.572181 0.779065 -1.782254 1.642980 14.843356 -1.612886 0.362454
Cyclist -1 -1 -10 705.000000 162.000000 746.000000 272.000000 1.697992 0.592725 0.768132 1.882243 1.572282 11.079363 -1.368073 0.176090
Cyclist -1 -1 -10 733.000000 164.000000 762.000000 224.000000 1.595952 0.615384 0.592484 4.942233 1.257044 22.522814 -1.340822 0.067428
Cyclist -1 -1 -10 479.000000 171.000000 501.000000 218.000000 1.622723 0.596651 0.706397 -3.909003 1.367473 26.259559 -1.693995 0.067099
Cyclist -1 -1 -10 711.000000 168.000000 780.000000 249.000000 1.625807 0.581319 0.627890 3.163464 1.690128 13.884490 -1.337229 0.052915
Cyclist -1 -1 -10 529.000000 170.000000 562.000000 207.000000 1.520626 1.579433 3.742428 -2.042611 1.855677 13.774454 1.502903 0.045425
Cyclist -1 -1 -10 349.000000 168.000000 395.000000 285.000000 1.660428 0.607416 0.747617 -3.391213 1.623310 10.677361 -1.848619 0.042094
Cyclist -1 -1 -10 487.000000 169.000000 517.000000 231.000000 1.516586 1.579098 3.766199 -2.951631 1.812759 14.357848 1.454348 0.028988
Cyclist -1 -1 -10 2.000000 145.000000 65.000000 249.000000 1.703757 0.599551 0.827446 -9.694339 1.382697 13.215800 -2.186084 0.014817
Cyclist -1 -1 -10 654.000000 167.000000 692.000000 280.000000 1.689676 0.598468 0.759094 1.079382 1.625696 10.962323 -1.438478 0.013725
