Car -1 -1 -10 743.000000 205.000000 1122.000000 377.000000 1.454811 1.586395 3.901065 3.157174 1.717980 6.417272 1.447595 0.999520
Car -1 -1 -10 669.000000 195.000000 850.000000 305.000000 1.502660 1.590191 4.109325 2.685749 1.892049 10.128717 1.316725 0.995461
Car -1 -1 -10 611.000000 182.000000 714.000000 263.000000 1.488660 1.565530 3.988144 1.283229 1.831431 16.751147 -1.661208 0.994511
Car -1 -1 -10 266.000000 202.000000 397.000000 298.000000 1.482233 1.596511 3.683163 -4.222181 1.871645 8.317609 -1.882911 0.994266
Car -1 -1 -10 0.000000 212.000000 317.000000 373.000000 1.461592 1.645739 3.620474 -3.157212 1.713025 4.053360 -2.130166 0.988410
Car -1 -1 -10 568.000000 186.000000 618.000000 227.000000 1.448860 1.572038 4.033291 -0.157909 2.105587 28.777621 1.122984 0.984674
Car -1 -1 -10 587.000000 184.000000 660.000000 241.000000 1.500192 1.567097 3.638778 -0.002186 1.836872 18.740287 -1.549598 0.945755
Car -1 -1 -10 978.000000 212.000000 1247.000000 374.000000 1.492266 1.602634 3.620574 3.236213 1.808856 2.978007 1.603847 0.929705
Car -1 -1 -10 448.000000 187.000000 479.000000 212.000000 1.519040 1.557293 3.776338 -9.470858 2.671134 45.897277 -1.719438 0.887423
Car -1 -1 -10 384.000000 181.000000 457.000000 240.000000 1.580509 1.584419 3.841061 -6.550202 2.051684 24.968956 -1.719493 0.569709
Car -1 -1 -10 559.000000 186.000000 591.000000 214.000000 1.395944 1.535232 3.469553 -1.865166 2.318408 38.424196 -1.656764 0.272375
