Car -1 -1 -10 722.000000 187.000000 967.000000 332.000000 1.457355 1.595648 3.954651 2.943285 1.641431 8.868587 1.490853 0.999628
Car -1 -1 -10 734.000000 177.000000 827.000000 219.000000 1.482221 1.592413 3.896833 6.132994 1.440019 27.296033 1.358517 0.987384
Car -1 -1 -10 803.000000 180.000000 1038.000000 264.000000 1.476427 1.661050 3.931293 6.610592 1.516792 14.787859 1.383148 0.986115
Car -1 -1 -10 380.000000 171.000000 506.000000 218.000000 1.455462 1.536955 3.899304 -6.029152 1.414062 26.654170 -2.967996 0.983763
Car -1 -1 -10 5.000000 169.000000 396.000000 290.000000 1.558412 1.638836 4.031109 -5.664544 1.575058 11.857687 -1.033044 0.952241
Car -1 -1 -10 684.000000 175.000000 754.000000 204.000000 1.487263 1.632629 3.819288 5.404403 1.549472 39.110202 -1.424660 0.945737
Car -1 -1 -10 330.000000 173.000000 472.000000 226.000000 1.492285 1.569908 3.847667 -5.828625 1.395696 21.891130 1.782958 0.939599
Car -1 -1 -10 439.000000 168.000000 521.000000 209.000000 1.556578 1.619445 3.872747 -5.634303 1.084385 33.125484 1.833371 0.467728
Car -1 -1 -10 0.000000 164.000000 183.000000 323.000000 1.525088 1.577482 3.686861 -6.339199 1.538493 8.216608 -1.711004 0.361760
Car -1 -1 -10 472.000000 170.000000 546.000000 199.000000 1.443498 1.563534 3.790192 -5.728818 1.558627 44.621739 1.926231 0.204720
Cyclist -1 -1 -10 736.000000 175.000000 829.000000 218.000000 1.461015 1.626764 3.958482 5.893943 1.467248 26.444613 1.366789 0.016030
