Car -1 -1 -10 714.000000 181.000000 878.000000 289.000000 1.439669 1.588072 3.977245 3.036807 1.567982 11.342461 1.463816 0.999705
Car -1 -1 -10 -6.000000 193.000000 331.000000 336.000000 1.483094 1.646291 3.884657 -5.604360 1.761612 8.787872 0.389842 0.998180
Car -1 -1 -10 670.000000 171.000000 724.000000 216.000000 1.441623 1.540140 3.913918 3.283161 1.466653 27.431276 1.511388 0.997019
Car -1 -1 -10 164.000000 181.000000 390.000000 272.000000 1.459385 1.591710 3.907595 -6.298118 1.743870 13.701844 0.538960 0.979299
Car -1 -1 -10 361.000000 180.000000 498.000000 226.000000 1.636856 1.717957 4.281346 -5.630234 1.779958 23.875277 0.814287 0.955812
Car -1 -1 -10 6.000000 196.000000 179.000000 372.000000 1.453151 1.623065 3.786169 -5.625099 1.718094 6.667906 -2.201672 0.878189
Car -1 -1 -10 462.000000 174.000000 546.000000 204.000000 1.464617 1.598915 3.820416 -4.830363 1.564449 39.912396 1.423690 0.821446
Car -1 -1 -10 425.000000 177.000000 526.000000 209.000000 1.486690 1.609845 4.017385 -5.990600 1.560821 36.127292 -2.360009 0.674132
Car -1 -1 -10 303.000000 183.000000 464.000000 235.000000 1.506392 1.565103 3.730868 -5.911193 1.591050 21.086951 -0.821433 0.372805
Car -1 -1 -10 656.000000 172.000000 692.000000 198.000000 1.495560 1.639917 3.582678 3.302073 1.664647 44.313995 1.659474 0.064796
Car -1 -1 -10 1.000000 206.000000 119.000000 323.000000 1.502578 1.628184 3.632711 -4.786282 1.703125 6.537745 -2.211730 0.050717
Car -1 -1 -10 265.000000 182.000000 393.000000 230.000000 1.525005 1.628263 3.863125 -7.772751 1.285863 20.555353 -1.922008 0.049206
