Pedestrian -1 -1 -10 960.000000 160.000000 992.000000 235.000000 1.696050 0.606541 0.776308 8.500458 1.743460 16.639139 1.006788 0.840957
Pedestrian -1 -1 -10 927.000000 161.000000 957.000000 232.000000 1.698841 0.598203 0.731423 7.554310 1.637859 16.613803 -1.104888 0.186726
Pedestrian -1 -1 -10 931.000000 162.000000 984.000000 235.000000 1.769333 0.583993 0.613010 6.175729 1.162183 13.464792 -1.132766 0.015040
Cyclist -1 -1 -10 886.000000 159.000000 947.000000 252.000000 1.658767 0.625307 0.741524 5.935656 1.529514 13.509437 -1.143109 0.999662
Cyclist -1 -1 -10 921.000000 162.000000 959.000000 238.000000 1.693373 0.701254 0.777984 2.741970 1.492288 7.667659 -1.185107 0.913639
Cyclist -1 -1 -10 954.000000 162.000000 997.000000 235.000000 1.696359 0.594745 0.782132 8.503568 1.740334 16.711945 -1.055388 0.756459
Cyclist -1 -1 -10 770.000000 169.000000 786.000000 211.000000 1.625734 0.600369 0.684935 7.086708 1.619546 30.154632 -1.323554 0.592038
Cyclist -1 -1 -10 910.000000 163.000000 1006.000000 235.000000 1.735143 0.671405 0.839201 8.332194 1.616904 17.179045 -1.124014 0.399386
Cyclist -1 -1 -10 939.000000 169.000000 966.000000 222.000000 1.634242 0.717193 0.704497 3.786139 1.573452 9.933108 2.013539 0.089913
Cyclist -1 -1 -10 909.000000 163.000000 942.000000 205.000000 1.738082 0.691199 0.821174 2.757676 1.770582 8.214171 1.987249 0.071620
Cyclist -1 -1 -10 972.000000 171.000000 1020.000000 226.000000 1.526320 1.282321 3.409834 9.486095 3.688680 20.275804 1.965083 0.020571
Cyclist -1 -1 -10 947.000000 168.000000 980.000000 211.000000 1.662791 0.698438 0.760209 4.257412 1.872669 10.755898 -1.160666 0.017081
