Pedestrian -1 -1 -10 609.000000 161.000000 662.000000 309.000000 1.684861 0.601541 0.735678 0.364607 1.666633 8.264676 -1.483559 0.997154
Pedestrian -1 -1 -10 668.000000 161.000000 725.000000 306.000000 1.711031 0.606224 0.757116 1.132585 1.661689 8.495033 -1.397867 0.996353
Pedestrian -1 -1 -10 714.000000 162.000000 736.000000 232.000000 1.645780 0.595946 0.689964 3.410957 1.273554 19.479284 -1.363898 0.500849
Pedestrian -1 -1 -10 197.000000 161.000000 281.000000 349.000000 1.698348 0.579299 0.750788 -2.630552 1.695039 4.646619 0.084737 0.419151
Pedestrian -1 -1 -10 734.000000 163.000000 757.000000 233.000000 1.610169 0.623809 0.614208 3.545982 1.329333 17.317357 -1.360717 0.284628
Pedestrian -1 -1 -10 107.000000 163.000000 268.000000 375.000000 1.692886 0.581267 0.748150 -2.597706 1.749125 4.543280 0.024504 0.067245
Pedestrian -1 -1 -10 370.000000 178.000000 381.000000 212.000000 1.630692 0.595524 0.620295 -10.128690 1.517852 32.731389 -1.860982 0.063438
Pedestrian -1 -1 -10 648.000000 168.000000 668.000000 232.000000 1.650629 0.605934 0.701192 1.644443 1.430514 19.799114 -1.456662 0.050295
Pedestrian -1 -1 -10 387.000000 172.000000 396.000000 203.000000 1.667562 0.601604 0.597570 -10.339102 1.242722 35.277328 -1.810001 0.044383
Pedestrian -1 -1 -10 631.000000 164.000000 664.000000 255.000000 1.628792 0.602327 0.657483 0.399565 1.463228 8.291480 -1.486832 0.021117
Pedestrian -1 -1 -10 620.000000 169.000000 644.000000 222.000000 1.626686 0.597098 0.564793 2.172420 1.667671 34.785424 -1.523077 0.019991
Pedestrian -1 -1 -10 1207.000000 192.000000 1235.000000 258.000000 1.814128 0.611276 0.660064 2.650660 1.470847 3.910423 2.353704 0.015918
Pedestrian -1 -1 -10 614.000000 172.000000 654.000000 244.000000 1.646038 0.593097 0.612663 1.500421 1.283310 19.995329 -1.519166 0.011847
Cyclist -1 -1 -10 102.000000 159.000000 296.000000 376.000000 1.706677 0.565441 0.770503 -2.657569 1.721310 4.597765 -2.033067 0.999631
Cyclist -1 -1 -10 388.000000 168.000000 456.000000 300.000000 1.666908 0.560466 0.736986 -2.452664 1.721476 9.798306 -1.763859 0.999491
Cyclist -1 -1 -10 429.000000 164.000000 472.000000 256.000000 1.701729 0.598910 0.754695 -2.930574 1.574733 14.410956 -1.737272 0.990803
Cyclist -1 -1 -10 190.000000 159.000000 284.000000 349.000000 1.683109 0.560950 0.745368 -2.653175 1.653090 4.610578 -1.993966 0.712198
Cyclist -1 -1 -10 711.000000 170.000000 849.000000 299.000000 1.749948 0.627708 0.775840 1.479969 1.765522 8.913703 -1.865786 0.125913
Cyclist -1 -1 -10 665.000000 160.000000 748.000000 292.000000 1.685324 0.602665 0.758610 1.105428 1.601128 8.460022 -1.405569 0.117267
Cyclist -1 -1 -10 611.000000 164.000000 661.000000 310.000000 1.669649 0.589001 0.741253 0.375525 1.614704 8.277199 -1.488331 0.060927
Cyclist -1 -1 -10 713.000000 161.000000 735.000000 237.000000 1.629035 0.587567 0.622947 3.459832 1.208038 19.374961 -1.392301 0.057700
Cyclist -1 -1 -10 428.000000 169.000000 454.000000 242.000000 1.653459 0.584389 0.723719 -2.993452 1.505529 14.591835 -1.751257 0.041787
Cyclist -1 -1 -10 634.000000 168.000000 670.000000 244.000000 1.532671 1.584957 3.680181 0.000665 1.545156 11.765074 1.650416 0.040968
Cyclist -1 -1 -10 138.000000 186.000000 265.000000 325.000000 1.643832 0.571129 0.698015 -2.680248 1.588699 4.668638 -2.035606 0.017894
Cyclist -1 -1 -10 613.000000 169.000000 651.000000 236.000000 1.660218 0.580946 0.623431 1.423432 1.328347 20.172319 -1.533985 0.012554
