Pedestrian -1 -1 -10 677.000000 140.000000 737.000000 298.000000 1.715884 0.608185 0.757171 1.362575 1.455763 8.241901 -1.376939 0.998577
Pedestrian -1 -1 -10 743.000000 144.000000 812.000000 300.000000 1.681992 0.604436 0.741675 1.986120 1.453210 8.019407 -1.293857 0.998127
Pedestrian -1 -1 -10 834.000000 143.000000 891.000000 302.000000 1.676454 0.611258 0.740451 2.999943 1.477771 7.831862 -1.180777 0.997461
Pedestrian -1 -1 -10 494.000000 141.000000 543.000000 294.000000 1.745607 0.597809 0.750140 -0.979530 1.465897 8.532435 -1.640263 0.997406
Pedestrian -1 -1 -10 1012.000000 126.000000 1135.000000 369.000000 1.729514 0.584294 0.749544 2.466303 1.548883 3.882288 1.138208 0.997006
Pedestrian -1 -1 -10 915.000000 137.000000 1070.000000 368.000000 1.689668 0.592195 0.733051 2.291058 1.539408 3.746648 -1.023884 0.994570
Pedestrian -1 -1 -10 565.000000 138.000000 613.000000 280.000000 1.715146 0.602282 0.750509 -0.128942 1.383628 9.357509 -1.540382 0.993121
Pedestrian -1 -1 -10 910.000000 143.000000 959.000000 297.000000 1.674735 0.594089 0.599174 1.996873 1.499023 3.735358 -1.134240 0.992095
Pedestrian -1 -1 -10 632.000000 138.000000 675.000000 266.000000 1.736702 0.579860 0.752882 0.626764 1.393759 9.996665 0.624024 0.991573
Pedestrian -1 -1 -10 534.000000 146.000000 579.000000 283.000000 1.725113 0.581946 0.740985 -0.625489 1.527217 9.092062 0.485606 0.988211
Pedestrian -1 -1 -10 610.000000 159.000000 654.000000 276.000000 1.714464 0.582098 0.734997 0.472873 1.472454 9.882958 -1.474818 0.974244
Pedestrian -1 -1 -10 479.000000 140.000000 507.000000 229.000000 1.631090 0.604514 0.675659 -2.068957 0.915113 13.913553 -1.698360 0.958942
Pedestrian -1 -1 -10 252.000000 135.000000 295.000000 260.000000 1.679130 0.593491 0.708254 -5.245130 1.113874 11.356030 -1.968195 0.632631
Pedestrian -1 -1 -10 591.000000 138.000000 624.000000 224.000000 1.769333 0.583993 0.613010 0.341675 1.890294 19.230754 -1.577966 0.560631
Pedestrian -1 -1 -10 673.000000 146.000000 692.000000 205.000000 1.712171 0.608343 0.615471 2.427794 0.914542 23.284490 -1.413604 0.559443
Pedestrian -1 -1 -10 960.000000 167.000000 988.000000 224.000000 1.658008 0.619096 0.529092 10.086174 1.199421 19.338437 2.532750 0.447481
Pedestrian -1 -1 -10 917.000000 149.000000 1003.000000 309.000000 1.624332 0.597274 0.625112 2.135223 1.357593 3.651202 -1.087436 0.234633
Pedestrian -1 -1 -10 561.000000 142.000000 580.000000 207.000000 1.685437 0.595211 0.606638 -1.604993 0.208996 28.798473 -1.622707 0.170175
Pedestrian -1 -1 -10 247.000000 138.000000 345.000000 251.000000 1.717433 0.608265 0.701675 -5.360817 1.177852 11.843143 -1.952266 0.117050
Pedestrian -1 -1 -10 653.000000 144.000000 674.000000 222.000000 1.866684 0.626957 0.701967 -0.228491 1.806149 6.232382 1.725360 0.096316
Pedestrian -1 -1 -10 490.000000 139.000000 507.000000 203.000000 1.844464 0.616873 0.686814 -1.225989 1.471307 4.450129 1.489524 0.085572
Pedestrian -1 -1 -10 546.000000 145.000000 565.000000 189.000000 1.680540 0.635810 0.689331 -1.853863 0.512531 29.160722 -1.613636 0.060669
Pedestrian -1 -1 -10 518.000000 144.000000 537.000000 197.000000 1.673715 0.643230 0.545684 -2.673423 1.107889 30.343542 -1.642532 0.058820
Pedestrian -1 -1 -10 495.000000 141.000000 512.000000 185.000000 1.663243 0.623236 0.681795 -5.282846 0.033280 36.412465 -1.701957 0.038825
Pedestrian -1 -1 -10 285.000000 141.000000 337.000000 227.000000 1.750943 0.626949 0.767977 -7.518534 0.870927 17.185179 0.689296 0.019787
Pedestrian -1 -1 -10 842.000000 161.000000 887.000000 225.000000 1.642960 0.605613 0.657767 8.050384 1.321094 21.633383 -1.199824 0.010039
Cyclist -1 -1 -10 281.000000 142.000000 342.000000 234.000000 1.645449 0.645682 0.541146 -5.924979 1.321184 14.505161 1.684268 0.876213
Cyclist -1 -1 -10 248.000000 137.000000 310.000000 262.000000 1.708744 0.595461 0.664416 -5.188048 1.055502 11.086616 0.632531 0.599580
Cyclist -1 -1 -10 334.000000 145.000000 381.000000 198.000000 1.723153 0.616640 0.600038 -11.621032 0.782816 31.835854 -1.839291 0.524998
Cyclist -1 -1 -10 300.000000 148.000000 371.000000 208.000000 1.734853 0.499382 1.528908 -8.364957 0.429781 23.671555 -1.946428 0.253021
Cyclist -1 -1 -10 543.000000 147.000000 568.000000 189.000000 1.670770 0.650108 0.672131 -1.779303 0.498825 29.148600 -1.634514 0.163404
Cyclist -1 -1 -10 554.000000 145.000000 576.000000 196.000000 1.628776 0.593993 0.634277 -1.839905 0.188749 28.726391 -1.621831 0.045354
Cyclist -1 -1 -10 589.000000 140.000000 621.000000 222.000000 1.507199 1.595491 3.782714 -0.858930 1.826186 15.532914 1.614318 0.036647
Cyclist -1 -1 -10 478.000000 139.000000 507.000000 231.000000 1.612865 0.593764 0.653138 -2.079563 0.800413 13.987327 -1.706736 0.022863
Cyclist -1 -1 -10 513.000000 143.000000 534.000000 187.000000 1.405643 1.585744 3.788293 -3.395795 1.061824 33.691147 1.434888 0.020345
Cyclist -1 -1 -10 494.000000 140.000000 512.000000 187.000000 1.654270 0.586575 0.630636 -5.168044 0.071306 36.107016 -1.717007 0.013190
Cyclist -1 -1 -10 493.000000 140.000000 539.000000 291.000000 1.693193 0.591496 0.760652 -0.963382 1.390197 8.492289 -1.655588 0.011588
Cyclist -1 -1 -10 569.000000 139.000000 615.000000 265.000000 1.662324 0.583457 0.733198 -0.121772 1.247565 9.359173 -1.550465 0.011215
Cyclist -1 -1 -10 960.000000 167.000000 989.000000 225.000000 1.772955 0.582007 0.623609 0.797906 1.157071 2.131013 -1.112575 0.011006
