Pedestrian -1 -1 -10 564.000000 138.000000 602.000000 234.000000 1.660218 0.618464 0.641862 -0.495313 1.027023 14.038441 -1.556140 0.998068
Pedestrian -1 -1 -10 605.000000 135.000000 638.000000 231.000000 1.693161 0.611329 0.757965 0.425664 1.043607 13.580519 -1.504806 0.997351
Pedestrian -1 -1 -10 816.000000 139.000000 903.000000 368.000000 1.709908 0.597712 0.730764 2.149072 1.522720 5.301059 -1.171200 0.995139
Pedestrian -1 -1 -10 525.000000 140.000000 559.000000 222.000000 1.606213 0.614342 0.651878 -1.331736 0.859023 15.433561 -1.630567 0.987270
Pedestrian -1 -1 -10 893.000000 135.000000 993.000000 351.000000 1.670416 0.607616 0.686579 2.851611 1.509456 6.012784 2.507999 0.978279
Pedestrian -1 -1 -10 488.000000 138.000000 514.000000 217.000000 1.604548 0.602521 0.644114 -2.349704 0.618785 16.335779 -1.690625 0.943724
Pedestrian -1 -1 -10 687.000000 145.000000 703.000000 204.000000 1.700400 0.617707 0.653710 3.080710 0.603160 24.001904 2.202010 0.862378
Pedestrian -1 -1 -10 520.000000 139.000000 543.000000 215.000000 1.621006 0.593387 0.606922 -2.310307 0.334697 22.014995 -1.658720 0.686313
Pedestrian -1 -1 -10 560.000000 142.000000 587.000000 218.000000 1.630774 0.597109 0.572646 -0.755594 0.575071 16.016451 -1.605046 0.557077
Pedestrian -1 -1 -10 438.000000 143.000000 469.000000 220.000000 1.651886 0.588554 0.506103 -3.750137 0.674698 19.037891 0.815120 0.444895
Pedestrian -1 -1 -10 252.000000 134.000000 284.000000 253.000000 1.624892 0.598508 0.672279 -5.399140 1.067282 11.752020 -1.970864 0.443826
Pedestrian -1 -1 -10 466.000000 143.000000 494.000000 216.000000 1.682150 0.601661 0.583438 -3.623835 0.793910 19.801835 -1.710459 0.399055
Pedestrian -1 -1 -10 265.000000 138.000000 302.000000 242.000000 1.588688 0.598640 0.593276 -5.149726 0.777733 11.776352 -1.983891 0.344479
Pedestrian -1 -1 -10 543.000000 140.000000 575.000000 214.000000 1.687452 0.684910 0.739513 -1.822322 2.098199 12.340928 -1.695963 0.223828
Pedestrian -1 -1 -10 538.000000 143.000000 561.000000 206.000000 1.747106 0.677544 0.786409 -1.438521 1.783070 8.793235 -1.688154 0.202825
Pedestrian -1 -1 -10 502.000000 143.000000 519.000000 206.000000 1.694330 0.596425 0.606653 -2.590758 0.333482 21.634182 -1.707761 0.141127
Pedestrian -1 -1 -10 579.000000 139.000000 600.000000 197.000000 1.669382 0.628342 0.612276 -0.349494 0.641112 28.901536 -1.583485 0.122262
Pedestrian -1 -1 -10 547.000000 141.000000 564.000000 191.000000 1.699237 0.613690 0.599959 -2.139186 0.546472 30.920133 -1.616353 0.112723
Cyclist -1 -1 -10 436.000000 143.000000 471.000000 232.000000 1.641525 0.591829 0.682090 -3.197388 0.956042 15.032913 -1.747663 0.791356
Cyclist -1 -1 -10 402.000000 145.000000 484.000000 223.000000 1.608632 0.590147 0.614553 -3.324388 0.641005 15.257051 -1.778461 0.521461
Cyclist -1 -1 -10 276.000000 139.000000 321.000000 226.000000 1.752813 0.579793 0.644046 -7.504221 0.171560 17.533131 -1.995435 0.343450
Cyclist -1 -1 -10 260.000000 135.000000 295.000000 245.000000 1.586001 0.589438 0.608610 -5.174917 0.788608 11.796801 -1.991308 0.210228
Cyclist -1 -1 -10 466.000000 144.000000 490.000000 214.000000 1.661728 0.599849 0.560383 -3.586183 0.602345 19.770474 -1.725308 0.201023
Cyclist -1 -1 -10 385.000000 152.000000 452.000000 208.000000 1.627267 0.596718 0.679966 -5.937194 0.665372 23.568519 -1.805845 0.165170
Cyclist -1 -1 -10 289.000000 151.000000 350.000000 207.000000 1.726868 0.552912 1.714263 -12.112301 0.798566 30.867603 -1.975329 0.156401
Cyclist -1 -1 -10 327.000000 151.000000 391.000000 199.000000 1.692693 0.538204 1.617114 -11.533311 0.697075 31.386022 -1.861952 0.141880
Cyclist -1 -1 -10 363.000000 149.000000 427.000000 205.000000 1.726685 0.602372 0.718963 -6.552978 0.397453 24.528172 -1.868112 0.090996
Cyclist -1 -1 -10 416.000000 145.000000 437.000000 195.000000 1.527501 1.572961 3.756176 -3.978948 1.424565 12.454471 1.346297 0.069238
Cyclist -1 -1 -10 402.000000 143.000000 427.000000 190.000000 1.400973 1.635972 3.779864 -8.950907 1.050056 34.780950 -1.844443 0.061299
Cyclist -1 -1 -10 521.000000 140.000000 547.000000 213.000000 1.681700 0.708399 0.757302 -1.562397 1.526591 8.697049 -1.717475 0.052965
Cyclist -1 -1 -10 563.000000 140.000000 601.000000 231.000000 1.648580 0.622169 0.642732 -0.470885 0.942668 13.979853 -1.575911 0.021509
Cyclist -1 -1 -10 535.000000 141.000000 560.000000 208.000000 1.721065 0.691070 0.808534 -1.559425 1.848647 9.054182 1.490634 0.020627
Cyclist -1 -1 -10 545.000000 141.000000 562.000000 188.000000 1.699183 0.615847 0.631532 -2.219214 0.400427 30.842089 1.514714 0.016583
Cyclist -1 -1 -10 579.000000 139.000000 600.000000 197.000000 1.668758 0.596775 0.592843 -0.109983 0.746839 29.110853 -1.596044 0.015117
