Pedestrian -1 -1 -10 455.000000 161.000000 474.000000 223.000000 1.602016 0.594597 0.579631 -4.446941 1.001753 21.423904 -1.749004 0.650244
Car -1 -1 -10 369.000000 174.000000 530.000000 288.000000 1.533197 1.594302 3.721100 -2.316526 1.546476 11.013129 -1.360776 0.999444
Car -1 -1 -10 748.000000 164.000000 981.000000 341.000000 1.487349 1.580605 3.934840 2.919570 1.514826 8.319171 -1.387214 0.999227
Car -1 -1 -10 467.000000 173.000000 572.000000 248.000000 1.509259 1.523382 3.659273 -2.149023 1.706035 16.211097 1.941851 0.997945
Car -1 -1 -10 681.000000 173.000000 726.000000 210.000000 1.434549 1.557026 3.733929 4.051752 1.465381 29.570360 -1.502235 0.997783
Car -1 -1 -10 577.000000 170.000000 610.000000 199.000000 1.510539 1.610388 3.788719 -0.575647 1.506521 43.383875 -1.556297 0.993575
Car -1 -1 -10 715.000000 172.000000 830.000000 265.000000 1.446243 1.538732 3.830186 3.591168 1.737902 13.598856 -1.419640 0.981744
Car -1 -1 -10 670.000000 171.000000 705.000000 201.000000 1.489278 1.573780 3.889850 4.705587 1.391862 41.408368 -1.544928 0.188958
Car -1 -1 -10 665.000000 171.000000 690.000000 196.000000 1.471845 1.562560 3.476632 4.530201 1.555443 41.482696 -1.473972 0.037214
Cyclist -1 -1 -10 452.000000 159.000000 477.000000 223.000000 1.667542 0.542079 1.698422 -4.617679 0.988852 21.312059 -1.754551 0.078585
Cyclist -1 -1 -10 409.000000 168.000000 446.000000 221.000000 1.752813 0.579793 0.644046 -4.595253 1.103132 19.884113 -1.834847 0.025192
