Pedestrian -1 -1 -10 759.000000 141.000000 820.000000 321.000000 1.683116 0.624660 0.770379 1.886736 1.526699 7.302844 0.766890 0.997801
Pedestrian -1 -1 -10 889.000000 146.000000 954.000000 301.000000 1.727494 0.587658 0.745149 3.631928 1.475814 7.947719 -1.096037 0.997404
Pedestrian -1 -1 -10 430.000000 160.000000 480.000000 279.000000 1.680168 0.615093 0.724214 -2.333881 1.649496 11.510157 0.323088 0.995469
Pedestrian -1 -1 -10 576.000000 164.000000 612.000000 272.000000 1.699349 0.608055 0.762673 -0.011181 1.688467 11.514601 -1.541319 0.993312
Pedestrian -1 -1 -10 554.000000 167.000000 574.000000 222.000000 1.687861 0.607577 0.746340 -1.149995 1.425577 23.224301 -1.581897 0.924512
Pedestrian -1 -1 -10 221.000000 164.000000 277.000000 312.000000 1.629070 0.591294 0.613644 -2.888073 1.873655 6.639189 -2.011868 0.785369
Pedestrian -1 -1 -10 823.000000 149.000000 848.000000 248.000000 1.698648 0.597019 0.737144 4.786161 1.124148 13.625911 -1.208251 0.479721
Pedestrian -1 -1 -10 528.000000 168.000000 548.000000 219.000000 1.646549 0.612374 0.712040 -2.115941 1.338947 24.891297 -1.627265 0.467611
Pedestrian -1 -1 -10 595.000000 169.000000 615.000000 221.000000 1.687778 0.581817 0.608272 -0.084986 1.402071 24.356635 2.058649 0.108792
Pedestrian -1 -1 -10 495.000000 166.000000 511.000000 203.000000 1.698753 0.592617 0.738773 -5.446386 1.231401 38.160171 -1.659791 0.087230
Pedestrian -1 -1 -10 578.000000 165.000000 596.000000 225.000000 1.634620 0.593475 0.642982 -0.098345 1.258121 23.784501 0.547343 0.058939
Pedestrian -1 -1 -10 879.000000 151.000000 895.000000 210.000000 1.813745 0.666981 0.863000 2.373224 1.916021 7.980443 -1.208708 0.047262
Pedestrian -1 -1 -10 498.000000 169.000000 523.000000 203.000000 1.721770 0.597618 0.701362 -5.339787 1.271274 38.564112 -1.655911 0.034669
Pedestrian -1 -1 -10 365.000000 187.000000 396.000000 258.000000 1.619542 0.597871 0.576570 -4.454967 1.735385 14.508979 -1.845805 0.032453
Pedestrian -1 -1 -10 494.000000 167.000000 517.000000 223.000000 1.518304 1.525580 3.720053 -2.780638 1.610371 14.522213 1.469408 0.031239
Pedestrian -1 -1 -10 654.000000 160.000000 678.000000 225.000000 1.634933 0.585926 0.541879 1.605917 1.653845 19.347763 0.650093 0.024435
Pedestrian -1 -1 -10 329.000000 184.000000 358.000000 261.000000 1.612255 0.582445 0.558303 -5.252526 1.886644 14.303463 -1.883197 0.024414
Pedestrian -1 -1 -10 480.000000 169.000000 500.000000 219.000000 1.724982 0.593497 0.700003 -4.241243 1.559621 27.572134 1.909021 0.017905
Pedestrian -1 -1 -10 487.000000 167.000000 506.000000 214.000000 1.605035 0.604364 0.623483 -3.737895 1.083937 27.788046 -1.693771 0.016439
Pedestrian -1 -1 -10 490.000000 167.000000 531.000000 247.000000 1.658972 0.596387 0.727847 -1.697979 1.626310 14.094542 -1.644853 0.012780
Pedestrian -1 -1 -10 777.000000 147.000000 851.000000 325.000000 1.683931 0.628225 0.754694 1.849246 1.568732 7.299709 0.798909 0.012115
Pedestrian -1 -1 -10 845.000000 159.000000 862.000000 223.000000 1.769333 0.583993 0.613010 6.830004 1.562692 19.575327 -1.243549 0.011392
Cyclist -1 -1 -10 490.000000 168.000000 535.000000 260.000000 1.693185 0.593601 0.755729 -1.683073 1.660932 14.055173 -1.649727 0.997870
Cyclist -1 -1 -10 528.000000 167.000000 550.000000 219.000000 1.647253 0.597863 0.728262 -2.108856 1.298638 24.922098 -1.629344 0.367709
Cyclist -1 -1 -10 512.000000 168.000000 546.000000 237.000000 1.531283 1.561180 3.387647 -2.139998 2.342171 9.526754 1.539421 0.106324
Cyclist -1 -1 -10 430.000000 163.000000 481.000000 276.000000 1.659071 0.621364 0.721342 -2.286945 1.593443 11.544006 -1.742182 0.062193
Cyclist -1 -1 -10 480.000000 167.000000 500.000000 220.000000 1.780393 0.531365 1.731402 -4.146183 1.498154 27.510921 -1.707713 0.043094
Cyclist -1 -1 -10 498.000000 169.000000 523.000000 203.000000 1.753632 0.590153 0.727273 -5.419008 1.281063 38.584590 -1.665664 0.040596
Cyclist -1 -1 -10 494.000000 167.000000 517.000000 223.000000 1.529606 1.548204 3.722000 -2.715716 1.504937 14.347728 1.465336 0.028298
Cyclist -1 -1 -10 647.000000 164.000000 690.000000 227.000000 1.665815 0.600459 1.767905 1.286188 1.333775 17.849599 1.176534 0.027895
Cyclist -1 -1 -10 448.000000 168.000000 495.000000 243.000000 1.610930 0.586996 0.570727 -3.292906 1.414314 18.933950 -1.739281 0.027578
Cyclist -1 -1 -10 751.000000 141.000000 833.000000 324.000000 1.681575 0.629425 0.762046 1.881034 1.502209 7.312417 -1.298193 0.021961
Cyclist -1 -1 -10 577.000000 164.000000 612.000000 272.000000 1.689559 0.603430 0.762850 -0.007020 1.609739 11.514249 -1.550050 0.021584
Cyclist -1 -1 -10 196.000000 168.000000 290.000000 317.000000 1.605725 0.591887 0.593239 -3.002717 1.880635 6.968034 -2.032093 0.017449
Cyclist -1 -1 -10 495.000000 166.000000 511.000000 203.000000 1.687317 0.581208 0.626497 -5.429775 0.846179 38.180937 -1.711528 0.016117
Cyclist -1 -1 -10 474.000000 167.000000 513.000000 234.000000 1.663092 0.582543 0.628496 -3.134500 1.596661 18.371002 -1.722976 0.014362
Cyclist -1 -1 -10 487.000000 167.000000 506.000000 214.000000 1.620716 0.591756 0.634158 -3.770938 1.057781 27.834141 -1.697365 0.013355
Cyclist -1 -1 -10 650.000000 162.000000 672.000000 216.000000 1.644300 0.586853 0.689229 2.227567 1.033054 27.315832 -1.455840 0.010043
