Pedestrian -1 -1 -10 0.000000 190.000000 101.000000 376.000000 1.647954 0.608172 0.596347 -4.945607 2.039954 5.868901 1.363786 0.031498
Car -1 -1 -10 736.000000 193.000000 944.000000 327.000000 1.460392 1.592649 3.958058 3.182396 1.668722 9.616265 -1.393371 0.998775
Car -1 -1 -10 -8.000000 183.000000 298.000000 331.000000 1.494965 1.558118 3.855434 -5.640299 1.657384 8.230741 1.519965 0.998096
Car -1 -1 -10 636.000000 178.000000 668.000000 205.000000 1.496721 1.595693 3.812917 2.715563 1.998908 43.111469 -1.526390 0.997370
Car -1 -1 -10 783.000000 175.000000 1046.000000 262.000000 1.595781 1.687196 4.188836 6.628317 1.547636 15.141438 -2.313480 0.988796
Car -1 -1 -10 280.000000 181.000000 444.000000 242.000000 1.495096 1.565240 3.885717 -5.678720 1.612010 17.989790 1.683190 0.974980
Car -1 -1 -10 725.000000 180.000000 819.000000 227.000000 1.462489 1.588415 3.974347 5.693393 1.893950 25.887591 1.318293 0.968948
Car -1 -1 -10 744.000000 180.000000 873.000000 236.000000 1.428818 1.561929 3.918951 5.781973 1.556113 21.531043 1.441562 0.967384
Car -1 -1 -10 128.000000 180.000000 386.000000 271.000000 1.464048 1.550421 3.853342 -6.314608 1.461122 13.864190 1.651142 0.847880
Car -1 -1 -10 329.000000 174.000000 477.000000 231.000000 1.530261 1.548584 3.744309 -6.220587 1.594401 23.991147 1.777827 0.845092
Car -1 -1 -10 450.000000 179.000000 533.000000 209.000000 1.483448 1.592593 3.982107 -6.251000 1.664448 38.810882 1.971606 0.344308
Car -1 -1 -10 0.000000 191.000000 102.000000 376.000000 1.474410 1.561067 3.731712 -5.348709 1.903113 6.582305 0.967152 0.327461
