Pedestrian -1 -1 -10 522.000000 165.000000 535.000000 204.000000 1.631554 0.604029 0.668792 -3.238045 1.119132 30.249888 -1.651440 0.697773
Pedestrian -1 -1 -10 413.000000 166.000000 429.000000 210.000000 1.635149 0.605650 0.642399 -7.278699 1.318787 28.707073 0.753724 0.544681
Pedestrian -1 -1 -10 299.000000 175.000000 310.000000 213.000000 1.614913 0.601247 0.663084 -13.718377 1.633432 32.706283 -1.941342 0.174576
Pedestrian -1 -1 -10 293.000000 175.000000 307.000000 216.000000 1.677439 0.582699 0.713928 -13.893389 1.774854 32.107673 -1.930174 0.057486
Pedestrian -1 -1 -10 419.000000 167.000000 440.000000 211.000000 1.643540 0.629296 0.624267 -6.873944 1.203731 28.738219 0.785974 0.035378
Pedestrian -1 -1 -10 429.000000 166.000000 444.000000 209.000000 1.647233 0.613014 0.712884 -6.510269 1.219503 27.933808 -1.764809 0.012419
Car -1 -1 -10 463.000000 173.000000 531.000000 222.000000 1.518670 1.593942 3.705911 -3.552467 1.150264 23.133926 -1.581538 0.998676
Car -1 -1 -10 988.000000 149.000000 1084.000000 181.000000 1.534733 1.633602 3.942247 24.394746 -0.032986 39.714130 -0.060402 0.558445
Car -1 -1 -10 907.000000 159.000000 987.000000 184.000000 1.513153 1.684963 3.993973 19.093293 0.362093 39.207843 -0.091123 0.332658
Car -1 -1 -10 481.000000 171.000000 524.000000 202.000000 1.639528 1.634909 3.856279 -4.800431 0.605602 30.936248 1.453175 0.019818
Cyclist -1 -1 -10 617.000000 161.000000 653.000000 196.000000 1.700866 0.580675 0.612692 1.708309 1.790323 38.891546 -1.538916 0.998902
Cyclist -1 -1 -10 722.000000 154.000000 769.000000 200.000000 1.743121 0.619959 0.826661 5.554562 0.957058 30.635090 2.337472 0.997610
Cyclist -1 -1 -10 318.000000 170.000000 361.000000 222.000000 1.665669 0.584973 0.729332 -9.310492 1.453658 24.801214 -1.889023 0.967934
Cyclist -1 -1 -10 783.000000 149.000000 838.000000 201.000000 1.641353 0.597318 0.702768 7.639375 0.640560 27.040160 -1.274125 0.136972
