Pedestrian -1 -1 -10 898.000000 166.000000 924.000000 225.000000 1.649322 0.612234 0.736375 8.413432 1.741991 20.136984 -1.132335 0.879946
Pedestrian -1 -1 -10 871.000000 164.000000 894.000000 227.000000 1.657361 0.579906 0.534784 6.340123 1.703931 17.179113 -1.159068 0.586336
Pedestrian -1 -1 -10 754.000000 172.000000 766.000000 208.000000 1.638080 0.614250 0.690997 6.940935 1.717879 32.704278 -1.340185 0.050954
Pedestrian -1 -1 -10 879.000000 167.000000 915.000000 225.000000 1.678894 0.613526 0.727798 8.056842 1.587179 20.173496 -1.162843 0.050247
Pedestrian -1 -1 -10 854.000000 164.000000 888.000000 233.000000 1.641987 0.610625 0.724440 5.699896 1.600129 16.226602 -1.184742 0.015479
Pedestrian -1 -1 -10 904.000000 175.000000 930.000000 215.000000 1.687470 0.679562 0.746101 4.161323 2.342066 12.675886 -1.228890 0.010325
Car -1 -1 -10 895.000000 170.000000 927.000000 224.000000 1.536889 1.529822 3.486015 8.842770 1.628440 21.001542 -1.135677 0.019702
Cyclist -1 -1 -10 836.000000 159.000000 882.000000 238.000000 1.656044 0.615464 0.732416 5.764500 1.544581 16.280109 -1.209400 0.999224
Cyclist -1 -1 -10 896.000000 169.000000 925.000000 224.000000 1.652645 0.617012 0.718332 8.464045 1.780740 20.179669 -1.141976 0.707442
Cyclist -1 -1 -10 863.000000 166.000000 894.000000 229.000000 1.640594 0.596104 0.697939 5.747066 1.523561 16.179918 -1.192230 0.549375
Cyclist -1 -1 -10 754.000000 172.000000 766.000000 208.000000 1.644351 0.597074 0.710688 6.935635 1.683435 32.752955 -1.344705 0.090381
Cyclist -1 -1 -10 878.000000 166.000000 910.000000 224.000000 1.758513 0.508892 1.726785 8.019609 1.604693 20.173508 -1.175381 0.023916
