Car -1 -1 -10 266.000000 192.000000 434.000000 293.000000 1.555173 1.625653 3.718927 -4.122455 1.603578 11.612886 -1.414475 0.999707
Car -1 -1 -10 561.000000 178.000000 602.000000 215.000000 1.533214 1.620121 3.879320 -1.223810 1.232520 33.120508 -1.610007 0.999542
Car -1 -1 -10 -2.000000 180.000000 311.000000 372.000000 1.521710 1.596184 3.825312 -3.120539 1.564408 3.638537 1.626950 0.981974
Car -1 -1 -10 204.000000 184.000000 321.000000 246.000000 1.501708 1.607048 3.835513 -9.000131 1.400083 18.803631 -1.935821 0.977686
Car -1 -1 -10 291.000000 178.000000 347.000000 213.000000 1.519528 1.632844 3.787748 -13.454114 1.187133 32.673943 -1.927498 0.456474
Car -1 -1 -10 182.000000 182.000000 265.000000 225.000000 1.501032 1.574912 3.913648 -13.341301 0.842507 24.908607 1.050963 0.210014
Car -1 -1 -10 21.000000 187.000000 253.000000 284.000000 1.551676 1.597176 4.012732 -9.370314 1.352262 14.433542 0.451570 0.050692
Car -1 -1 -10 394.000000 190.000000 431.000000 220.000000 1.456103 1.551017 3.644103 -8.071197 1.764856 30.979375 1.328369 0.033042
Car -1 -1 -10 410.000000 187.000000 445.000000 214.000000 1.481383 1.568484 3.633116 -8.802885 1.740934 34.203925 -1.740778 0.026857
Car -1 -1 -10 105.000000 190.000000 244.000000 254.000000 1.452241 1.535135 3.391443 -10.939321 1.571605 19.545869 0.990897 0.022648
Car -1 -1 -10 428.000000 182.000000 470.000000 208.000000 1.383351 1.563414 3.653847 -9.018866 1.719790 39.598679 1.860492 0.012660
