Pedestrian -1 -1 -10 307.000000 187.000000 327.000000 218.000000 1.631699 0.596837 0.596210 -15.209289 2.744905 37.934894 -1.954394 0.128766
Pedestrian -1 -1 -10 289.000000 192.000000 302.000000 222.000000 1.744655 0.584178 0.608988 -15.990716 2.287078 37.513280 -1.994151 0.072784
Pedestrian -1 -1 -10 314.000000 191.000000 334.000000 218.000000 1.650579 0.600008 0.601939 -15.149204 2.828176 38.203396 -1.948190 0.029154
Pedestrian -1 -1 -10 280.000000 188.000000 342.000000 220.000000 1.706774 0.598652 0.683193 -15.471267 2.775629 38.073675 0.101437 0.016852
Pedestrian -1 -1 -10 285.000000 190.000000 296.000000 217.000000 1.522591 1.344636 3.564105 -10.236521 3.693013 19.717200 1.077463 0.011132
Car -1 -1 -10 109.000000 194.000000 323.000000 294.000000 1.523875 1.630717 3.765092 -6.968587 2.026320 12.595044 1.533737 0.998808
Car -1 -1 -10 441.000000 179.000000 590.000000 232.000000 1.510222 1.634669 4.046010 -2.828950 1.668172 22.672738 -2.848341 0.949689
Cyclist -1 -1 -10 306.000000 187.000000 328.000000 218.000000 1.630190 0.583180 0.618577 -15.261980 2.710342 37.984446 -1.956816 0.576718
Cyclist -1 -1 -10 280.000000 188.000000 342.000000 220.000000 1.694768 0.490977 1.567814 -15.523645 2.724388 38.206146 1.201581 0.118681
Cyclist -1 -1 -10 287.000000 191.000000 299.000000 222.000000 1.752812 0.579793 0.644045 -16.157224 2.241891 37.565785 -2.000810 0.019631
Cyclist -1 -1 -10 314.000000 191.000000 334.000000 218.000000 1.680740 0.579671 0.624581 -15.158499 2.798680 38.142359 -1.958771 0.015380
Cyclist -1 -1 -10 276.000000 193.000000 310.000000 225.000000 1.438042 1.513016 3.439682 -13.094473 1.918294 30.742555 -1.988870 0.011967
