Pedestrian -1 -1 -10 525.000000 180.000000 616.000000 348.000000 1.676664 0.607328 0.737109 -0.316304 1.854345 6.754219 -1.579624 0.997591
Pedestrian -1 -1 -10 784.000000 173.000000 867.000000 372.000000 1.627421 0.607088 0.701588 1.922182 1.805165 5.529550 -1.232765 0.996788
Pedestrian -1 -1 -10 767.000000 138.000000 827.000000 356.000000 1.702572 0.600972 0.690334 1.951989 1.728389 6.438076 0.825591 0.974213
Pedestrian -1 -1 -10 752.000000 160.000000 842.000000 286.000000 1.652105 0.630065 0.657708 1.988336 1.511513 7.300134 -1.292566 0.450481
Pedestrian -1 -1 -10 1099.000000 140.000000 1236.000000 370.000000 1.624060 0.600917 0.636038 2.718750 1.468334 2.900997 -0.858304 0.112095
Pedestrian -1 -1 -10 913.000000 167.000000 930.000000 209.000000 1.609073 0.703992 0.645893 4.227298 1.630948 11.519218 2.001359 0.047966
Car -1 -1 -10 724.000000 165.000000 1000.000000 265.000000 1.619783 1.676886 4.170412 4.710751 1.279229 13.138891 -2.366905 0.752335
Car -1 -1 -10 738.000000 166.000000 881.000000 300.000000 1.536575 1.598441 3.638284 2.225572 1.385350 8.127616 -1.256226 0.228379
Cyclist -1 -1 -10 750.000000 167.000000 861.000000 291.000000 1.752813 0.579793 0.644046 2.668616 1.791031 11.324328 -1.309496 0.074857
Cyclist -1 -1 -10 1085.000000 155.000000 1234.000000 371.000000 1.599765 0.597672 0.633410 2.755067 1.442609 2.940401 -0.871418 0.031541
