Car -1 -1 -10 805.000000 178.000000 1088.000000 370.000000 1.463645 1.586171 3.963443 3.228812 1.527603 7.052740 -1.251783 0.999705
Car -1 -1 -10 104.000000 203.000000 333.000000 324.000000 1.527883 1.627687 3.714743 -6.144941 2.124661 11.427862 1.575931 0.999169
Car -1 -1 -10 455.000000 187.000000 501.000000 219.000000 1.490182 1.584552 3.792535 -6.266666 2.144499 34.232964 1.580516 0.989953
Car -1 -1 -10 644.000000 175.000000 685.000000 206.000000 1.461767 1.561968 3.955597 3.140700 1.716568 36.638568 1.190497 0.986985
Car -1 -1 -10 476.000000 185.000000 517.000000 213.000000 1.460580 1.507334 3.667007 -6.249119 2.237248 36.570590 1.883955 0.749699
Car -1 -1 -10 202.000000 197.000000 270.000000 223.000000 1.522838 1.617304 3.908777 -21.214148 2.678381 40.921813 0.596729 0.457259
Car -1 -1 -10 170.000000 200.000000 226.000000 226.000000 1.467817 1.552306 3.788257 -23.487067 2.874723 41.909853 0.531429 0.365914
Car -1 -1 -10 254.000000 195.000000 318.000000 227.000000 1.584638 1.656811 3.964406 -18.644256 2.864488 40.340894 1.156593 0.299737
Car -1 -1 -10 498.000000 180.000000 531.000000 205.000000 1.442716 1.566675 3.758434 -6.263355 2.108888 42.573098 1.492028 0.059084
Car -1 -1 -10 137.000000 201.000000 187.000000 228.000000 1.476493 1.558471 3.804413 -24.681666 3.160763 41.317020 0.473792 0.035720
Cyclist -1 -1 -10 868.000000 176.000000 953.000000 228.000000 1.648073 0.584001 0.615223 11.471088 1.731158 27.756517 -1.182114 0.217364
