Car -1 -1 -10 775.000000 175.000000 923.000000 235.000000 1.538937 1.679458 4.097532 6.496808 1.536066 19.179340 -1.876464 0.997109
Car -1 -1 -10 629.000000 175.000000 681.000000 211.000000 1.442609 1.575224 3.816383 2.166194 1.558862 31.270291 -1.614396 0.994923
Car -1 -1 -10 349.000000 175.000000 481.000000 216.000000 1.490511 1.561165 3.839200 -6.881672 1.403870 28.781874 1.781790 0.993972
Car -1 -1 -10 0.000000 173.000000 259.000000 300.000000 1.610031 1.694394 3.967215 -6.993271 1.611174 10.784330 -3.239164 0.931460
Car -1 -1 -10 131.000000 178.000000 337.000000 276.000000 1.504223 1.610222 3.776644 -6.408708 1.659433 12.655903 0.560996 0.801452
Car -1 -1 -10 301.000000 175.000000 439.000000 229.000000 1.517324 1.604806 3.623406 -6.543957 1.659705 22.425239 -1.829308 0.374546
Car -1 -1 -10 430.000000 174.000000 519.000000 201.000000 1.374438 1.529722 3.644146 -6.833292 2.178634 43.284556 1.928615 0.258158
Car -1 -1 -10 165.000000 163.000000 419.000000 256.000000 1.659917 1.665489 4.085572 -6.108076 1.407877 14.827967 -3.155139 0.192079
Car -1 -1 -10 612.000000 173.000000 654.000000 201.000000 1.450263 1.577704 3.670977 1.517655 1.560283 40.010862 -1.551620 0.134300
Car -1 -1 -10 398.000000 173.000000 495.000000 207.000000 1.432272 1.605672 3.918348 -7.140506 1.366495 35.348677 1.794361 0.068824
Car -1 -1 -10 320.000000 192.000000 404.000000 222.000000 1.593943 1.624240 3.409348 -4.435530 2.140159 9.686589 1.286797 0.053634
