Car -1 -1 -10 724.000000 170.000000 905.000000 313.000000 1.495136 1.585488 3.986492 3.055595 1.557279 10.183767 -1.426351 0.998085
Car -1 -1 -10 682.000000 182.000000 773.000000 256.000000 1.467620 1.515496 3.782848 3.171206 1.814742 16.083356 -1.522227 0.993646
Car -1 -1 -10 17.000000 194.000000 326.000000 308.000000 1.428331 1.580012 3.917150 -5.893879 1.738789 9.902344 -3.293729 0.992919
Car -1 -1 -10 642.000000 179.000000 677.000000 205.000000 1.428560 1.561697 3.627067 2.757351 1.778561 39.056500 -1.515751 0.989468
Car -1 -1 -10 658.000000 173.000000 712.000000 225.000000 1.492747 1.559969 3.902497 3.028917 1.713829 25.591952 -1.581546 0.970136
Car -1 -1 -10 125.000000 192.000000 370.000000 280.000000 1.530926 1.555269 3.929074 -5.926696 1.753110 12.020166 -3.182069 0.865140
Car -1 -1 -10 2.000000 213.000000 109.000000 376.000000 1.519200 1.611310 3.751905 -5.408753 2.098755 6.011418 -2.205140 0.604351
Car -1 -1 -10 388.000000 186.000000 494.000000 225.000000 1.455448 1.583777 3.863419 -5.517568 1.810778 25.057891 0.816232 0.357189
Car -1 -1 -10 1.000000 201.000000 207.000000 354.000000 1.424099 1.566149 3.724312 -5.751512 1.825006 7.395855 0.438130 0.316227
Car -1 -1 -10 432.000000 178.000000 526.000000 212.000000 1.471786 1.614662 3.808969 -5.802680 1.849985 35.203623 0.865853 0.287013
Car -1 -1 -10 792.000000 174.000000 902.000000 256.000000 1.511703 1.600966 3.650816 6.312998 1.979020 15.226944 -1.225429 0.093408
