Car -1 -1 -10 721.000000 180.000000 808.000000 254.000000 1.466504 1.584274 3.853364 3.868878 1.656540 17.197569 -1.460865 0.998975
Car -1 -1 -10 173.000000 185.000000 441.000000 268.000000 1.537793 1.680484 4.221758 -5.538253 1.752919 14.275142 -3.156690 0.994708
Car -1 -1 -10 312.000000 182.000000 486.000000 235.000000 1.551856 1.666843 4.107072 -5.647342 1.658735 21.701942 -2.390570 0.987243
Car -1 -1 -10 440.000000 178.000000 537.000000 219.000000 1.516042 1.612254 3.905682 -4.454926 1.744314 30.012698 1.511410 0.987047
Car -1 -1 -10 679.000000 182.000000 722.000000 212.000000 1.418859 1.565101 3.715991 4.750062 1.929314 35.501238 -1.478545 0.973119
Car -1 -1 -10 699.000000 178.000000 767.000000 235.000000 1.445384 1.595834 3.842849 4.203422 1.760804 21.726463 -1.513112 0.969350
Car -1 -1 -10 384.000000 180.000000 511.000000 224.000000 1.580585 1.616232 3.919008 -5.358580 1.683765 27.327790 -2.936126 0.959639
Car -1 -1 -10 965.000000 190.000000 1245.000000 371.000000 1.481178 1.588026 3.685264 3.228516 1.775328 2.941089 1.586001 0.817186
Car -1 -1 -10 0.000000 184.000000 392.000000 285.000000 1.464924 1.578346 4.215702 -5.795304 1.379784 11.490668 -3.180625 0.723994
Car -1 -1 -10 143.000000 187.000000 288.000000 273.000000 1.499280 1.579920 3.837530 -7.258732 1.123775 14.960514 0.597858 0.163457
Car -1 -1 -10 476.000000 178.000000 557.000000 211.000000 1.482628 1.607448 3.894322 -3.944412 1.761431 35.285177 1.473089 0.145663
Car -1 -1 -10 9.000000 183.000000 165.000000 232.000000 1.460361 1.491175 3.546696 -16.189333 1.440386 22.388158 -2.172793 0.072774
Car -1 -1 -10 0.000000 239.000000 45.000000 372.000000 1.537350 1.606471 3.299151 -7.022536 2.228877 6.865041 0.982541 0.051099
