Pedestrian -1 -1 -10 579.000000 158.000000 606.000000 234.000000 1.668707 0.607208 0.742195 -0.111173 1.334912 16.640206 -1.544908 0.994561
Pedestrian -1 -1 -10 146.000000 167.000000 229.000000 360.000000 1.699775 0.601770 0.743646 -3.516244 1.706998 6.106140 -2.054958 0.993083
Pedestrian -1 -1 -10 1005.000000 153.000000 1074.000000 304.000000 1.605188 0.596735 0.670342 4.738226 1.332510 7.841382 -0.996000 0.951607
Pedestrian -1 -1 -10 809.000000 155.000000 851.000000 251.000000 1.682764 0.605430 0.730112 3.966708 1.360918 12.426063 -1.226425 0.918313
Pedestrian -1 -1 -10 548.000000 158.000000 573.000000 220.000000 1.681445 0.609372 0.732402 -1.169819 1.146209 20.735385 -1.593734 0.856483
Pedestrian -1 -1 -10 397.000000 162.000000 466.000000 301.000000 1.672946 0.604567 0.752124 -1.967242 1.686209 9.238011 -1.750723 0.823267
Pedestrian -1 -1 -10 0.000000 188.000000 109.000000 374.000000 1.895114 0.610323 0.726427 -3.078585 1.874480 3.128505 -2.235058 0.619444
Pedestrian -1 -1 -10 606.000000 159.000000 622.000000 204.000000 1.722468 0.575503 0.700100 0.308443 1.077728 28.347465 0.580638 0.516928
Pedestrian -1 -1 -10 1057.000000 148.000000 1085.000000 239.000000 1.813058 0.611086 0.665699 2.299200 1.567203 4.613649 2.218206 0.339631
Pedestrian -1 -1 -10 503.000000 156.000000 524.000000 231.000000 1.662006 0.601716 0.708624 -2.078139 1.253209 17.834286 -1.653208 0.250864
Pedestrian -1 -1 -10 621.000000 158.000000 635.000000 204.000000 1.611240 0.608784 0.609302 1.105350 0.919546 28.335554 -1.506341 0.237378
Pedestrian -1 -1 -10 575.000000 159.000000 592.000000 211.000000 1.654717 0.605629 0.716907 -0.684603 0.930593 29.416480 -1.560076 0.087183
Pedestrian -1 -1 -10 678.000000 154.000000 699.000000 207.000000 1.628530 0.606190 0.682290 3.852626 0.737355 31.656953 -1.423750 0.082397
Pedestrian -1 -1 -10 697.000000 153.000000 751.000000 239.000000 1.628769 0.639546 0.700038 2.426908 1.307304 13.993146 1.243328 0.058731
Pedestrian -1 -1 -10 592.000000 159.000000 608.000000 213.000000 1.686898 0.608488 0.749469 0.149157 1.012421 27.796297 -1.530767 0.052099
Pedestrian -1 -1 -10 665.000000 156.000000 683.000000 200.000000 1.629346 0.616512 0.617994 3.178568 0.644637 32.067414 -1.448998 0.021452
Car -1 -1 -10 1.000000 196.000000 106.000000 373.000000 1.479307 1.614100 3.328267 -4.897528 1.561128 4.967779 0.995576 0.012078
Cyclist -1 -1 -10 697.000000 152.000000 754.000000 241.000000 1.652396 0.628846 0.694407 2.443841 1.255497 13.995289 -1.405374 0.981015
Cyclist -1 -1 -10 394.000000 160.000000 468.000000 306.000000 1.679991 0.595648 0.768131 -1.993538 1.644096 9.231174 -1.759808 0.975865
Cyclist -1 -1 -10 124.000000 172.000000 242.000000 334.000000 1.665372 0.587028 0.735579 -3.509954 1.635331 6.127260 -2.066944 0.940150
Cyclist -1 -1 -10 925.000000 187.000000 1067.000000 371.000000 1.647182 0.607248 0.675001 2.505605 1.802605 5.161532 -1.057867 0.935016
Cyclist -1 -1 -10 982.000000 160.000000 1070.000000 320.000000 1.752813 0.579793 0.644046 3.004169 1.564781 5.031815 -1.052177 0.760731
Cyclist -1 -1 -10 0.000000 192.000000 112.000000 375.000000 1.897213 0.589158 0.786854 -2.690606 1.676731 2.635781 -2.240349 0.395092
Cyclist -1 -1 -10 677.000000 156.000000 698.000000 206.000000 1.653604 0.598970 0.690470 3.825675 0.709300 31.675420 -1.424476 0.239551
Cyclist -1 -1 -10 666.000000 156.000000 689.000000 205.000000 1.737726 0.491560 1.721719 3.593763 0.755503 31.639987 -1.446855 0.178395
Cyclist -1 -1 -10 808.000000 151.000000 862.000000 322.000000 1.623092 0.588672 0.624920 2.046299 1.883945 5.872130 -1.252438 0.147122
Cyclist -1 -1 -10 816.000000 164.000000 901.000000 359.000000 1.660760 0.590340 0.718897 2.308104 1.715834 5.188740 -1.184873 0.108285
