Car -1 -1 -10 709.000000 189.000000 872.000000 297.000000 1.457354 1.594661 3.908658 2.987047 1.734548 11.460677 1.390620 0.999678
Car -1 -1 -10 3.000000 185.000000 320.000000 305.000000 1.550030 1.674121 4.113483 -6.551802 1.718774 10.577240 -3.194541 0.999218
Car -1 -1 -10 662.000000 176.000000 730.000000 236.000000 1.485948 1.583941 3.844155 2.908836 1.720145 22.437655 -1.537902 0.997342
Car -1 -1 -10 322.000000 181.000000 480.000000 238.000000 1.519426 1.545520 3.837160 -5.618862 1.813307 21.438869 1.751084 0.978234
Car -1 -1 -10 182.000000 166.000000 411.000000 261.000000 1.614912 1.617893 3.891590 -6.171774 1.572640 15.632360 -3.112240 0.941797
Car -1 -1 -10 647.000000 180.000000 702.000000 222.000000 1.438845 1.538668 3.557944 2.646192 2.021227 28.228896 -1.469131 0.619315
Car -1 -1 -10 388.000000 182.000000 504.000000 221.000000 1.559436 1.583594 3.787128 -6.220748 1.848847 32.399451 -2.890498 0.336185
Car -1 -1 -10 485.000000 180.000000 547.000000 205.000000 1.515197 1.574361 3.720162 -6.286322 1.831940 42.928493 1.914547 0.118980
Car -1 -1 -10 -3.000000 186.000000 128.000000 263.000000 1.498417 1.613112 3.289810 -6.147062 1.979299 6.345846 1.007117 0.115313
Car -1 -1 -10 438.000000 180.000000 526.000000 214.000000 1.471299 1.600566 3.860394 -5.762493 2.188047 34.966318 1.918948 0.113859
Car -1 -1 -10 639.000000 177.000000 679.000000 211.000000 1.436844 1.546794 3.794297 2.813788 1.754044 37.497876 -1.580151 0.097555
