Car -1 -1 -10 387.000000 189.000000 472.000000 239.000000 1.521378 1.571381 3.714040 -5.885763 2.206765 23.628417 1.734961 0.998128
Car -1 -1 -10 264.000000 195.000000 405.000000 270.000000 1.539808 1.587234 3.742419 -6.002310 2.149655 16.268758 1.626443 0.998053
Car -1 -1 -10 699.000000 176.000000 792.000000 239.000000 1.444746 1.581546 3.920255 3.482377 1.569997 17.961492 -1.544406 0.997554
Car -1 -1 -10 64.000000 205.000000 309.000000 336.000000 1.468485 1.604896 3.686596 -6.219075 2.035932 10.020747 1.556167 0.997403
Car -1 -1 -10 678.000000 176.000000 749.000000 227.000000 1.448151 1.538506 3.820319 3.637580 1.627863 23.142681 -1.542860 0.992361
Car -1 -1 -10 991.000000 136.000000 1242.000000 233.000000 1.571714 1.620903 4.050657 9.140338 0.911565 13.156650 1.674136 0.982678
Car -1 -1 -10 659.000000 177.000000 711.000000 212.000000 1.432213 1.542122 3.836891 3.722275 1.835323 33.841759 1.149663 0.914674
Car -1 -1 -10 824.000000 155.000000 992.000000 215.000000 1.490781 1.605038 3.776521 8.753864 0.894334 21.163519 1.933445 0.870403
Car -1 -1 -10 895.000000 151.000000 1082.000000 218.000000 1.487107 1.574161 3.992931 9.542707 0.460273 18.558815 1.601803 0.867261
Car -1 -1 -10 1.000000 227.000000 125.000000 372.000000 1.505764 1.616981 3.717315 -6.023425 2.010872 6.749778 -2.183149 0.828370
Car -1 -1 -10 437.000000 186.000000 497.000000 226.000000 1.448763 1.574168 3.673540 -5.706006 2.358401 29.709949 1.797151 0.729049
Car -1 -1 -10 483.000000 184.000000 528.000000 213.000000 1.522208 1.561735 3.657660 -6.361526 2.239844 37.150375 2.013088 0.608156
Car -1 -1 -10 646.000000 179.000000 691.000000 206.000000 1.420157 1.519071 3.508645 3.359266 1.770087 35.668019 -1.514540 0.336827
Car -1 -1 -10 219.000000 190.000000 302.000000 226.000000 1.548023 1.528275 3.673771 -11.387526 1.731665 23.791812 -1.978375 0.023628
