Car -1 -1 -10 692.000000 173.000000 890.000000 307.000000 1.459865 1.582037 3.879132 2.491524 1.502904 9.644745 -1.789327 0.999387
Car -1 -1 -10 -3.000000 188.000000 227.000000 276.000000 1.509699 1.641317 3.887653 -9.376092 1.723198 13.990050 -3.277030 0.999341
Car -1 -1 -10 639.000000 172.000000 717.000000 225.000000 1.472267 1.572504 3.922940 2.224685 1.430035 22.228581 -1.642878 0.998177
Car -1 -1 -10 471.000000 171.000000 534.000000 227.000000 1.553529 1.619768 3.756554 -3.425972 1.613473 23.208718 -1.650295 0.998115
Car -1 -1 -10 631.000000 172.000000 680.000000 214.000000 1.435333 1.585251 3.700348 1.887501 1.413786 28.217363 -1.473287 0.761992
Car -1 -1 -10 619.000000 168.000000 659.000000 202.000000 1.472425 1.592907 3.925485 2.050190 1.389199 37.994019 -1.576676 0.674008
Car -1 -1 -10 522.000000 175.000000 551.000000 206.000000 1.503379 1.615175 3.653064 -3.565357 1.697998 36.643562 -1.603925 0.510811
Car -1 -1 -10 490.000000 170.000000 531.000000 211.000000 1.470475 1.567459 3.779379 -3.956177 1.099102 27.266580 1.492344 0.093212
Car -1 -1 -10 613.000000 168.000000 640.000000 196.000000 1.475735 1.594703 3.532070 1.193885 1.493244 37.922798 -1.518407 0.038934
Car -1 -1 -10 504.000000 174.000000 545.000000 209.000000 1.453343 1.695518 3.678221 -3.279887 1.857470 36.231051 -1.654345 0.030295
