Pedestrian -1 -1 -10 127.000000 170.000000 160.000000 256.000000 1.696013 0.601968 0.749512 -10.130804 1.742032 15.671709 -2.110164 0.994420
Pedestrian -1 -1 -10 592.000000 155.000000 623.000000 236.000000 1.703644 0.602662 0.761800 0.093582 1.331037 16.720205 0.537940 0.994366
Pedestrian -1 -1 -10 170.000000 178.000000 205.000000 246.000000 1.681096 0.590789 0.662386 -10.565993 1.833840 17.952819 0.017739 0.865368
Pedestrian -1 -1 -10 400.000000 159.000000 425.000000 229.000000 1.728250 0.685580 0.768932 -2.991423 1.684136 8.403394 -1.883245 0.628310
Pedestrian -1 -1 -10 297.000000 162.000000 340.000000 249.000000 1.592941 0.592851 0.576246 -5.997071 1.139005 15.485629 -1.923665 0.579863
Pedestrian -1 -1 -10 272.000000 160.000000 303.000000 240.000000 1.665907 0.632565 0.659647 -7.295480 1.514786 16.792327 0.588740 0.283014
Pedestrian -1 -1 -10 886.000000 150.000000 916.000000 200.000000 1.659158 0.627957 0.592043 10.762842 0.722938 25.491388 -1.134262 0.061219
Pedestrian -1 -1 -10 279.000000 163.000000 324.000000 244.000000 1.665770 0.642179 0.649767 -6.888768 1.438059 16.427122 0.606553 0.058228
Pedestrian -1 -1 -10 321.000000 163.000000 344.000000 242.000000 1.812124 0.606705 0.664510 -2.309722 1.546017 4.369327 1.276504 0.043221
Pedestrian -1 -1 -10 155.000000 177.000000 184.000000 245.000000 1.746251 0.611434 0.647311 -10.777007 1.979102 17.518712 1.527301 0.016021
Pedestrian -1 -1 -10 862.000000 152.000000 909.000000 199.000000 1.704038 0.664038 0.587563 10.854633 0.709278 26.911799 1.418573 0.012286
Pedestrian -1 -1 -10 289.000000 173.000000 369.000000 231.000000 1.876976 0.632366 0.715363 -2.278024 1.532296 4.238793 1.267218 0.010135
Car -1 -1 -10 265.000000 180.000000 461.000000 307.000000 1.533585 1.610893 3.769165 -3.328608 1.460246 9.840155 -1.390332 0.999092
Car -1 -1 -10 268.000000 164.000000 389.000000 241.000000 1.475883 1.586578 3.860236 -6.838542 1.044209 17.214903 0.705755 0.187208
Car -1 -1 -10 318.000000 178.000000 386.000000 230.000000 1.426032 1.575182 3.599776 -18.311437 2.073376 48.640216 1.697801 0.013398
Car -1 -1 -10 289.000000 163.000000 344.000000 249.000000 1.443445 1.539336 3.661067 -6.266410 1.117700 16.838807 -1.961475 0.010053
Cyclist -1 -1 -10 1101.000000 135.000000 1211.000000 209.000000 1.615520 0.594941 0.622118 14.101394 0.246783 17.980387 -0.904794 0.962530
Cyclist -1 -1 -10 885.000000 151.000000 916.000000 200.000000 1.698600 0.510605 1.640052 10.706556 0.616186 25.552360 -1.152198 0.924439
Cyclist -1 -1 -10 278.000000 166.000000 353.000000 241.000000 1.510134 1.614314 3.776807 -6.333304 1.158045 16.283697 -1.977821 0.733434
Cyclist -1 -1 -10 397.000000 164.000000 426.000000 226.000000 1.467292 1.607434 3.425095 -2.331567 1.514235 5.682108 1.375208 0.426276
Cyclist -1 -1 -10 862.000000 152.000000 910.000000 199.000000 1.722605 0.690763 0.581217 10.889756 0.685047 26.909054 -1.215564 0.321208
Cyclist -1 -1 -10 273.000000 162.000000 305.000000 239.000000 1.644645 0.656538 0.647360 -7.261230 1.459262 16.737517 0.600569 0.228346
Cyclist -1 -1 -10 371.000000 172.000000 440.000000 224.000000 1.710375 0.582718 0.638362 -6.146875 1.146467 21.277860 -1.859461 0.050278
Cyclist -1 -1 -10 307.000000 174.000000 369.000000 233.000000 1.466304 1.637198 3.516234 -2.539060 1.382199 4.853296 1.283558 0.036305
Cyclist -1 -1 -10 318.000000 162.000000 349.000000 246.000000 1.542144 1.586712 3.616587 -4.464729 1.473638 9.544066 1.212907 0.020966
Cyclist -1 -1 -10 291.000000 173.000000 322.000000 243.000000 1.467629 1.606602 3.433901 -2.500879 1.286592 4.329429 1.240284 0.019945
