Pedestrian -1 -1 -10 458.000000 172.000000 468.000000 200.000000 1.707053 0.626357 0.563438 -6.920528 1.418685 33.804756 -1.754092 0.134459
Car -1 -1 -10 430.000000 180.000000 499.000000 232.000000 1.509008 1.579187 3.704530 -4.795348 1.878507 23.302318 1.792443 0.999181
Car -1 -1 -10 683.000000 178.000000 774.000000 250.000000 1.462158 1.545066 3.845323 2.925208 1.659783 16.623161 -1.536317 0.999094
Car -1 -1 -10 761.000000 185.000000 973.000000 331.000000 1.474305 1.606436 4.059709 3.230888 1.690754 7.949125 1.420177 0.998315
Car -1 -1 -10 837.000000 199.000000 1262.000000 376.000000 1.464425 1.609159 3.797401 3.247515 1.427655 4.302582 -1.036998 0.979161
Car -1 -1 -10 667.000000 178.000000 733.000000 231.000000 1.448472 1.573182 3.776366 3.040459 1.628479 22.646762 -1.548883 0.978970
Car -1 -1 -10 466.000000 173.000000 520.000000 221.000000 1.490091 1.565380 3.695453 -4.670304 1.680372 28.675918 1.575635 0.969525
Car -1 -1 -10 1.000000 205.000000 242.000000 376.000000 1.499541 1.627008 3.785489 -4.314117 1.793830 5.017494 1.577561 0.935582
Car -1 -1 -10 175.000000 177.000000 325.000000 240.000000 1.524140 1.620522 3.932453 -9.492296 1.668734 19.769443 0.567504 0.929977
Car -1 -1 -10 650.000000 176.000000 696.000000 212.000000 1.446906 1.565658 3.913664 3.400402 1.561473 30.662776 -1.579948 0.909555
Car -1 -1 -10 494.000000 174.000000 535.000000 212.000000 1.516888 1.538812 3.537147 -4.478859 1.644116 29.998960 -1.607672 0.588289
