Pedestrian -1 -1 -10 797.000000 152.000000 825.000000 244.000000 1.609993 0.603413 0.638216 5.428516 1.215077 19.309174 -1.278065 0.595400
Pedestrian -1 -1 -10 778.000000 153.000000 800.000000 240.000000 1.713657 0.595224 0.655494 4.682146 1.426058 19.263401 -1.321843 0.146981
Pedestrian -1 -1 -10 779.000000 164.000000 838.000000 239.000000 1.607661 0.600134 0.626320 5.374629 1.275496 19.592763 -1.271969 0.014410
Car -1 -1 -10 90.000000 194.000000 328.000000 320.000000 1.551521 1.647010 3.783745 -6.047125 1.987666 11.151162 1.581539 0.999241
Car -1 -1 -10 738.000000 184.000000 955.000000 311.000000 1.438595 1.624376 4.051089 3.363948 1.640811 9.332280 1.402462 0.997564
Car -1 -1 -10 283.000000 192.000000 407.000000 267.000000 1.483466 1.551010 3.701812 -5.920305 2.036564 16.049982 1.669595 0.997087
Car -1 -1 -10 713.000000 183.000000 809.000000 254.000000 1.414008 1.548712 3.749448 3.612606 1.689347 15.726122 -1.454411 0.993453
Car -1 -1 -10 845.000000 190.000000 1220.000000 373.000000 1.438358 1.604218 4.018895 3.406931 1.492292 4.265377 1.510527 0.970531
Car -1 -1 -10 354.000000 178.000000 442.000000 221.000000 1.618866 1.720523 4.145426 -11.730369 2.030841 40.684951 -3.004817 0.215580
Car -1 -1 -10 801.000000 186.000000 1048.000000 359.000000 1.426121 1.566259 3.895563 3.456579 1.716292 4.523733 1.361962 0.011005
Cyclist -1 -1 -10 714.000000 184.000000 815.000000 251.000000 1.412975 1.631375 3.952737 3.424135 1.685231 15.069540 -1.414558 0.071748
Cyclist -1 -1 -10 793.000000 168.000000 831.000000 236.000000 1.740275 0.481797 1.706708 5.547271 1.280831 19.743065 -1.265484 0.070471
Cyclist -1 -1 -10 773.000000 175.000000 847.000000 229.000000 1.469404 1.603321 3.428779 0.797655 1.396717 5.455357 1.909701 0.045472
Cyclist -1 -1 -10 789.000000 184.000000 817.000000 237.000000 1.470390 1.601622 3.428762 0.759528 1.414873 5.545228 1.900506 0.012963
Cyclist -1 -1 -10 809.000000 184.000000 843.000000 224.000000 1.813171 0.593749 0.674383 0.861030 1.521194 5.119144 1.927835 0.011818
