Car -1 -1 -10 581.000000 177.000000 622.000000 214.000000 1.533748 1.625375 3.889701 -0.255410 1.185089 33.096117 -1.575858 0.999718
Car -1 -1 -10 284.000000 184.000000 467.000000 296.000000 1.595672 1.640884 3.735630 -3.636191 1.548238 11.476660 -1.382078 0.999418
Car -1 -1 -10 476.000000 184.000000 540.000000 228.000000 1.507681 1.584051 3.742729 -3.341206 1.343417 23.833728 -1.570759 0.998809
Car -1 -1 -10 241.000000 183.000000 358.000000 247.000000 1.466683 1.614384 3.920367 -7.724171 1.458223 18.403788 -1.916952 0.992947
Car -1 -1 -10 -1.000000 174.000000 244.000000 298.000000 1.658508 1.690340 3.888572 -7.935497 1.546019 11.550698 -1.580878 0.992460
Car -1 -1 -10 145.000000 182.000000 269.000000 237.000000 1.500750 1.619065 3.892373 -11.677340 1.243950 20.616268 1.550323 0.809160
Car -1 -1 -10 438.000000 179.000000 481.000000 209.000000 1.513450 1.629650 3.867338 -7.831633 1.099696 37.458349 -1.711551 0.366449
Car -1 -1 -10 486.000000 181.000000 535.000000 208.000000 1.461896 1.638874 3.626353 -4.085249 1.240957 38.026794 -1.706235 0.208927
Car -1 -1 -10 232.000000 183.000000 309.000000 220.000000 1.448996 1.535853 3.774006 -15.958445 0.862238 33.240796 1.669959 0.146933
Car -1 -1 -10 578.000000 177.000000 609.000000 202.000000 1.552083 1.619466 3.751278 -0.149588 0.948119 32.734334 -1.542898 0.084710
Car -1 -1 -10 293.000000 183.000000 397.000000 233.000000 1.525667 1.653304 3.653320 -12.547980 1.429759 36.822500 1.216269 0.021830
