Car -1 -1 -10 184.000000 196.000000 357.000000 289.000000 1.537015 1.622063 3.736168 -6.336924 2.057200 13.714741 1.596473 0.999508
Car -1 -1 -10 674.000000 180.000000 755.000000 236.000000 1.463291 1.562117 3.806567 3.017172 1.665279 20.269342 -1.535062 0.998975
Car -1 -1 -10 923.000000 159.000000 1217.000000 248.000000 1.562181 1.638880 4.339786 8.585479 1.207736 14.103153 1.506472 0.998219
Car -1 -1 -10 463.000000 183.000000 508.000000 215.000000 1.524468 1.562763 3.851814 -6.548391 2.198700 34.916681 1.929295 0.995192
Car -1 -1 -10 8.000000 218.000000 236.000000 374.000000 1.475414 1.618176 3.776330 -3.746969 1.864317 4.332325 1.571011 0.974738
Car -1 -1 -10 369.000000 183.000000 466.000000 240.000000 1.531031 1.585871 3.831708 -6.337296 2.049788 23.099393 1.764168 0.961387
Car -1 -1 -10 799.000000 161.000000 956.000000 214.000000 1.455358 1.648418 3.948960 8.324164 1.055013 22.779124 3.013354 0.674502
Car -1 -1 -10 870.000000 156.000000 1103.000000 235.000000 1.472719 1.586033 3.956973 8.150402 1.172802 16.220764 0.016390 0.488748
Car -1 -1 -10 481.000000 183.000000 519.000000 210.000000 1.508362 1.531436 3.683957 -6.038295 2.285342 37.126866 1.561755 0.157726
Car -1 -1 -10 702.000000 167.000000 774.000000 192.000000 1.456778 1.645320 4.009912 9.215330 1.199988 49.415913 -0.312371 0.087068
Car -1 -1 -10 1054.000000 149.000000 1161.000000 184.000000 1.489572 1.569235 3.742159 21.935813 0.507579 30.470031 1.609278 0.029200
