Pedestrian -1 -1 -10 717.000000 179.000000 728.000000 210.000000 1.626069 0.602669 0.504969 5.721397 1.633247 34.747019 1.205220 0.542232
Pedestrian -1 -1 -10 701.000000 171.000000 709.000000 213.000000 1.846528 0.678272 0.903936 0.301330 2.440418 9.931688 1.740737 0.114665
Pedestrian -1 -1 -10 714.000000 179.000000 735.000000 216.000000 1.615869 0.593463 0.556218 4.909937 1.769468 31.231878 -1.371681 0.057775
Pedestrian -1 -1 -10 713.000000 177.000000 722.000000 213.000000 1.630472 0.604621 0.549693 5.688384 1.778182 36.945594 1.162101 0.019226
Car -1 -1 -10 529.000000 177.000000 575.000000 213.000000 1.468211 1.614167 3.783456 -2.518857 1.690921 31.825821 1.597999 0.999369
Car -1 -1 -10 690.000000 184.000000 802.000000 266.000000 1.457089 1.569025 3.836478 2.972495 1.663509 14.841061 -1.493561 0.999118
Car -1 -1 -10 654.000000 179.000000 706.000000 220.000000 1.500584 1.588390 3.882970 2.959535 1.845145 27.689256 1.608585 0.997129
Car -1 -1 -10 -3.000000 194.000000 442.000000 373.000000 1.495675 1.608008 3.787119 -2.808876 1.727141 5.170635 1.583399 0.989725
Car -1 -1 -10 641.000000 174.000000 670.000000 202.000000 1.519349 1.553130 3.749114 2.862453 1.775447 47.462140 -1.503203 0.286980
Cyclist -1 -1 -10 716.000000 178.000000 731.000000 215.000000 1.638891 0.609833 0.514708 4.909000 1.659315 31.568392 -1.385522 0.018397
