Pedestrian -1 -1 -10 776.000000 166.000000 821.000000 296.000000 1.713556 0.603199 0.774525 2.720752 1.734965 9.985111 -1.258378 0.999232
Pedestrian -1 -1 -10 1004.000000 152.000000 1098.000000 322.000000 1.712132 0.602080 0.773390 4.865830 1.695492 7.816199 -0.969747 0.996624
Pedestrian -1 -1 -10 499.000000 179.000000 516.000000 231.000000 1.671502 0.608548 0.739888 -3.327187 1.856528 25.530406 -1.664711 0.948538
Pedestrian -1 -1 -10 254.000000 172.000000 302.000000 344.000000 1.625868 0.594628 0.651511 -1.935626 1.683309 3.897641 -1.975473 0.896147
Pedestrian -1 -1 -10 329.000000 183.000000 357.000000 265.000000 1.705188 0.597547 0.748519 -5.326784 2.085061 14.155643 0.186290 0.756546
Pedestrian -1 -1 -10 990.000000 158.000000 1036.000000 265.000000 1.762897 0.589674 0.699370 6.761258 1.679509 12.220538 2.592654 0.537032
Pedestrian -1 -1 -10 580.000000 180.000000 601.000000 237.000000 1.667989 0.606938 0.727077 -0.310964 1.929442 23.531290 -1.550221 0.528493
Pedestrian -1 -1 -10 606.000000 178.000000 625.000000 234.000000 1.707851 0.604975 0.762759 0.448651 1.860301 23.589999 -1.508603 0.356459
Pedestrian -1 -1 -10 269.000000 181.000000 317.000000 319.000000 1.711931 0.602264 0.628863 -2.927429 1.807719 6.366601 1.656150 0.296491
Pedestrian -1 -1 -10 300.000000 181.000000 333.000000 266.000000 1.708224 0.585941 0.724852 -5.598085 1.806253 13.779317 0.166683 0.279354
Pedestrian -1 -1 -10 701.000000 195.000000 727.000000 255.000000 1.583040 0.605781 0.581305 2.540543 2.089789 15.686197 -1.373117 0.185204
Pedestrian -1 -1 -10 290.000000 179.000000 317.000000 271.000000 1.631719 0.601850 0.646435 -5.580812 1.529303 13.513152 -1.947105 0.088862
Pedestrian -1 -1 -10 734.000000 196.000000 759.000000 250.000000 1.654113 0.594203 0.565229 3.494245 1.864215 17.591542 -1.367902 0.036491
Pedestrian -1 -1 -10 791.000000 175.000000 814.000000 243.000000 1.663733 0.585702 0.606607 4.483976 1.443125 15.482214 -1.236693 0.027368
Pedestrian -1 -1 -10 217.000000 165.000000 335.000000 358.000000 1.647546 0.601885 0.551307 -2.408971 1.680893 4.617132 1.622579 0.023010
Car -1 -1 -10 362.000000 171.000000 469.000000 251.000000 1.702128 1.627471 3.899237 -4.986530 1.607512 19.641231 1.726778 0.983025
Car -1 -1 -10 -6.000000 160.000000 318.000000 367.000000 1.494840 1.605385 3.807942 -2.656113 1.357214 2.882329 1.615190 0.753925
Car -1 -1 -10 421.000000 175.000000 497.000000 235.000000 1.541104 1.567251 3.782207 -4.652612 1.700044 26.067058 -1.609732 0.597571
Car -1 -1 -10 232.000000 176.000000 328.000000 353.000000 1.468227 1.532438 3.612138 -3.171142 1.557631 6.498659 -1.945798 0.034612
Cyclist -1 -1 -10 249.000000 172.000000 318.000000 354.000000 1.618481 0.587712 0.646516 -1.959964 1.648653 3.879784 -1.967539 0.213636
Cyclist -1 -1 -10 299.000000 180.000000 331.000000 270.000000 1.651944 0.561506 0.708960 -5.657421 1.667229 13.781045 -1.905911 0.017441
Cyclist -1 -1 -10 276.000000 178.000000 320.000000 281.000000 1.737503 0.580183 0.639069 -3.828396 2.004041 9.730135 -1.984465 0.012577
Cyclist -1 -1 -10 498.000000 180.000000 517.000000 231.000000 1.665895 0.603590 0.754482 -3.314632 1.812733 25.543441 -1.671355 0.012225
