Pedestrian -1 -1 -10 334.000000 180.000000 347.000000 213.000000 1.637293 0.604734 0.670865 -15.415850 1.974433 41.480748 -1.904112 0.062333
Pedestrian -1 -1 -10 435.000000 173.000000 462.000000 223.000000 1.624146 0.619696 0.715563 -5.643336 1.741465 24.570786 -1.753231 0.031300
Pedestrian -1 -1 -10 536.000000 166.000000 549.000000 202.000000 1.713084 0.592243 0.706974 -3.463731 1.258347 37.738792 -1.644701 0.029376
Pedestrian -1 -1 -10 477.000000 169.000000 486.000000 202.000000 1.656807 0.596156 0.546062 -5.551571 2.139823 33.689165 -1.754213 0.021689
Car -1 -1 -10 501.000000 175.000000 546.000000 209.000000 1.471248 1.594543 3.686476 -3.754211 1.236984 32.213245 -1.607912 0.999394
Car -1 -1 -10 1050.000000 134.000000 1224.000000 198.000000 1.585143 1.610802 3.605390 6.329613 2.008513 10.429027 2.199119 0.966041
Car -1 -1 -10 919.000000 150.000000 985.000000 175.000000 1.526236 1.605426 3.668691 14.777202 0.398899 30.210774 -1.097691 0.023767
Car -1 -1 -10 494.000000 176.000000 527.000000 203.000000 1.472151 1.506911 3.372701 -5.008581 1.769993 36.167262 -1.712724 0.014334
Cyclist -1 -1 -10 625.000000 163.000000 660.000000 197.000000 1.723700 0.635186 0.835672 2.081143 1.077504 40.565930 -1.510351 0.995113
Cyclist -1 -1 -10 685.000000 161.000000 720.000000 194.000000 1.734980 0.644892 0.813799 5.117536 0.911960 37.141206 -1.445506 0.989948
Cyclist -1 -1 -10 360.000000 176.000000 386.000000 219.000000 1.673239 0.564195 0.724649 -10.299034 1.801505 30.900384 -1.841411 0.949438
Cyclist -1 -1 -10 435.000000 173.000000 461.000000 223.000000 1.689746 0.519970 1.609750 -5.694014 1.594625 24.692571 -1.772274 0.169429
