Pedestrian -1 -1 -10 730.000000 165.000000 777.000000 277.000000 1.702357 0.606044 0.760407 2.253476 1.686857 10.550642 -1.323090 0.982015
Pedestrian -1 -1 -10 432.000000 172.000000 451.000000 230.000000 1.680626 0.610132 0.733103 -4.974056 1.646217 22.457920 -1.755648 0.650445
Pedestrian -1 -1 -10 287.000000 177.000000 326.000000 258.000000 1.610289 0.603269 0.528001 -6.576483 1.521231 16.321878 -1.921852 0.585971
Pedestrian -1 -1 -10 1148.000000 137.000000 1235.000000 378.000000 1.822324 0.608299 0.697836 1.567731 1.233625 2.313825 -0.901155 0.576447
Pedestrian -1 -1 -10 395.000000 176.000000 418.000000 263.000000 1.501584 1.546911 3.755580 -5.358094 2.383564 15.385099 1.312312 0.501045
Pedestrian -1 -1 -10 337.000000 157.000000 360.000000 266.000000 1.744556 0.680812 0.781630 -2.817079 1.376298 6.492225 -1.950315 0.446570
Pedestrian -1 -1 -10 361.000000 174.000000 393.000000 271.000000 1.741627 0.599436 0.631744 -0.985153 1.129243 2.509770 -1.897325 0.263731
Pedestrian -1 -1 -10 319.000000 180.000000 428.000000 284.000000 1.512328 1.556405 3.725295 -5.277165 1.958524 13.450140 1.280887 0.094083
Pedestrian -1 -1 -10 365.000000 167.000000 386.000000 243.000000 1.513809 1.556848 3.732849 -4.886332 1.577746 12.802049 1.298370 0.080190
Pedestrian -1 -1 -10 365.000000 184.000000 422.000000 270.000000 1.803368 0.669999 0.869945 -3.907081 2.398312 9.778438 1.303374 0.058736
Pedestrian -1 -1 -10 559.000000 174.000000 571.000000 206.000000 1.694113 0.584680 0.731518 -2.219995 1.613918 41.671066 0.491791 0.040337
Pedestrian -1 -1 -10 279.000000 179.000000 363.000000 275.000000 1.769333 0.583993 0.613010 -6.035562 1.452965 15.774175 -1.953188 0.033233
Pedestrian -1 -1 -10 356.000000 168.000000 374.000000 272.000000 1.806107 0.665183 0.889703 -4.355156 2.437985 10.004551 1.275687 0.028116
Pedestrian -1 -1 -10 574.000000 174.000000 585.000000 205.000000 1.681281 0.598520 0.722589 -1.172963 1.570426 41.897410 -1.562774 0.018415
Car -1 -1 -10 -9.000000 197.000000 476.000000 374.000000 1.500551 1.636537 3.940365 -3.090972 1.596983 5.987405 0.507063 0.957346
Car -1 -1 -10 277.000000 188.000000 454.000000 323.000000 1.452407 1.646629 3.724125 -2.197961 1.358158 4.638621 1.776387 0.023175
Car -1 -1 -10 4.000000 209.000000 227.000000 319.000000 1.414120 1.556247 3.692288 -3.536915 1.485336 5.457226 0.477027 0.012557
Cyclist -1 -1 -10 345.000000 186.000000 432.000000 266.000000 1.760175 0.686142 0.876007 -2.895310 1.717971 7.048512 1.289027 0.802346
Cyclist -1 -1 -10 275.000000 180.000000 339.000000 267.000000 1.613035 0.593864 0.581103 -6.463323 1.390682 16.045829 -1.949322 0.779658
Cyclist -1 -1 -10 390.000000 178.000000 422.000000 263.000000 1.513030 1.516693 3.671786 -6.021534 2.434763 18.133979 1.327477 0.564803
Cyclist -1 -1 -10 297.000000 181.000000 404.000000 284.000000 1.754379 0.690047 0.841262 -3.141447 1.616948 6.945567 1.243278 0.355882
Cyclist -1 -1 -10 503.000000 174.000000 522.000000 216.000000 1.656089 0.587725 0.728915 -3.902815 1.576777 31.594403 -1.667916 0.237854
Cyclist -1 -1 -10 358.000000 179.000000 396.000000 277.000000 1.501537 1.591629 3.790658 -5.900156 2.286743 15.315339 1.288619 0.200764
Cyclist -1 -1 -10 1145.000000 133.000000 1234.000000 373.000000 1.857802 0.607406 0.711590 1.347000 1.017830 2.346320 2.317545 0.129116
Cyclist -1 -1 -10 290.000000 170.000000 320.000000 263.000000 1.626710 0.599191 0.579811 -6.391002 1.433576 15.912206 -1.960254 0.089661
Cyclist -1 -1 -10 319.000000 181.000000 351.000000 275.000000 1.751121 0.691073 0.835904 -3.281009 1.607781 6.952123 1.224602 0.089316
Cyclist -1 -1 -10 334.000000 160.000000 362.000000 279.000000 1.752316 0.690659 0.840042 -3.299055 1.671712 7.305499 1.241764 0.075234
Cyclist -1 -1 -10 407.000000 175.000000 442.000000 261.000000 1.545840 1.441632 3.514906 -5.347501 2.041904 18.021768 1.344776 0.073944
Cyclist -1 -1 -10 430.000000 172.000000 452.000000 236.000000 1.691181 0.606173 0.765944 -4.968168 1.666844 22.490690 -1.760537 0.035997
Cyclist -1 -1 -10 356.000000 168.000000 374.000000 272.000000 1.759046 0.687835 0.854844 -3.142923 1.700538 7.227083 1.261211 0.028641
Cyclist -1 -1 -10 92.000000 201.000000 466.000000 371.000000 1.515184 1.570305 3.730243 -1.866781 1.777709 3.851136 1.658595 0.016820
Cyclist -1 -1 -10 463.000000 177.000000 487.000000 214.000000 1.697986 0.593469 1.679774 -6.106571 1.670829 32.753443 1.467004 0.012741
Cyclist -1 -1 -10 277.000000 188.000000 454.000000 323.000000 1.696420 0.595409 1.771142 -1.878135 1.621895 4.153892 1.733950 0.010637
