Pedestrian -1 -1 -10 1023.000000 131.000000 1150.000000 337.000000 1.698363 0.599741 0.746462 4.066811 1.433601 5.972640 -0.938334 0.998672
Pedestrian -1 -1 -10 779.000000 150.000000 828.000000 298.000000 1.705897 0.606037 0.759440 2.530694 1.498986 8.397645 -1.251234 0.993050
Pedestrian -1 -1 -10 225.000000 157.000000 274.000000 294.000000 1.690786 0.609773 0.748466 -4.622507 1.596097 9.502938 -1.986762 0.992831
Pedestrian -1 -1 -10 27.000000 152.000000 167.000000 373.000000 1.678152 0.609018 0.755206 -3.615924 1.697223 5.114862 -2.146275 0.991878
Pedestrian -1 -1 -10 512.000000 161.000000 531.000000 218.000000 1.662836 0.611728 0.719874 -2.405665 1.201558 21.917128 -1.648839 0.984907
Pedestrian -1 -1 -10 179.000000 159.000000 214.000000 274.000000 1.701658 0.600282 0.752447 -6.440539 1.588038 11.314739 -2.043963 0.854156
Pedestrian -1 -1 -10 596.000000 157.000000 619.000000 219.000000 1.672679 0.604289 0.727816 0.197680 1.209556 22.362511 -1.528523 0.724409
Pedestrian -1 -1 -10 1154.000000 122.000000 1211.000000 253.000000 1.711557 0.584875 0.663635 7.992065 1.163730 9.902210 1.225974 0.618698
Pedestrian -1 -1 -10 621.000000 159.000000 640.000000 220.000000 1.668740 0.599045 0.721909 0.856214 1.149903 21.520107 -1.493778 0.308860
Pedestrian -1 -1 -10 124.000000 158.000000 154.000000 249.000000 1.620788 0.633182 0.630236 -9.252191 1.483680 14.704735 0.460686 0.207104
Pedestrian -1 -1 -10 63.000000 180.000000 140.000000 333.000000 1.638756 0.609511 0.638280 -3.949302 1.608719 5.347799 -2.154362 0.128135
Pedestrian -1 -1 -10 743.000000 175.000000 773.000000 248.000000 1.612896 0.590574 0.540716 3.358341 1.598673 14.725440 -1.336608 0.122626
Pedestrian -1 -1 -10 355.000000 159.000000 375.000000 225.000000 1.628865 0.619178 0.571203 -5.771854 1.250430 18.316604 0.689382 0.071579
Pedestrian -1 -1 -10 81.000000 175.000000 127.000000 290.000000 1.722375 0.586654 0.599362 -9.432172 1.107494 13.456745 -2.184428 0.070398
Pedestrian -1 -1 -10 718.000000 174.000000 737.000000 222.000000 1.709491 0.598045 0.570147 4.994006 1.159953 27.172643 -1.420252 0.058068
Car -1 -1 -10 356.000000 149.000000 483.000000 243.000000 1.625275 1.649874 3.843506 -4.388128 1.156859 17.148501 1.795726 0.979638
Car -1 -1 -10 430.000000 155.000000 514.000000 217.000000 1.572781 1.578579 3.893263 -3.887396 0.850541 24.258013 1.487602 0.400671
Cyclist -1 -1 -10 596.000000 158.000000 618.000000 219.000000 1.644772 0.590293 0.716396 0.208057 1.110250 22.377624 -1.535306 0.053754
Cyclist -1 -1 -10 176.000000 157.000000 215.000000 275.000000 1.706013 0.592505 0.767440 -6.459224 1.569169 11.340139 -2.053715 0.017275
