Pedestrian -1 -1 -10 16.000000 162.000000 57.000000 262.000000 1.658423 0.618461 0.604492 -12.022094 1.491460 15.410782 1.406614 0.281875
Car -1 -1 -10 665.000000 175.000000 749.000000 243.000000 1.517271 1.577112 3.948791 2.943825 1.683601 20.496464 -1.580270 0.997210
Car -1 -1 -10 295.000000 183.000000 456.000000 245.000000 1.484571 1.557474 3.845079 -5.846100 1.811831 19.077496 1.709232 0.987994
Car -1 -1 -10 337.000000 175.000000 483.000000 230.000000 1.548540 1.570552 3.888258 -6.442407 1.687093 24.924936 1.779956 0.982744
Car -1 -1 -10 183.000000 184.000000 414.000000 264.000000 1.385794 1.628519 3.931914 -6.125277 1.623284 14.783307 0.562702 0.966995
Car -1 -1 -10 652.000000 182.000000 696.000000 221.000000 1.447610 1.585914 3.995701 2.957584 1.992763 30.480327 1.144290 0.794934
Car -1 -1 -10 634.000000 181.000000 665.000000 206.000000 1.490932 1.583975 3.714727 2.332787 2.189832 43.192794 -1.513934 0.649676
Car -1 -1 -10 395.000000 176.000000 512.000000 217.000000 1.562243 1.587391 3.776978 -6.228889 1.689488 31.726966 -1.272584 0.223484
Car -1 -1 -10 459.000000 178.000000 537.000000 207.000000 1.507330 1.543412 3.752440 -5.579011 2.210816 42.560797 1.426586 0.136745
Car -1 -1 -10 905.000000 258.000000 1170.000000 373.000000 1.483575 1.632824 3.588437 2.737751 1.826235 3.843031 2.109994 0.012857
Cyclist -1 -1 -10 990.000000 277.000000 1174.000000 371.000000 1.881384 0.587841 0.742257 1.376941 1.339522 2.836116 2.219398 0.123793
Cyclist -1 -1 -10 11.000000 164.000000 60.000000 264.000000 1.697293 0.642774 0.579002 -11.590611 1.544603 14.859580 1.390607 0.064149
Cyclist -1 -1 -10 876.000000 229.000000 1157.000000 368.000000 1.477284 1.599904 3.906210 2.906352 1.816740 5.746629 1.620374 0.044418
