Pedestrian -1 -1 -10 69.000000 180.000000 91.000000 231.000000 1.632676 0.593281 0.615090 -19.568704 1.895907 27.213674 -2.193963 0.758474
Pedestrian -1 -1 -10 104.000000 183.000000 120.000000 228.000000 1.756627 0.624278 0.575529 -16.275915 2.139840 23.443766 0.980140 0.554324
Pedestrian -1 -1 -10 101.000000 185.000000 134.000000 223.000000 1.663273 0.600072 0.588919 -18.464262 1.916171 27.508678 -2.174370 0.081647
Pedestrian -1 -1 -10 76.000000 185.000000 126.000000 227.000000 1.729711 0.584234 0.595473 -15.896080 2.007515 23.069863 -2.195388 0.016623
Pedestrian -1 -1 -10 51.000000 186.000000 114.000000 234.000000 1.780134 0.609070 0.569237 -15.556228 2.418748 22.502185 -2.170934 0.011105
Pedestrian -1 -1 -10 36.000000 194.000000 151.000000 249.000000 1.483366 1.628582 3.671309 -16.013096 2.556114 22.296426 1.522196 0.010351
Car -1 -1 -10 598.000000 173.000000 631.000000 202.000000 1.502956 1.604162 3.884467 0.258008 1.715054 43.990268 -1.582884 0.999140
Car -1 -1 -10 29.000000 198.000000 161.000000 250.000000 1.547886 1.665274 3.819061 -16.163262 2.385739 22.854269 1.526333 0.996096
Car -1 -1 -10 54.000000 191.000000 138.000000 234.000000 1.530250 1.644111 3.941564 -19.616499 1.726699 28.049338 0.916483 0.011384
Car -1 -1 -10 61.000000 189.000000 101.000000 228.000000 1.479681 1.536988 3.570059 -20.138013 1.904164 28.366915 -2.201147 0.010513
Cyclist -1 -1 -10 33.000000 197.000000 160.000000 250.000000 1.483473 1.596778 3.685108 -15.965500 2.454200 22.506570 1.556566 0.025062
Cyclist -1 -1 -10 99.000000 184.000000 125.000000 225.000000 1.656964 0.580646 0.614913 -18.569897 1.870479 27.516311 -2.182701 0.024141
Cyclist -1 -1 -10 65.000000 185.000000 96.000000 228.000000 1.632152 0.592399 0.626027 -19.576794 1.883238 27.209733 -2.198416 0.023912
