Pedestrian -1 -1 -10 742.000000 159.000000 836.000000 372.000000 1.684680 0.605855 0.754640 1.429687 1.639498 5.814118 -1.279813 0.998063
Pedestrian -1 -1 -10 421.000000 164.000000 471.000000 295.000000 1.681872 0.605033 0.731610 -2.098047 1.678477 9.450556 -1.749662 0.997627
Pedestrian -1 -1 -10 537.000000 163.000000 599.000000 318.000000 1.752905 0.589457 0.714989 -0.489867 1.720106 8.064917 0.502085 0.994002
Pedestrian -1 -1 -10 639.000000 160.000000 681.000000 283.000000 1.692271 0.608251 0.753629 0.840717 1.602886 10.151604 -1.453391 0.993852
Pedestrian -1 -1 -10 505.000000 160.000000 546.000000 270.000000 1.676289 0.627747 0.679749 -1.108063 1.547217 11.373728 2.541030 0.986579
Pedestrian -1 -1 -10 704.000000 157.000000 759.000000 332.000000 1.677487 0.605334 0.740054 1.229915 1.664922 7.168273 -1.343761 0.984458
Pedestrian -1 -1 -10 592.000000 166.000000 637.000000 289.000000 1.716316 0.583526 0.744615 0.036389 1.738162 9.695090 0.574830 0.960352
Pedestrian -1 -1 -10 313.000000 157.000000 365.000000 268.000000 1.697863 0.626070 0.699609 -5.115055 1.521792 13.953009 -1.897054 0.634687
Pedestrian -1 -1 -10 441.000000 170.000000 478.000000 271.000000 1.661011 0.602414 0.706194 -2.536831 1.506355 13.084574 -1.738081 0.190011
Pedestrian -1 -1 -10 725.000000 161.000000 792.000000 355.000000 1.644338 0.601024 0.702105 1.480142 1.536094 5.820132 -1.321027 0.180594
Pedestrian -1 -1 -10 424.000000 170.000000 506.000000 260.000000 1.713494 0.616312 0.716426 -2.538701 1.571338 13.494923 -1.704076 0.055159
Pedestrian -1 -1 -10 525.000000 158.000000 565.000000 282.000000 1.645170 0.599153 0.697378 -0.452142 1.542595 7.812171 -1.614993 0.052014
Pedestrian -1 -1 -10 554.000000 164.000000 591.000000 236.000000 1.808404 0.604085 0.659414 -0.625887 1.364065 4.135647 -1.635871 0.050662
Pedestrian -1 -1 -10 682.000000 159.000000 700.000000 207.000000 1.656184 0.616589 0.684718 3.613796 1.064517 28.493587 -1.416987 0.049570
Pedestrian -1 -1 -10 440.000000 165.000000 460.000000 216.000000 1.624829 0.589430 0.534769 -6.017708 0.735757 27.891253 1.836619 0.047173
Car -1 -1 -10 447.000000 171.000000 520.000000 238.000000 1.477319 1.578145 3.842827 -2.953713 1.369726 18.434180 1.422057 0.625902
Car -1 -1 -10 416.000000 174.000000 486.000000 266.000000 1.528905 1.618239 3.836931 -2.810085 1.444106 14.791435 -1.744650 0.070041
Cyclist -1 -1 -10 424.000000 166.000000 478.000000 289.000000 1.669796 0.591660 0.741309 -2.127772 1.613390 9.487460 -1.750256 0.076226
Cyclist -1 -1 -10 448.000000 171.000000 520.000000 239.000000 1.461358 1.587808 3.863069 -2.951847 1.331040 17.797975 1.440214 0.027853
Cyclist -1 -1 -10 553.000000 163.000000 593.000000 294.000000 1.700365 0.558268 0.693444 -0.471327 1.619985 8.156832 -1.550364 0.020579
Cyclist -1 -1 -10 436.000000 174.000000 479.000000 246.000000 1.682221 0.594983 0.628936 -3.505245 1.478881 16.011664 1.884144 0.016155
Cyclist -1 -1 -10 440.000000 170.000000 465.000000 225.000000 1.754005 0.528503 1.670045 -5.994429 0.754158 27.784057 -1.737913 0.013978
