Pedestrian -1 -1 -10 154.000000 169.000000 220.000000 322.000000 1.683368 0.600714 0.745011 -4.879072 1.834370 8.490846 -2.049616 0.997489
Pedestrian -1 -1 -10 337.000000 162.000000 434.000000 371.000000 1.752173 0.575030 0.746586 -1.722916 1.805250 5.515830 0.265943 0.994404
Pedestrian -1 -1 -10 229.000000 165.000000 308.000000 359.000000 1.720070 0.582788 0.677600 -3.206547 1.761658 6.882191 0.110356 0.988856
Pedestrian -1 -1 -10 419.000000 160.000000 470.000000 305.000000 1.737742 0.587754 0.628740 -1.945566 1.735284 7.959369 1.840906 0.978946
Pedestrian -1 -1 -10 312.000000 168.000000 355.000000 290.000000 1.655401 0.601322 0.643487 -3.782437 1.669114 9.756219 1.700151 0.957745
Pedestrian -1 -1 -10 532.000000 171.000000 548.000000 215.000000 1.673630 0.607193 0.719252 -2.359677 1.460134 27.889286 -1.621908 0.857515
Pedestrian -1 -1 -10 261.000000 176.000000 312.000000 322.000000 1.779912 0.568393 0.708476 -3.343825 1.872792 7.084591 0.156317 0.777864
Pedestrian -1 -1 -10 392.000000 167.000000 446.000000 313.000000 1.702336 0.574476 0.701413 -1.661891 1.680665 5.785709 0.314739 0.645932
Pedestrian -1 -1 -10 230.000000 162.000000 265.000000 269.000000 1.688143 0.606517 0.709962 -5.898264 1.544027 12.672608 -1.991403 0.558158
Pedestrian -1 -1 -10 547.000000 174.000000 562.000000 217.000000 1.626271 0.597557 0.700268 -1.967204 1.399736 28.163793 -1.600280 0.286382
Pedestrian -1 -1 -10 285.000000 170.000000 339.000000 288.000000 1.721458 0.591570 0.606922 -3.962989 1.758252 9.461912 1.689781 0.239750
Cyclist -1 -1 -10 480.000000 165.000000 509.000000 221.000000 1.661136 0.606293 0.740437 -3.230909 1.411550 22.563205 -1.681190 0.962134
Cyclist -1 -1 -10 232.000000 169.000000 312.000000 338.000000 1.697658 0.561886 0.693647 -3.259436 1.752238 6.955668 -1.936434 0.058702
Cyclist -1 -1 -10 225.000000 171.000000 290.000000 261.000000 1.673265 0.600463 0.636351 -5.678652 1.488707 13.009973 -1.968050 0.033093
Cyclist -1 -1 -10 361.000000 171.000000 442.000000 356.000000 1.736763 0.555146 0.733376 -1.762468 1.716598 5.512052 -1.785260 0.012489
