Pedestrian -1 -1 -10 654.000000 171.000000 675.000000 236.000000 1.685143 0.605923 0.742343 1.814682 1.623150 19.933057 -1.443693 0.987102
Pedestrian -1 -1 -10 675.000000 170.000000 700.000000 235.000000 1.690725 0.608382 0.736926 2.405401 1.622909 20.055145 -1.413556 0.957244
Pedestrian -1 -1 -10 484.000000 168.000000 507.000000 233.000000 1.671133 0.610769 0.726144 -2.731336 1.505582 19.263701 -1.679931 0.933484
Pedestrian -1 -1 -10 865.000000 190.000000 902.000000 306.000000 1.595781 0.587879 0.554222 2.491692 1.809604 5.874404 -1.149845 0.278519
Pedestrian -1 -1 -10 936.000000 186.000000 998.000000 321.000000 1.657915 0.585397 0.609974 2.806224 1.777804 5.708972 1.027661 0.236645
Pedestrian -1 -1 -10 886.000000 204.000000 925.000000 323.000000 1.858985 0.604890 0.712349 1.034935 1.428637 3.533437 -1.193557 0.223655
Pedestrian -1 -1 -10 441.000000 171.000000 452.000000 205.000000 1.631268 0.603888 0.566964 -6.646934 1.253892 30.589290 -1.743825 0.088847
Pedestrian -1 -1 -10 561.000000 173.000000 573.000000 208.000000 1.662366 0.602435 0.716687 -1.658531 1.460360 35.897710 -1.584756 0.086139
Pedestrian -1 -1 -10 580.000000 172.000000 592.000000 204.000000 1.704525 0.603566 0.758435 -0.706935 1.516056 42.031093 -1.543122 0.057905
Pedestrian -1 -1 -10 843.000000 190.000000 937.000000 308.000000 1.658745 0.609156 0.581432 2.436435 1.785876 6.064498 1.405218 0.057195
Pedestrian -1 -1 -10 886.000000 201.000000 1004.000000 365.000000 1.643788 0.599129 0.611522 2.819976 1.901224 5.175090 -1.080350 0.042015
Pedestrian -1 -1 -10 1187.000000 212.000000 1237.000000 363.000000 1.840418 0.614216 0.688383 2.441375 1.537256 3.669642 2.352407 0.025330
Cyclist -1 -1 -10 863.000000 195.000000 917.000000 311.000000 1.591065 0.590584 0.588286 2.452193 1.723576 5.852171 -1.156439 0.209550
Cyclist -1 -1 -10 854.000000 189.000000 896.000000 301.000000 1.481150 1.585748 3.416327 1.678448 1.700724 6.812560 2.005356 0.034817
Cyclist -1 -1 -10 484.000000 168.000000 507.000000 234.000000 1.663518 0.599352 0.736922 -2.744194 1.467786 19.295664 -1.685673 0.028903
Cyclist -1 -1 -10 886.000000 204.000000 925.000000 323.000000 1.743317 0.679462 0.892182 3.164191 2.176459 9.786125 1.993074 0.027630
Cyclist -1 -1 -10 930.000000 182.000000 1001.000000 342.000000 1.711604 0.524637 1.698586 2.790003 1.739677 5.601095 -1.055644 0.018826
Cyclist -1 -1 -10 860.000000 192.000000 986.000000 325.000000 1.734268 0.566967 1.775315 2.652264 1.725323 5.728025 -1.108784 0.013016
Cyclist -1 -1 -10 1203.000000 186.000000 1237.000000 360.000000 1.663755 0.584827 0.621185 5.412848 1.970539 6.080846 -0.855929 0.013005
