Pedestrian -1 -1 -10 1003.000000 136.000000 1100.000000 292.000000 1.753974 0.598692 0.775630 5.570842 1.410269 8.806385 1.101779 0.998566
Pedestrian -1 -1 -10 635.000000 144.000000 711.000000 317.000000 1.701831 0.598242 0.748018 0.771529 1.507485 7.698438 -1.429500 0.995016
Pedestrian -1 -1 -10 178.000000 172.000000 224.000000 281.000000 1.698362 0.601761 0.716168 -6.482962 1.920376 11.138764 1.537797 0.973512
Pedestrian -1 -1 -10 627.000000 155.000000 676.000000 308.000000 1.691379 0.596767 0.724876 0.826852 1.577384 7.951570 0.621931 0.683823
Pedestrian -1 -1 -10 1000.000000 147.000000 1026.000000 208.000000 1.769334 0.583993 0.613011 15.836062 1.212121 27.902402 -1.057648 0.187555
Pedestrian -1 -1 -10 1005.000000 150.000000 1077.000000 211.000000 1.897065 0.658767 0.752750 2.686980 1.833887 5.764085 2.196961 0.104563
Pedestrian -1 -1 -10 851.000000 155.000000 877.000000 201.000000 1.648744 0.666905 0.599634 14.026925 0.433073 37.656489 2.429436 0.075360
Pedestrian -1 -1 -10 1045.000000 152.000000 1072.000000 199.000000 1.685705 0.605117 0.724016 17.894893 1.041139 27.996698 2.609489 0.043785
Pedestrian -1 -1 -10 1018.000000 158.000000 1060.000000 203.000000 1.664831 0.622928 0.641557 16.831684 1.080735 27.505870 1.637620 0.036774
Pedestrian -1 -1 -10 985.000000 151.000000 1044.000000 202.000000 1.676881 0.598824 0.605800 15.687186 1.324428 27.964262 -1.049536 0.024787
Pedestrian -1 -1 -10 1024.000000 151.000000 1091.000000 194.000000 1.799264 0.660675 0.734848 18.433326 0.810476 28.620511 -0.995330 0.012613
Pedestrian -1 -1 -10 1029.000000 144.000000 1080.000000 258.000000 1.601559 0.593312 0.638897 5.685236 1.007334 8.899204 -0.969836 0.011981
Car -1 -1 -10 448.000000 173.000000 481.000000 198.000000 1.479559 1.577537 3.851400 -8.703550 1.225050 43.854881 -1.771958 0.996878
Car -1 -1 -10 -3.000000 202.000000 300.000000 365.000000 1.495599 1.625240 3.822032 -3.208985 1.582901 3.709445 1.600735 0.985177
Car -1 -1 -10 980.000000 154.000000 1091.000000 199.000000 1.479204 1.603610 3.812813 18.454179 0.497349 29.755853 -1.611720 0.144314
Car -1 -1 -10 1041.000000 156.000000 1092.000000 190.000000 1.478053 1.539677 3.742942 19.234691 0.439034 29.462071 -0.992706 0.014719
Car -1 -1 -10 998.000000 152.000000 1053.000000 207.000000 1.537980 1.625107 3.667185 17.158137 0.816783 28.760745 -1.008272 0.012812
Cyclist -1 -1 -10 817.000000 152.000000 942.000000 268.000000 1.754500 0.624500 0.825014 4.222802 1.506394 11.407501 -1.190457 0.999945
Cyclist -1 -1 -10 996.000000 150.000000 1043.000000 210.000000 1.534575 1.575730 3.687489 5.399948 1.744692 11.097452 2.098843 0.527680
Cyclist -1 -1 -10 1003.000000 154.000000 1087.000000 203.000000 1.734847 0.602617 0.700236 17.135212 0.779769 27.952052 -0.996798 0.378416
Cyclist -1 -1 -10 846.000000 157.000000 884.000000 200.000000 1.611791 0.624112 0.587076 13.375900 0.925995 33.838915 -1.211565 0.215406
Cyclist -1 -1 -10 1004.000000 141.000000 1097.000000 279.000000 1.676171 0.617418 0.732623 5.666853 1.285415 8.812350 -0.970039 0.132019
Cyclist -1 -1 -10 171.000000 173.000000 227.000000 287.000000 1.727768 0.580556 0.715846 -6.424663 1.845515 10.698970 1.555922 0.032335
Cyclist -1 -1 -10 1012.000000 145.000000 1059.000000 220.000000 1.533021 1.552728 3.353637 2.340763 1.428010 5.072558 2.182528 0.031903
Cyclist -1 -1 -10 837.000000 158.000000 901.000000 214.000000 1.528537 1.443922 3.537500 6.128478 2.461802 19.167006 1.940954 0.029701
Cyclist -1 -1 -10 630.000000 154.000000 687.000000 306.000000 1.691644 0.599773 0.721053 0.814487 1.461137 7.956434 -1.457649 0.028216
Cyclist -1 -1 -10 -5.000000 201.000000 285.000000 361.000000 1.690043 0.601080 0.752058 -2.750788 1.830833 3.156784 1.523348 0.021088
Cyclist -1 -1 -10 1024.000000 154.000000 1053.000000 206.000000 1.861353 0.594066 0.695325 16.943335 0.989889 27.452543 -1.005605 0.020718
Cyclist -1 -1 -10 1046.000000 150.000000 1073.000000 197.000000 1.636601 0.597747 0.704104 17.967820 0.844840 27.970364 -0.973797 0.015509
