Pedestrian -1 -1 -10 144.000000 185.000000 187.000000 288.000000 1.677503 0.570930 0.668137 -7.151865 1.742365 11.292109 -2.067204 0.922973
Car -1 -1 -10 783.000000 179.000000 1185.000000 376.000000 1.486560 1.607225 4.022718 3.260136 1.510883 6.358003 -1.632789 0.999229
Car -1 -1 -10 129.000000 177.000000 398.000000 349.000000 1.575985 1.626660 3.754678 -4.423927 1.844141 9.471667 1.635372 0.997438
Car -1 -1 -10 717.000000 170.000000 889.000000 274.000000 1.434771 1.585116 3.963926 3.481806 1.507951 12.319519 1.398390 0.996362
Car -1 -1 -10 493.000000 179.000000 529.000000 204.000000 1.555769 1.586922 3.806108 -5.950463 2.068320 44.105108 -1.714410 0.863721
Car -1 -1 -10 -1.000000 186.000000 165.000000 374.000000 1.505568 1.617671 3.761709 -4.531820 1.662580 4.868660 -2.865906 0.575166
Car -1 -1 -10 630.000000 173.000000 670.000000 201.000000 1.495475 1.666996 3.867192 2.610395 1.858772 41.035261 -1.509753 0.227946
Car -1 -1 -10 654.000000 172.000000 706.000000 212.000000 1.451622 1.502411 3.456374 2.673449 1.654127 27.861889 -1.476664 0.220734
Car -1 -1 -10 -1.000000 186.000000 132.000000 292.000000 1.446997 1.620181 3.426058 -3.134300 1.034622 3.319863 0.992558 0.014140
Cyclist -1 -1 -10 142.000000 183.000000 190.000000 289.000000 1.619050 0.568857 0.651727 -7.178637 1.623770 11.386030 -2.074546 0.019419
Cyclist -1 -1 -10 -5.000000 187.000000 177.000000 369.000000 1.690617 0.555150 0.719139 -3.736452 1.831209 4.566725 -2.147334 0.015861
