Pedestrian -1 -1 -10 342.000000 168.000000 391.000000 295.000000 1.668783 0.608469 0.721045 -3.038262 1.672435 9.430272 -1.852506 0.995454
Pedestrian -1 -1 -10 623.000000 152.000000 688.000000 368.000000 1.677507 0.598694 0.724459 0.408658 1.552471 6.028368 -1.458598 0.994436
Pedestrian -1 -1 -10 446.000000 164.000000 512.000000 319.000000 1.766001 0.571994 0.738746 -1.432721 1.760572 8.080481 0.387897 0.994174
Pedestrian -1 -1 -10 518.000000 167.000000 566.000000 288.000000 1.692464 0.607719 0.746045 -0.860429 1.677179 10.031199 -1.616735 0.993918
Pedestrian -1 -1 -10 572.000000 161.000000 613.000000 286.000000 1.622744 0.629743 0.601103 -0.084442 1.479785 9.490427 1.020232 0.953391
Pedestrian -1 -1 -10 400.000000 169.000000 434.000000 261.000000 1.616380 0.628894 0.607465 -3.117240 1.727904 12.776204 0.761462 0.895629
Pedestrian -1 -1 -10 604.000000 161.000000 661.000000 328.000000 1.664347 0.593673 0.656243 0.534047 1.607131 6.539935 0.597362 0.859320
Pedestrian -1 -1 -10 428.000000 161.000000 477.000000 280.000000 1.672302 0.604404 0.715832 -2.377686 1.472993 11.349187 -1.741942 0.841987
Pedestrian -1 -1 -10 469.000000 169.000000 515.000000 275.000000 1.702107 0.596269 0.681790 -1.727646 1.565664 12.618050 1.904871 0.626383
Pedestrian -1 -1 -10 398.000000 164.000000 420.000000 242.000000 1.612936 0.588418 0.679825 -4.079169 1.603264 14.507901 -1.798447 0.474035
Pedestrian -1 -1 -10 370.000000 165.000000 403.000000 257.000000 1.679607 0.576552 0.668283 -3.941954 1.646024 13.115719 0.271765 0.457440
Pedestrian -1 -1 -10 665.000000 159.000000 683.000000 216.000000 1.604347 0.599208 0.634341 2.874049 1.319471 26.994777 -1.446544 0.344961
Pedestrian -1 -1 -10 586.000000 161.000000 641.000000 297.000000 1.672209 0.593578 0.646228 0.447307 1.644207 6.704092 0.583927 0.305252
Pedestrian -1 -1 -10 385.000000 165.000000 414.000000 246.000000 1.674359 0.588854 0.746188 -4.232923 1.503204 14.186956 -1.803658 0.252702
Cyclist -1 -1 -10 278.000000 158.000000 344.000000 260.000000 1.713392 0.644389 0.689395 -5.480538 1.490326 13.652911 0.684820 0.991411
Cyclist -1 -1 -10 425.000000 163.000000 476.000000 274.000000 1.676238 0.597215 0.748326 -2.354132 1.502025 11.387044 -1.744802 0.072000
Cyclist -1 -1 -10 470.000000 164.000000 519.000000 285.000000 1.685845 0.567943 0.658684 -1.469491 1.628541 8.906198 -1.665778 0.056720
Cyclist -1 -1 -10 398.000000 169.000000 437.000000 258.000000 1.645327 0.599620 0.692000 -3.402103 1.614679 13.224078 -1.783517 0.052693
Cyclist -1 -1 -10 337.000000 166.000000 393.000000 289.000000 1.661213 0.594581 0.732949 -3.025187 1.633620 9.434115 -1.860090 0.047875
Cyclist -1 -1 -10 415.000000 173.000000 456.000000 236.000000 1.737183 0.448432 1.644419 -4.145951 1.217325 17.985860 -1.808895 0.035126
Cyclist -1 -1 -10 366.000000 170.000000 398.000000 248.000000 1.684385 0.589998 0.732819 -4.168840 1.402680 14.108639 -1.837088 0.034298
Cyclist -1 -1 -10 387.000000 166.000000 410.000000 244.000000 1.752813 0.579793 0.644046 -4.232668 2.180963 16.048222 -1.861617 0.033463
Cyclist -1 -1 -10 349.000000 172.000000 386.000000 235.000000 1.731946 0.476565 1.626644 -6.829632 1.191431 21.432368 -1.855570 0.022722
Cyclist -1 -1 -10 595.000000 155.000000 685.000000 336.000000 1.635632 0.616239 0.665028 0.488318 1.576577 6.447105 -1.479793 0.021364
Cyclist -1 -1 -10 443.000000 167.000000 500.000000 292.000000 1.729637 0.561667 0.722304 -1.462887 1.605279 8.165917 -1.687727 0.016070
Cyclist -1 -1 -10 398.000000 165.000000 424.000000 227.000000 1.743173 0.573779 1.687071 -5.633563 1.038209 21.229285 -1.808112 0.010740
