Car -1 -1 -10 579.000000 177.000000 616.000000 211.000000 1.542224 1.616008 3.926258 -0.518548 1.137463 36.010277 -1.591419 0.999782
Car -1 -1 -10 405.000000 186.000000 511.000000 255.000000 1.528238 1.582842 3.695636 -3.357467 1.486007 16.116231 1.768042 0.999501
Car -1 -1 -10 272.000000 186.000000 383.000000 244.000000 1.571289 1.594347 3.735976 -7.635186 1.549461 19.543122 -1.447867 0.998339
Car -1 -1 -10 2.000000 195.000000 280.000000 373.000000 1.500728 1.621917 3.781486 -3.488450 1.633558 4.034324 1.610872 0.983827
Car -1 -1 -10 382.000000 178.000000 433.000000 219.000000 1.523476 1.641856 3.898954 -7.953913 1.255377 28.979033 -1.799762 0.979329
Car -1 -1 -10 240.000000 183.000000 316.000000 223.000000 1.498910 1.584396 3.753576 -12.783686 1.342403 27.567282 -1.988513 0.959857
Car -1 -1 -10 473.000000 182.000000 523.000000 215.000000 1.489966 1.579680 3.720641 -4.839180 1.275843 31.390762 -1.589855 0.953128
Car -1 -1 -10 -6.000000 185.000000 180.000000 263.000000 1.529310 1.625982 3.795019 -12.590307 1.398705 16.924877 -2.183645 0.870051
Car -1 -1 -10 310.000000 178.000000 368.000000 204.000000 1.480708 1.571043 3.642548 -15.783685 0.793211 41.638260 0.738805 0.756381
Cyclist -1 -1 -10 -3.000000 186.000000 173.000000 261.000000 1.620555 0.601987 1.699467 -11.918392 1.542371 15.806880 1.459050 0.015012
