Car -1 -1 -10 555.000000 176.000000 622.000000 238.000000 1.472069 1.637772 3.767514 -0.452710 1.357731 20.311881 -1.593002 0.999268
Car -1 -1 -10 29.000000 209.000000 419.000000 372.000000 1.477358 1.606688 3.798062 -3.548401 1.670057 6.574930 1.167299 0.998969
Car -1 -1 -10 357.000000 183.000000 495.000000 273.000000 1.555937 1.598397 3.769231 -3.384408 1.512569 13.273836 -1.394022 0.998380
Car -1 -1 -10 510.000000 177.000000 549.000000 213.000000 1.479921 1.593090 3.707557 -3.438276 1.151987 31.163350 -1.704010 0.895947
Car -1 -1 -10 458.000000 187.000000 526.000000 238.000000 1.586010 1.575628 3.796795 -3.521175 1.581400 21.948871 -1.622013 0.859965
Car -1 -1 -10 231.000000 180.000000 320.000000 242.000000 1.458338 1.584377 3.408275 -10.618431 1.294014 22.658876 1.098701 0.161282
Car -1 -1 -10 0.000000 165.000000 122.000000 321.000000 1.502228 1.679693 3.641449 -3.675841 1.730807 5.806921 0.892563 0.149151
Car -1 -1 -10 332.000000 181.000000 370.000000 209.000000 1.492868 1.621257 3.868088 -13.288057 1.238462 36.616140 -1.894506 0.088985
Car -1 -1 -10 236.000000 177.000000 300.000000 208.000000 1.457069 1.639416 3.811031 -16.900609 0.969357 34.291776 1.620920 0.058338
Car -1 -1 -10 319.000000 195.000000 351.000000 226.000000 1.462904 1.644757 3.632839 -13.261276 1.534293 35.735657 -1.932823 0.049939
Car -1 -1 -10 383.000000 179.000000 441.000000 220.000000 1.534829 1.639721 3.810746 -8.122658 0.821872 29.894420 1.735166 0.030581
Car -1 -1 -10 228.000000 176.000000 370.000000 276.000000 1.586295 1.591974 3.749526 -7.911442 1.381008 18.051262 -1.449347 0.024757
Car -1 -1 -10 378.000000 181.000000 469.000000 240.000000 1.493177 1.512915 3.376900 -4.653492 0.970533 22.295799 1.235368 0.017398
Car -1 -1 -10 386.000000 178.000000 426.000000 203.000000 1.597548 1.628539 3.425352 -3.175554 1.712318 8.181016 1.351440 0.015384
Car -1 -1 -10 293.000000 187.000000 352.000000 230.000000 1.574808 1.394321 3.390694 -9.388038 2.834615 20.256119 -2.194157 0.014942
Car -1 -1 -10 260.000000 189.000000 350.000000 248.000000 1.603803 1.625475 3.500296 -5.832490 2.152446 10.730289 1.167990 0.014782
