Pedestrian -1 -1 -10 1180.000000 183.000000 1239.000000 362.000000 1.681821 0.592242 0.598344 4.469196 2.244106 4.953398 -0.881331 0.029061
Car -1 -1 -10 3.000000 179.000000 339.000000 298.000000 1.517539 1.633204 4.030735 -6.242567 1.589863 10.744926 -3.216145 0.997253
Car -1 -1 -10 238.000000 163.000000 449.000000 254.000000 1.632319 1.645916 4.043557 -5.687924 1.554478 16.138387 -3.091555 0.981466
Car -1 -1 -10 450.000000 176.000000 522.000000 209.000000 1.455052 1.608567 3.965315 -5.991258 1.595261 34.192217 1.897332 0.955288
Car -1 -1 -10 410.000000 172.000000 485.000000 212.000000 1.513581 1.654454 3.920134 -6.700454 1.473682 31.598830 0.880486 0.916685
Car -1 -1 -10 674.000000 173.000000 775.000000 237.000000 1.465809 1.523947 3.867630 3.172040 1.898489 21.049963 1.189487 0.157916
Car -1 -1 -10 687.000000 138.000000 831.000000 250.000000 1.623267 1.526876 3.913232 3.093773 1.341705 14.753222 1.213459 0.026060
Car -1 -1 -10 635.000000 173.000000 686.000000 207.000000 1.440970 1.525731 3.394693 2.367767 1.596225 33.138746 -1.481916 0.022300
Car -1 -1 -10 651.000000 161.000000 709.000000 214.000000 1.559655 1.579231 3.991163 2.884179 1.228458 30.214003 -1.543476 0.018516
Car -1 -1 -10 656.000000 158.000000 752.000000 221.000000 1.419979 1.551044 3.644181 3.068217 1.898418 21.174282 1.113331 0.016913
Car -1 -1 -10 478.000000 176.000000 539.000000 203.000000 1.540333 1.572079 3.810181 -5.457869 1.516954 37.376021 1.968780 0.012629
Car -1 -1 -10 64.000000 175.000000 190.000000 222.000000 1.471092 1.595884 3.938546 -18.923862 1.192156 28.002341 0.423448 0.011170
