Pedestrian -1 -1 -10 751.000000 162.000000 791.000000 270.000000 1.694122 0.601851 0.744050 2.506783 1.568458 10.526096 -1.301101 0.982723
Pedestrian -1 -1 -10 456.000000 166.000000 474.000000 241.000000 1.610337 0.607983 0.643665 -4.444239 1.230517 24.059050 -1.736694 0.662960
Pedestrian -1 -1 -10 472.000000 171.000000 490.000000 234.000000 1.640711 0.596498 0.589527 -5.168336 1.822832 31.682718 -1.738330 0.557044
Pedestrian -1 -1 -10 459.000000 169.000000 498.000000 237.000000 1.657506 0.604977 0.686408 -4.532549 1.218037 24.877402 -1.709557 0.150319
Pedestrian -1 -1 -10 509.000000 170.000000 525.000000 212.000000 1.671700 0.612501 0.718954 -3.633819 1.476598 31.639415 -1.659078 0.118267
Pedestrian -1 -1 -10 442.000000 171.000000 484.000000 239.000000 1.628675 0.631473 0.672090 -4.546950 1.247024 24.705060 -1.751681 0.051762
Pedestrian -1 -1 -10 389.000000 168.000000 408.000000 249.000000 1.613425 0.599801 0.627352 -6.826147 1.412901 24.725924 -1.827587 0.033280
Pedestrian -1 -1 -10 568.000000 170.000000 580.000000 202.000000 1.741028 0.574606 0.746968 -1.633619 1.422745 41.731441 0.519723 0.031320
Pedestrian -1 -1 -10 585.000000 169.000000 594.000000 202.000000 1.677917 0.612184 0.664171 -0.599457 1.359332 42.540587 -1.527964 0.025140
Pedestrian -1 -1 -10 408.000000 175.000000 424.000000 240.000000 1.671150 0.618207 0.646085 -5.809384 1.320846 22.877110 -1.816353 0.014749
Car -1 -1 -10 247.000000 184.000000 527.000000 374.000000 1.584931 1.634144 3.928695 -2.236043 1.648389 7.098345 0.847678 0.997594
Car -1 -1 -10 1179.000000 223.000000 1234.000000 371.000000 1.436545 1.635172 3.482018 2.726880 1.066990 4.043599 2.348270 0.042324
Car -1 -1 -10 353.000000 186.000000 438.000000 236.000000 1.481487 1.545087 3.631172 -7.626728 1.353651 29.135371 1.280389 0.014913
Cyclist -1 -1 -10 450.000000 173.000000 503.000000 233.000000 1.663630 0.617922 0.680775 -4.575642 1.200235 24.762056 -1.733568 0.382038
Cyclist -1 -1 -10 470.000000 173.000000 495.000000 232.000000 1.657659 0.585574 0.629199 -5.271627 1.771353 31.778467 -1.740178 0.148488
Cyclist -1 -1 -10 437.000000 169.000000 476.000000 241.000000 1.601544 0.599739 0.619248 -4.413741 1.145569 24.086828 -1.761552 0.084117
Cyclist -1 -1 -10 462.000000 168.000000 478.000000 246.000000 1.627836 0.597543 0.651350 -4.476011 1.120966 24.086068 -1.737382 0.053473
Cyclist -1 -1 -10 787.000000 177.000000 823.000000 238.000000 1.595412 0.601326 0.600312 4.414514 1.397990 14.751883 -1.258664 0.044798
Cyclist -1 -1 -10 748.000000 160.000000 792.000000 271.000000 1.696041 0.589994 0.762864 2.527412 1.531865 10.553487 -1.307297 0.034561
Cyclist -1 -1 -10 479.000000 180.000000 504.000000 232.000000 1.642201 0.583333 0.629138 -5.243434 1.798284 31.735992 -1.718040 0.023008
Cyclist -1 -1 -10 376.000000 173.000000 430.000000 241.000000 1.636063 0.624790 0.556660 -5.972506 1.371941 23.505237 0.730252 0.022168
Cyclist -1 -1 -10 408.000000 175.000000 424.000000 240.000000 1.637752 0.584721 0.614346 -5.625961 1.267675 22.326138 -1.824376 0.015059
