Pedestrian -1 -1 -10 686.000000 169.000000 705.000000 217.000000 1.693534 0.602202 0.747879 3.354575 1.801377 27.860137 -1.414069 0.924435
Pedestrian -1 -1 -10 1169.000000 177.000000 1196.000000 222.000000 1.684179 0.594853 0.607949 20.210353 1.765245 25.246088 -0.908334 0.021748
Car -1 -1 -10 454.000000 182.000000 504.000000 219.000000 1.424579 1.547325 3.799534 -4.947007 1.897853 29.039955 0.947561 0.999313
Car -1 -1 -10 336.000000 183.000000 419.000000 211.000000 1.513873 1.644955 4.259380 -11.512229 1.977489 36.854979 0.673338 0.996594
Car -1 -1 -10 53.000000 180.000000 185.000000 239.000000 1.489083 1.583710 3.826467 -14.964463 1.909410 22.486900 0.927221 0.990327
Car -1 -1 -10 995.000000 200.000000 1239.000000 368.000000 1.495687 1.600187 3.626405 2.912656 1.784882 2.690330 1.628833 0.844942
Car -1 -1 -10 2.000000 183.000000 107.000000 239.000000 1.499961 1.584101 3.912301 -17.133064 1.694154 22.756385 0.339867 0.630485
Car -1 -1 -10 0.000000 197.000000 102.000000 372.000000 1.490313 1.619521 3.745142 -6.122366 1.865893 6.544962 -2.187343 0.403710
Car -1 -1 -10 108.000000 183.000000 189.000000 226.000000 1.453021 1.579729 3.715030 -15.063855 1.676724 23.200795 0.975968 0.024806
Car -1 -1 -10 489.000000 172.000000 526.000000 197.000000 1.674408 1.672912 4.011500 -8.143084 1.726849 58.930847 -1.713500 0.012337
Cyclist -1 -1 -10 1006.000000 187.000000 1245.000000 373.000000 1.674820 0.581195 0.558160 2.426481 1.953601 2.545591 -0.952605 0.018734
Cyclist -1 -1 -10 1166.000000 174.000000 1197.000000 223.000000 1.340064 1.586560 3.796269 20.228798 1.606664 25.023161 2.258126 0.015910
