Pedestrian -1 -1 -10 703.000000 163.000000 716.000000 210.000000 1.665454 0.607218 0.720400 4.327121 1.613654 31.169723 -1.401326 0.186304
Pedestrian -1 -1 -10 529.000000 171.000000 543.000000 209.000000 1.673540 0.608115 0.730233 -3.394121 1.979555 34.514203 -1.635678 0.066983
Pedestrian -1 -1 -10 477.000000 173.000000 497.000000 225.000000 1.636287 0.594664 0.691005 -3.362715 1.874981 20.094867 -1.692658 0.014149
Car -1 -1 -10 94.000000 186.000000 355.000000 335.000000 1.547193 1.633197 3.763042 -5.105775 1.859075 9.811529 1.574280 0.999705
Car -1 -1 -10 773.000000 167.000000 1151.000000 376.000000 1.463135 1.601242 3.929567 2.955509 1.538364 6.006660 1.508506 0.995305
Car -1 -1 -10 426.000000 183.000000 494.000000 230.000000 1.481365 1.600732 3.873514 -5.382576 1.979267 26.015294 1.371288 0.967344
Car -1 -1 -10 825.000000 175.000000 935.000000 254.000000 1.480196 1.644626 3.580636 7.490721 1.622792 23.198455 1.933779 0.303158
Car -1 -1 -10 510.000000 176.000000 547.000000 206.000000 1.489032 1.500678 3.432746 -3.501546 1.763997 36.497379 -1.688162 0.031824
Car -1 -1 -10 814.000000 176.000000 1033.000000 272.000000 1.478088 1.617311 3.903622 6.128071 1.050508 15.448099 1.520521 0.023809
Car -1 -1 -10 527.000000 173.000000 544.000000 206.000000 1.516538 1.607497 3.629776 -3.522153 1.700293 35.547398 -1.632959 0.015561
Cyclist -1 -1 -10 498.000000 171.000000 528.000000 238.000000 1.667896 0.575192 0.719895 -2.721737 1.900421 20.588918 -1.654678 0.999402
Cyclist -1 -1 -10 471.000000 172.000000 502.000000 241.000000 1.684126 0.579542 0.749425 -3.350200 1.957308 20.080046 -1.685924 0.997772
Cyclist -1 -1 -10 432.000000 180.000000 496.000000 232.000000 1.728206 0.676318 0.642860 -3.915498 2.255988 21.893832 0.827015 0.582548
Cyclist -1 -1 -10 530.000000 171.000000 543.000000 209.000000 1.645646 0.587763 0.724156 -3.405012 1.863171 34.561434 -1.640539 0.103125
Cyclist -1 -1 -10 505.000000 176.000000 542.000000 208.000000 1.616739 0.591519 0.676802 -3.413181 1.767178 34.551187 -1.665593 0.063658
Cyclist -1 -1 -10 822.000000 177.000000 938.000000 257.000000 1.525342 1.521460 3.822143 4.145815 2.101826 14.920649 1.896402 0.012928
