Car -1 -1 -10 26.000000 183.000000 296.000000 292.000000 1.504448 1.612926 4.035399 -7.333962 1.701070 12.198564 -3.197647 0.999062
Car -1 -1 -10 648.000000 182.000000 697.000000 221.000000 1.451429 1.595393 3.782699 2.766208 1.847321 29.769705 -1.525822 0.998723
Car -1 -1 -10 151.000000 183.000000 407.000000 267.000000 1.484805 1.615769 4.115957 -6.310276 1.683697 14.554179 -3.218117 0.994246
Car -1 -1 -10 344.000000 184.000000 482.000000 232.000000 1.462557 1.550423 3.929849 -6.029263 1.754245 23.746878 0.753326 0.952091
Car -1 -1 -10 1017.000000 218.000000 1240.000000 374.000000 1.523914 1.675537 3.688993 3.211620 1.592459 3.053008 1.657825 0.859261
Car -1 -1 -10 274.000000 186.000000 437.000000 244.000000 1.471568 1.610379 3.991337 -5.975053 1.479043 17.784018 0.737267 0.849671
Car -1 -1 -10 415.000000 182.000000 520.000000 218.000000 1.494087 1.615355 3.740437 -5.762840 1.936665 32.522928 1.885093 0.448681
Car -1 -1 -10 685.000000 105.000000 929.000000 290.000000 1.697366 1.610960 4.297201 2.932271 1.137064 11.222826 -1.495816 0.384488
Car -1 -1 -10 456.000000 181.000000 542.000000 209.000000 1.495560 1.639917 3.582678 -5.656867 1.324396 35.333433 1.418404 0.134176
Car -1 -1 -10 696.000000 177.000000 790.000000 233.000000 1.576726 1.588866 3.311472 0.655875 2.206316 9.869666 1.810080 0.039140
Car -1 -1 -10 694.000000 147.000000 853.000000 272.000000 1.594092 1.531873 3.972603 2.969847 1.488102 12.588394 1.248412 0.025032
Car -1 -1 -10 671.000000 178.000000 720.000000 213.000000 1.401327 1.618130 3.588448 3.922679 1.962190 37.774264 1.765297 0.021367
Car -1 -1 -10 486.000000 178.000000 550.000000 203.000000 1.554108 1.609627 3.881275 -5.248434 2.075500 44.410511 -1.695782 0.014653
