Pedestrian -1 -1 -10 805.000000 168.000000 840.000000 252.000000 1.691577 0.610599 0.750583 4.389695 1.793543 14.512402 -1.238929 0.987628
Pedestrian -1 -1 -10 802.000000 174.000000 825.000000 225.000000 1.879985 0.669288 0.883260 1.717058 2.574733 10.018281 1.895343 0.058252
Pedestrian -1 -1 -10 53.000000 206.000000 87.000000 278.000000 1.757433 0.582868 0.607403 -4.081712 1.735796 5.790433 -2.223320 0.042742
Car -1 -1 -10 342.000000 190.000000 431.000000 254.000000 1.433477 1.553174 3.771775 -5.476607 1.948778 18.027530 1.179647 0.999719
Car -1 -1 -10 0.000000 203.000000 327.000000 372.000000 1.479055 1.582715 3.706861 -3.776888 1.794936 5.939474 1.497521 0.992853
Car -1 -1 -10 485.000000 178.000000 579.000000 211.000000 1.412600 1.657934 3.995854 -3.749669 1.959159 36.254589 2.549154 0.987979
Car -1 -1 -10 621.000000 177.000000 711.000000 206.000000 1.523155 1.703321 4.052688 3.220237 1.725864 39.126578 -2.655361 0.978643
Car -1 -1 -10 163.000000 185.000000 291.000000 227.000000 1.491521 1.642836 4.005540 -15.417381 1.950037 28.079562 -3.114930 0.941421
Car -1 -1 -10 221.000000 190.000000 294.000000 218.000000 1.494267 1.601828 3.835000 -14.245966 1.872064 28.923619 1.090302 0.022292
Cyclist -1 -1 -10 47.000000 204.000000 91.000000 278.000000 1.752812 0.579793 0.644045 -4.198364 1.657730 5.864772 -2.229727 0.455449
Cyclist -1 -1 -10 806.000000 168.000000 839.000000 252.000000 1.665452 0.601403 0.744398 4.398980 1.711861 14.551196 -1.249245 0.193888
Cyclist -1 -1 -10 802.000000 174.000000 825.000000 225.000000 1.526851 1.541185 3.270459 1.810501 2.266793 10.215895 1.898516 0.038975
Cyclist -1 -1 -10 158.000000 182.000000 291.000000 225.000000 1.484413 1.618486 3.927612 -14.951072 2.100162 27.356593 -0.022535 0.019667
