Pedestrian -1 -1 -10 806.000000 129.000000 864.000000 326.000000 1.717744 0.604702 0.754333 2.367919 1.443875 6.933238 -1.210110 0.998821
Pedestrian -1 -1 -10 644.000000 142.000000 687.000000 261.000000 1.645115 0.608623 0.631682 0.916095 1.278509 10.911239 -1.441203 0.998343
Pedestrian -1 -1 -10 710.000000 136.000000 782.000000 334.000000 1.704711 0.602337 0.751639 1.366070 1.538322 6.700525 -1.331200 0.998066
Pedestrian -1 -1 -10 605.000000 139.000000 656.000000 258.000000 1.698446 0.591876 0.682171 0.547528 1.395824 10.919380 -1.477360 0.997038
Pedestrian -1 -1 -10 568.000000 141.000000 607.000000 247.000000 1.626112 0.609085 0.651056 -0.131925 1.181797 12.002069 1.004122 0.994303
Pedestrian -1 -1 -10 477.000000 139.000000 516.000000 262.000000 1.750867 0.582901 0.766931 -1.639024 1.368483 10.617434 0.396478 0.993895
Pedestrian -1 -1 -10 774.000000 143.000000 811.000000 255.000000 1.648020 0.598192 0.692660 3.032801 1.162759 11.106128 -1.281334 0.992440
Pedestrian -1 -1 -10 532.000000 138.000000 568.000000 252.000000 1.723204 0.577067 0.735208 -0.933701 1.307842 11.489240 0.467430 0.990836
Pedestrian -1 -1 -10 681.000000 147.000000 700.000000 201.000000 1.699394 0.627146 0.666660 2.902060 0.674952 24.094747 2.200168 0.965528
Pedestrian -1 -1 -10 504.000000 146.000000 535.000000 255.000000 1.669200 0.583738 0.710691 -1.349832 1.310981 11.089046 -1.642580 0.960859
Pedestrian -1 -1 -10 456.000000 141.000000 482.000000 221.000000 1.645495 0.605496 0.685197 -2.988397 0.894928 16.207836 -1.725351 0.740515
Pedestrian -1 -1 -10 607.000000 139.000000 637.000000 224.000000 1.703555 0.606298 0.758305 0.601226 0.891180 17.058927 -1.494002 0.627640
Pedestrian -1 -1 -10 513.000000 146.000000 549.000000 233.000000 1.739951 0.602263 0.800825 -1.594055 1.191082 16.705036 -1.621389 0.462058
Pedestrian -1 -1 -10 722.000000 146.000000 747.000000 199.000000 1.593344 0.605589 0.628902 4.658568 0.287262 23.842462 -1.373830 0.319226
Pedestrian -1 -1 -10 524.000000 140.000000 544.000000 218.000000 1.682378 0.580130 0.672139 -1.469448 0.858077 17.616672 -1.637739 0.285657
Pedestrian -1 -1 -10 560.000000 139.000000 580.000000 210.000000 1.710314 0.592892 0.610600 -1.647964 0.128382 28.778568 -1.629801 0.260699
Pedestrian -1 -1 -10 1102.000000 185.000000 1148.000000 274.000000 1.665110 0.642297 0.689967 11.840370 2.246736 16.394170 2.270786 0.251374
Pedestrian -1 -1 -10 266.000000 137.000000 307.000000 224.000000 1.694088 0.596790 0.719059 -7.691576 0.641575 17.472977 -1.954544 0.101090
Pedestrian -1 -1 -10 491.000000 142.000000 512.000000 200.000000 1.751311 0.598323 0.669238 -5.650783 0.108583 37.402159 -1.665925 0.100895
Pedestrian -1 -1 -10 280.000000 142.000000 326.000000 221.000000 1.701711 0.583399 0.630834 -8.317967 0.744947 18.441771 1.673606 0.052802
Pedestrian -1 -1 -10 661.000000 150.000000 684.000000 215.000000 1.632722 0.586578 0.568547 2.976167 1.479991 25.158205 -1.459392 0.037340
Pedestrian -1 -1 -10 669.000000 147.000000 690.000000 205.000000 1.652845 0.617378 0.606697 2.807147 0.931587 24.260153 2.182531 0.031273
Pedestrian -1 -1 -10 511.000000 149.000000 535.000000 212.000000 1.769333 0.583993 0.613010 -2.407046 1.716410 23.459856 -1.696934 0.031166
Pedestrian -1 -1 -10 573.000000 141.000000 601.000000 201.000000 1.680297 0.631624 0.655941 -0.295016 0.275150 29.641095 2.030702 0.028999
Cyclist -1 -1 -10 259.000000 140.000000 338.000000 238.000000 1.660788 0.586167 0.695046 -5.411131 0.944811 12.060237 -1.940912 0.921353
Cyclist -1 -1 -10 268.000000 139.000000 310.000000 220.000000 1.713835 0.591134 0.614499 -8.064550 0.255263 18.003225 -1.977187 0.387112
Cyclist -1 -1 -10 294.000000 151.000000 364.000000 211.000000 1.694885 0.540336 1.688558 -11.817638 0.858317 30.598540 -1.989019 0.301554
Cyclist -1 -1 -10 375.000000 144.000000 419.000000 193.000000 1.456479 1.555884 3.568999 -9.829577 1.262920 33.552953 1.777550 0.257693
Cyclist -1 -1 -10 335.000000 151.000000 398.000000 198.000000 1.750169 0.515101 1.617454 -11.009706 0.806367 31.073957 -1.841695 0.257085
Cyclist -1 -1 -10 283.000000 144.000000 329.000000 218.000000 1.442621 1.582431 3.655123 -11.811523 0.777098 28.311642 1.249585 0.213564
Cyclist -1 -1 -10 520.000000 144.000000 541.000000 216.000000 1.752813 0.579793 0.644045 -2.480860 1.659495 23.500648 -1.691660 0.053276
Cyclist -1 -1 -10 454.000000 141.000000 482.000000 225.000000 1.648367 0.591991 0.723656 -3.002453 0.903960 16.253165 -1.725830 0.036822
Cyclist -1 -1 -10 567.000000 140.000000 604.000000 230.000000 1.613381 0.592401 0.665330 -0.697821 0.628718 17.070917 -1.577921 0.029914
Cyclist -1 -1 -10 608.000000 139.000000 637.000000 218.000000 1.619331 0.587551 0.608977 0.562732 0.486431 16.984440 -1.539810 0.023812
Cyclist -1 -1 -10 500.000000 147.000000 536.000000 240.000000 1.569884 1.412315 3.534980 -2.848945 1.436276 16.039308 1.422513 0.019435
Cyclist -1 -1 -10 488.000000 139.000000 509.000000 191.000000 1.723754 0.636790 0.679243 -5.498878 -0.021201 37.152071 -1.689840 0.012401
