Pedestrian -1 -1 -10 661.000000 168.000000 671.000000 200.000000 1.666536 0.565764 0.687632 2.604641 1.884388 36.128243 0.648643 0.045368
Car -1 -1 -10 563.000000 171.000000 646.000000 241.000000 1.534421 1.597437 3.659869 -0.142572 1.578662 18.177066 -1.470128 0.999006
Car -1 -1 -10 781.000000 169.000000 897.000000 244.000000 1.487357 1.576343 3.940288 5.415322 1.343711 16.567869 -1.425658 0.998857
Car -1 -1 -10 1.000000 195.000000 211.000000 325.000000 1.508398 1.623044 3.913596 -7.251112 1.757419 10.147815 -2.189464 0.997600
Car -1 -1 -10 923.000000 169.000000 1237.000000 377.000000 1.431867 1.570585 4.005203 3.621889 1.599949 3.759659 1.566873 0.959533
Car -1 -1 -10 747.000000 164.000000 793.000000 206.000000 1.483959 1.611679 3.967896 7.644119 1.230394 32.295250 -1.444623 0.947771
Car -1 -1 -10 762.000000 169.000000 837.000000 226.000000 1.430156 1.571670 3.958220 5.730849 1.613001 21.390997 1.355180 0.934719
Car -1 -1 -10 628.000000 175.000000 666.000000 210.000000 1.454393 1.556791 3.650091 1.607476 1.549125 32.171550 -1.496809 0.884778
Car -1 -1 -10 734.000000 165.000000 771.000000 198.000000 1.366315 1.630549 3.742232 8.045253 1.750530 42.011076 -1.371694 0.394131
Car -1 -1 -10 590.000000 167.000000 644.000000 220.000000 1.467056 1.606822 3.799963 0.203117 1.358724 22.440233 -1.524368 0.149942
