Car -1 -1 -10 694.000000 187.000000 796.000000 256.000000 1.454780 1.583211 3.865454 3.323078 1.762341 17.009729 -1.506102 0.997361
Car -1 -1 -10 -6.000000 183.000000 356.000000 293.000000 1.509966 1.602155 3.881190 -5.708791 1.615078 10.799393 1.534221 0.995716
Car -1 -1 -10 229.000000 175.000000 429.000000 260.000000 1.562692 1.597149 3.922017 -5.757945 1.706107 15.502133 0.623641 0.989891
Car -1 -1 -10 311.000000 175.000000 470.000000 233.000000 1.573088 1.613596 3.874312 -5.873012 1.580399 22.388455 -1.412009 0.980388
Car -1 -1 -10 913.000000 182.000000 1238.000000 373.000000 1.415065 1.601700 3.948281 3.470311 1.579194 3.141365 1.535065 0.966418
Car -1 -1 -10 4.000000 186.000000 205.000000 343.000000 1.505324 1.613959 3.774072 -6.138644 1.633075 7.935525 -2.117507 0.965692
Car -1 -1 -10 754.000000 185.000000 871.000000 228.000000 1.486273 1.706137 4.202337 6.897084 1.757788 24.873203 -2.403182 0.953871
Car -1 -1 -10 383.000000 174.000000 504.000000 221.000000 1.472304 1.574108 3.871899 -5.437739 1.715491 27.540751 1.314597 0.805201
Car -1 -1 -10 466.000000 177.000000 534.000000 204.000000 1.495323 1.517092 3.756015 -6.178842 1.754967 42.152303 1.868386 0.770952
Car -1 -1 -10 691.000000 180.000000 822.000000 227.000000 1.483550 1.631956 4.032556 6.084797 1.731502 25.320698 1.233782 0.248213
