Pedestrian -1 -1 -10 284.000000 168.000000 322.000000 272.000000 1.717174 0.555021 0.695158 -5.589297 1.481885 12.360042 1.651496 0.957206
Pedestrian -1 -1 -10 333.000000 169.000000 364.000000 291.000000 1.826922 0.686430 0.892864 -3.698023 2.097309 7.752153 1.257555 0.849079
Pedestrian -1 -1 -10 307.000000 171.000000 380.000000 289.000000 1.623909 0.596529 0.558674 -4.601379 1.405842 13.289106 -1.916958 0.357873
Pedestrian -1 -1 -10 279.000000 169.000000 453.000000 288.000000 1.601210 0.589047 0.616372 -2.171599 1.692513 6.587415 -1.878443 0.078446
Pedestrian -1 -1 -10 335.000000 175.000000 414.000000 284.000000 1.631553 0.598573 0.557624 -4.682737 1.426879 13.351552 -1.874937 0.052074
Pedestrian -1 -1 -10 256.000000 174.000000 331.000000 297.000000 1.858409 0.603309 0.721602 -1.526595 1.353567 2.690838 -2.005033 0.051576
Pedestrian -1 -1 -10 105.000000 186.000000 474.000000 373.000000 1.732272 0.625576 0.679760 -2.624313 2.055499 4.869702 1.694570 0.022632
Pedestrian -1 -1 -10 312.000000 181.000000 348.000000 291.000000 1.835793 0.607679 0.699341 -1.369288 1.248340 2.700642 -1.963142 0.012860
Car -1 -1 -10 662.000000 179.000000 734.000000 234.000000 1.449219 1.559353 3.786161 2.694310 1.711311 20.758853 -1.560318 0.999023
Car -1 -1 -10 118.000000 194.000000 457.000000 372.000000 1.505935 1.599736 3.773678 -2.645125 1.810332 3.551312 1.680295 0.996662
Car -1 -1 -10 527.000000 179.000000 566.000000 215.000000 1.517452 1.627507 3.855405 -2.991045 1.780304 34.547425 -1.636543 0.995811
Car -1 -1 -10 783.000000 187.000000 1238.000000 377.000000 1.467006 1.619925 4.043893 2.807592 1.433995 4.675595 1.584106 0.980912
Car -1 -1 -10 639.000000 179.000000 687.000000 214.000000 1.452486 1.579932 3.897899 2.732323 1.754094 33.148805 -1.657377 0.974771
Car -1 -1 -10 1.000000 200.000000 281.000000 375.000000 1.476669 1.641140 3.446436 -3.156257 1.095346 3.754708 1.040038 0.956563
Car -1 -1 -10 308.000000 186.000000 474.000000 282.000000 1.566762 1.589861 3.674487 -2.891311 1.606881 11.294722 -1.846831 0.954209
Car -1 -1 -10 631.000000 178.000000 665.000000 207.000000 1.429227 1.482762 3.382135 2.141361 2.027824 36.120293 -1.513004 0.473103
Car -1 -1 -10 206.000000 178.000000 402.000000 325.000000 1.478878 1.619241 3.680488 -2.481400 1.533641 6.303704 -1.956444 0.024029
Cyclist -1 -1 -10 332.000000 180.000000 451.000000 283.000000 1.514333 1.632730 3.647169 -1.835365 1.415013 4.109798 1.376661 0.285705
Cyclist -1 -1 -10 327.000000 173.000000 376.000000 287.000000 1.758871 0.686365 0.864490 -3.740992 1.927831 7.899639 1.230994 0.088088
Cyclist -1 -1 -10 246.000000 189.000000 433.000000 275.000000 1.561620 1.556263 3.345607 -3.269311 1.741066 6.570299 1.278512 0.054391
Cyclist -1 -1 -10 256.000000 174.000000 331.000000 297.000000 1.850241 0.588856 0.714850 -1.519002 1.204851 2.640393 1.209962 0.030911
Cyclist -1 -1 -10 117.000000 191.000000 464.000000 375.000000 1.653877 0.604780 0.652409 -2.456598 1.976325 4.430718 1.670489 0.013105
