Pedestrian -1 -1 -10 362.000000 155.000000 423.000000 315.000000 1.655514 0.620505 0.747404 -2.370769 1.625998 8.552925 -1.814996 0.997407
Pedestrian -1 -1 -10 600.000000 167.000000 642.000000 289.000000 1.686876 0.605799 0.750142 0.360234 1.671327 10.014356 -1.505658 0.994732
Pedestrian -1 -1 -10 830.000000 128.000000 909.000000 362.000000 1.662953 0.621248 0.741247 1.823061 1.513570 5.268528 0.869995 0.993145
Pedestrian -1 -1 -10 947.000000 138.000000 1025.000000 330.000000 1.692648 0.602907 0.745416 3.472958 1.444909 6.497450 -1.041097 0.986703
Pedestrian -1 -1 -10 550.000000 168.000000 571.000000 226.000000 1.692953 0.607279 0.752024 -1.208926 1.515455 21.991207 -1.582017 0.970640
Pedestrian -1 -1 -10 516.000000 169.000000 539.000000 222.000000 1.661479 0.604121 0.709082 -2.450775 1.435205 23.636457 -1.640577 0.891981
Pedestrian -1 -1 -10 576.000000 170.000000 593.000000 221.000000 1.687534 0.574498 0.618368 -0.252387 1.405299 22.663409 0.533949 0.481967
Pedestrian -1 -1 -10 584.000000 171.000000 601.000000 224.000000 1.669886 0.593316 0.644357 -0.239422 1.435427 22.461830 0.526814 0.442385
Pedestrian -1 -1 -10 596.000000 168.000000 618.000000 225.000000 1.695467 0.599206 0.673957 -0.026469 1.544051 22.884906 2.049116 0.158270
Pedestrian -1 -1 -10 781.000000 147.000000 959.000000 363.000000 1.654380 0.645858 0.677106 1.923605 1.649838 5.430338 1.425532 0.132174
Pedestrian -1 -1 -10 487.000000 166.000000 509.000000 219.000000 1.637491 0.607260 0.683844 -3.431380 1.298459 24.877493 -1.682280 0.119308
Pedestrian -1 -1 -10 880.000000 149.000000 909.000000 230.000000 1.667776 0.592175 0.641863 5.773997 1.040436 13.858159 0.950917 0.085722
Pedestrian -1 -1 -10 464.000000 172.000000 494.000000 209.000000 1.635937 0.604202 0.643744 -5.734366 1.141833 36.068981 -1.727309 0.046516
Pedestrian -1 -1 -10 473.000000 170.000000 504.000000 223.000000 1.692294 0.605001 0.728945 -3.705298 1.281859 25.093754 -1.672851 0.039957
Pedestrian -1 -1 -10 455.000000 170.000000 475.000000 214.000000 1.860811 0.623893 0.701804 -1.819616 1.765485 5.720028 1.451742 0.026431
Pedestrian -1 -1 -10 316.000000 190.000000 356.000000 271.000000 1.713930 0.588127 0.602010 -5.053698 1.959121 13.287584 -1.932626 0.026107
Pedestrian -1 -1 -10 267.000000 195.000000 310.000000 277.000000 1.636861 0.593645 0.572602 -5.450411 1.926081 13.279072 -1.976518 0.018984
Pedestrian -1 -1 -10 454.000000 173.000000 498.000000 230.000000 1.704787 0.619114 0.623527 -4.224515 1.554212 23.409844 1.874548 0.017888
Pedestrian -1 -1 -10 624.000000 166.000000 642.000000 218.000000 1.682703 0.595596 0.653665 1.396504 1.206270 31.091411 -1.517186 0.014526
Pedestrian -1 -1 -10 244.000000 198.000000 279.000000 270.000000 1.634916 0.590819 0.605225 -6.501401 2.046493 13.743364 -2.014566 0.011074
Cyclist -1 -1 -10 445.000000 170.000000 508.000000 294.000000 1.674955 0.573348 0.731978 -1.762845 1.686205 10.225924 -1.695328 0.999309
Cyclist -1 -1 -10 473.000000 170.000000 504.000000 223.000000 1.694225 0.609369 0.736068 -3.705269 1.266369 25.111774 -1.686325 0.379399
Cyclist -1 -1 -10 3.000000 158.000000 166.000000 372.000000 1.592919 0.593717 0.609651 -3.013627 1.905411 4.905283 -2.190599 0.245628
Cyclist -1 -1 -10 487.000000 166.000000 509.000000 219.000000 1.620177 0.593862 0.696977 -3.426990 1.258878 24.901311 -1.685749 0.241585
Cyclist -1 -1 -10 806.000000 140.000000 951.000000 369.000000 1.681215 0.640968 0.735794 1.789199 1.551421 5.219998 -1.206148 0.133835
Cyclist -1 -1 -10 455.000000 170.000000 475.000000 214.000000 1.848505 0.607698 0.702923 -1.865796 1.707386 5.763123 1.451538 0.133747
Cyclist -1 -1 -10 454.000000 173.000000 498.000000 230.000000 1.747717 0.566340 1.666436 -4.341217 1.374682 24.220160 1.889961 0.112390
Cyclist -1 -1 -10 516.000000 169.000000 540.000000 223.000000 1.657589 0.595225 0.739279 -2.435953 1.449018 23.610135 -1.644981 0.105762
Cyclist -1 -1 -10 464.000000 172.000000 494.000000 209.000000 1.650393 0.595178 0.651210 -5.807622 1.137877 36.003987 -1.728817 0.105414
Cyclist -1 -1 -10 874.000000 158.000000 907.000000 223.000000 1.752813 0.579793 0.644045 5.884153 0.665009 14.718638 -1.203596 0.011522
