Pedestrian -1 -1 -10 153.000000 169.000000 196.000000 223.000000 1.769333 0.583993 0.613010 -14.961516 1.682131 24.007310 -2.124435 0.011736
Car -1 -1 -10 56.000000 175.000000 379.000000 273.000000 1.477401 1.633809 4.055874 -6.595025 1.534758 12.647920 -3.204058 0.998043
Car -1 -1 -10 404.000000 172.000000 491.000000 210.000000 1.521469 1.639943 4.148461 -6.707413 1.346718 34.172478 0.861973 0.859759
Car -1 -1 -10 277.000000 169.000000 465.000000 244.000000 1.610297 1.658472 4.088960 -5.748072 1.569013 18.003092 -3.059347 0.849767
Car -1 -1 -10 454.000000 175.000000 524.000000 206.000000 1.502800 1.610983 3.991465 -6.097457 1.562428 35.686735 -2.857851 0.799187
Car -1 -1 -10 672.000000 126.000000 829.000000 250.000000 1.708378 1.603370 4.266980 2.944847 1.105516 15.166922 -1.562351 0.491233
Car -1 -1 -10 1030.000000 165.000000 1239.000000 374.000000 1.451962 1.612516 3.838790 5.901041 1.684088 6.641517 -0.851749 0.434664
Car -1 -1 -10 669.000000 169.000000 759.000000 234.000000 1.508136 1.461271 3.437231 2.706588 1.724616 19.312240 -1.442834 0.319247
Car -1 -1 -10 338.000000 173.000000 468.000000 218.000000 1.590568 1.594241 3.319564 -3.400982 1.871433 7.983677 1.318121 0.041052
Car -1 -1 -10 637.000000 171.000000 684.000000 206.000000 1.511760 1.480703 3.595144 2.532095 1.621791 34.554635 -1.513773 0.023388
