Car -1 -1 -10 199.000000 175.000000 422.000000 248.000000 1.507689 1.637486 4.076149 -6.682198 1.503588 16.615800 -3.106575 0.997523
Car -1 -1 -10 882.000000 161.000000 1248.000000 303.000000 1.570563 1.654431 3.957624 6.576105 1.523247 10.410084 0.034218 0.983781
Car -1 -1 -10 -2.000000 183.000000 228.000000 323.000000 1.493081 1.554770 3.713167 -6.274812 1.621472 8.321979 1.499329 0.942973
Car -1 -1 -10 298.000000 169.000000 485.000000 230.000000 1.614338 1.666709 4.058781 -5.887325 1.534954 21.989776 -3.051303 0.902592
Car -1 -1 -10 665.000000 134.000000 778.000000 240.000000 1.725650 1.614248 4.263954 2.882558 1.055215 19.115627 -1.573031 0.751291
Car -1 -1 -10 422.000000 172.000000 512.000000 205.000000 1.479899 1.620976 3.766963 -6.524476 1.619126 37.394504 -1.689979 0.386985
Car -1 -1 -10 461.000000 172.000000 529.000000 202.000000 1.489750 1.586841 3.831392 -6.174945 1.604448 38.887946 1.984600 0.379431
Car -1 -1 -10 658.000000 174.000000 711.000000 220.000000 1.422991 1.508413 3.486800 2.587983 1.860029 25.853248 -1.497630 0.074879
Car -1 -1 -10 642.000000 167.000000 690.000000 204.000000 1.453825 1.563250 3.777993 2.747045 1.278121 35.940612 -1.559489 0.045221
Car -1 -1 -10 1073.000000 155.000000 1244.000000 254.000000 1.412349 1.603474 3.710893 11.543118 0.904637 15.490691 -0.916421 0.027048
Car -1 -1 -10 643.000000 158.000000 718.000000 210.000000 1.452498 1.555735 3.523859 2.583839 2.036794 27.117841 -1.444831 0.020682
