Pedestrian -1 -1 -10 817.000000 148.000000 826.000000 182.000000 1.628023 0.605676 0.635360 11.280728 0.936638 38.411794 -1.266692 0.010701
Car -1 -1 -10 759.000000 168.000000 1087.000000 366.000000 1.552828 1.596874 4.067713 3.199738 1.503222 7.468534 -1.727516 0.999564
Car -1 -1 -10 606.000000 163.000000 683.000000 215.000000 1.455874 1.594434 3.889905 1.243336 1.116504 22.327391 -1.613217 0.998843
Car -1 -1 -10 548.000000 156.000000 621.000000 188.000000 1.561811 1.673877 4.237639 -1.654915 0.700070 38.358803 0.925923 0.991722
Car -1 -1 -10 667.000000 157.000000 757.000000 190.000000 1.542383 1.654918 3.833185 5.910276 1.130152 35.392598 2.247938 0.989491
Car -1 -1 -10 729.000000 157.000000 812.000000 186.000000 1.533441 1.624095 3.941525 8.900971 0.658350 37.829908 2.301780 0.965159
Car -1 -1 -10 790.000000 157.000000 858.000000 185.000000 1.556498 1.630604 3.818738 12.115845 0.747028 40.810952 -0.672540 0.621561
Car -1 -1 -10 901.000000 160.000000 1016.000000 210.000000 1.506104 1.611374 3.968259 16.438508 1.206168 34.235693 1.465300 0.076719
Car -1 -1 -10 652.000000 158.000000 698.000000 185.000000 1.387425 1.678618 3.601712 3.654792 1.081394 39.863862 1.645971 0.031819
Car -1 -1 -10 848.000000 160.000000 1065.000000 288.000000 1.457529 1.663270 3.527261 1.507676 1.077537 4.287591 2.107989 0.023356
Car -1 -1 -10 817.000000 154.000000 873.000000 194.000000 1.550090 1.643466 3.786919 11.729960 1.027656 39.429120 2.467707 0.020360
Car -1 -1 -10 903.000000 156.000000 972.000000 197.000000 1.532744 1.639485 3.792829 15.905442 1.184160 34.410062 2.509594 0.016946
Car -1 -1 -10 2.000000 173.000000 67.000000 376.000000 1.460903 1.626224 3.650286 -3.256301 1.685160 4.034679 -2.234266 0.012943
Car -1 -1 -10 844.000000 165.000000 986.000000 215.000000 1.499104 1.634041 3.750324 16.043272 1.131639 35.815214 1.994534 0.011400
Cyclist -1 -1 -10 861.000000 161.000000 1036.000000 227.000000 1.511322 1.598788 3.922079 15.022661 1.571743 32.279680 1.435808 0.109208
Cyclist -1 -1 -10 1.000000 181.000000 67.000000 376.000000 1.689152 0.578636 0.629112 -2.721472 1.813728 3.423754 -2.255733 0.101488
Cyclist -1 -1 -10 816.000000 156.000000 896.000000 204.000000 1.726924 0.577722 0.636298 10.472846 1.709677 30.604894 -1.259024 0.080074
Cyclist -1 -1 -10 844.000000 164.000000 928.000000 213.000000 1.395035 1.677881 3.795612 12.123171 1.304087 29.921500 -1.205200 0.026238
