Car -1 -1 -10 573.000000 175.000000 615.000000 213.000000 1.530801 1.621254 3.941297 -0.669311 1.131207 32.683125 -1.604802 0.999564
Car -1 -1 -10 -1.000000 198.000000 342.000000 374.000000 1.566430 1.670411 3.775045 -4.630091 1.636240 7.482928 -1.542026 0.998974
Car -1 -1 -10 290.000000 181.000000 429.000000 259.000000 1.593246 1.623229 3.752831 -5.305844 1.521676 15.531004 -1.411363 0.998890
Car -1 -1 -10 110.000000 186.000000 262.000000 265.000000 1.516996 1.584674 3.772734 -9.047071 1.079292 15.359256 1.047997 0.910574
Car -1 -1 -10 315.000000 172.000000 390.000000 216.000000 1.467588 1.579592 3.671648 -15.973915 1.612193 40.122078 1.215958 0.292505
Car -1 -1 -10 219.000000 181.000000 312.000000 226.000000 1.583288 1.620488 3.815723 -12.040932 1.299803 24.958517 1.642411 0.116231
Car -1 -1 -10 495.000000 174.000000 539.000000 207.000000 1.530414 1.628432 3.654510 -4.744149 1.222018 41.975669 -1.662186 0.061824
Car -1 -1 -10 531.000000 164.000000 559.000000 195.000000 1.694836 1.609230 3.948015 -5.631968 0.531942 65.227340 -1.672851 0.029290
Car -1 -1 -10 184.000000 185.000000 290.000000 234.000000 1.491745 1.625482 3.794988 -12.158194 1.345703 24.713094 -1.983643 0.026930
Car -1 -1 -10 366.000000 183.000000 429.000000 216.000000 1.510263 1.604926 3.770137 -9.149849 1.322568 31.630311 -1.750305 0.021781
Car -1 -1 -10 43.000000 196.000000 280.000000 292.000000 1.506448 1.638544 3.768870 -9.032364 1.375735 15.201213 -2.100581 0.016128
