Pedestrian -1 -1 -10 1026.000000 150.000000 1116.000000 343.000000 1.669130 0.598024 0.608651 4.211427 1.454698 6.213242 -0.991708 0.995903
Pedestrian -1 -1 -10 514.000000 170.000000 535.000000 230.000000 1.678779 0.598117 0.737006 -2.172544 1.592198 19.981100 -1.637453 0.976609
Pedestrian -1 -1 -10 342.000000 162.000000 386.000000 267.000000 1.637836 0.598861 0.603733 -4.429037 1.684439 12.930700 -1.881130 0.966090
Pedestrian -1 -1 -10 661.000000 166.000000 686.000000 220.000000 1.635966 0.603992 0.685015 2.275162 1.474340 22.861072 -1.443561 0.964700
Pedestrian -1 -1 -10 571.000000 167.000000 589.000000 217.000000 1.644089 0.603920 0.707067 -0.759334 1.299450 25.928393 -1.566340 0.941065
Pedestrian -1 -1 -10 400.000000 159.000000 428.000000 241.000000 1.617831 0.593981 0.613886 -4.419281 1.517487 16.432033 -1.807871 0.898278
Pedestrian -1 -1 -10 627.000000 165.000000 643.000000 210.000000 1.666964 0.609696 0.713769 1.360908 1.279571 27.935594 -1.493288 0.677170
Pedestrian -1 -1 -10 656.000000 163.000000 675.000000 210.000000 1.514787 1.455539 3.665273 0.548261 2.838456 20.257554 1.649424 0.076567
Car -1 -1 -10 141.000000 253.000000 297.000000 361.000000 1.493758 1.651992 3.496826 -2.463104 1.221113 3.558046 1.166766 0.130328
Cyclist -1 -1 -10 569.000000 167.000000 589.000000 216.000000 1.652733 0.610244 0.694251 -0.778812 1.331300 26.137206 -1.578338 0.072516
Cyclist -1 -1 -10 513.000000 171.000000 536.000000 228.000000 1.656894 0.618331 0.714885 -2.201478 1.461475 20.340810 -1.657946 0.053532
