Pedestrian -1 -1 -10 468.000000 183.000000 486.000000 228.000000 1.674788 0.598947 0.733329 -5.235377 2.272420 28.021391 -1.715622 0.014040
Car -1 -1 -10 645.000000 184.000000 716.000000 236.000000 1.464240 1.582890 3.923933 2.339856 1.814455 22.286242 -1.597323 0.997513
Car -1 -1 -10 705.000000 182.000000 837.000000 280.000000 1.449490 1.549805 3.912546 3.296447 1.876981 13.390321 1.278071 0.992373
Car -1 -1 -10 405.000000 192.000000 461.000000 239.000000 1.456036 1.591988 3.769582 -6.008370 2.133880 24.788443 -1.799713 0.986789
Car -1 -1 -10 757.000000 152.000000 1040.000000 357.000000 1.575637 1.591351 4.098484 3.200555 1.426468 7.477448 -1.690870 0.963037
Car -1 -1 -10 563.000000 185.000000 602.000000 215.000000 1.437073 1.571343 3.836366 -1.436039 2.236461 41.307923 -1.654167 0.596008
Car -1 -1 -10 607.000000 187.000000 675.000000 223.000000 1.451747 1.535024 3.847117 1.301107 1.862707 29.401972 1.141486 0.351177
Car -1 -1 -10 1017.000000 151.000000 1240.000000 367.000000 1.484500 1.565981 3.566790 2.879167 1.315913 2.462098 -0.931777 0.096704
Car -1 -1 -10 732.000000 173.000000 929.000000 301.000000 1.483926 1.461442 3.836091 3.328401 1.746671 9.554037 1.361432 0.042105
Car -1 -1 -10 710.000000 187.000000 786.000000 248.000000 1.472062 1.451308 3.319869 2.756033 1.694556 16.873152 -1.385367 0.022994
Car -1 -1 -10 423.000000 190.000000 465.000000 224.000000 1.572485 1.620478 3.918702 -7.265693 1.911774 30.641079 1.340460 0.016219
Cyclist -1 -1 -10 487.000000 182.000000 508.000000 226.000000 1.631318 0.596546 0.701208 -4.588877 2.184217 30.019241 -1.698033 0.517243
Cyclist -1 -1 -10 467.000000 183.000000 487.000000 228.000000 1.652983 0.581712 0.729706 -5.209908 2.218713 28.005944 -1.720645 0.133314
