Pedestrian -1 -1 -10 548.000000 160.000000 576.000000 222.000000 1.694971 0.603517 0.760475 -1.254030 1.405524 21.802433 0.479824 0.983252
Pedestrian -1 -1 -10 410.000000 165.000000 431.000000 213.000000 1.710691 0.590876 0.606849 -6.360107 1.082560 26.028117 -1.834719 0.715581
Pedestrian -1 -1 -10 230.000000 178.000000 250.000000 232.000000 1.707172 0.584822 0.735913 -12.383214 1.881723 23.723980 -1.998138 0.616916
Pedestrian -1 -1 -10 222.000000 178.000000 242.000000 234.000000 1.719124 0.579752 0.743608 -12.410626 1.909145 23.640241 -2.005351 0.430226
Pedestrian -1 -1 -10 285.000000 170.000000 308.000000 225.000000 1.659922 0.603109 0.601830 -8.345575 1.687485 19.642605 0.145341 0.155493
Pedestrian -1 -1 -10 841.000000 157.000000 860.000000 198.000000 1.703078 0.583682 0.737837 10.398466 0.881336 29.989227 -1.177863 0.075713
Pedestrian -1 -1 -10 286.000000 172.000000 338.000000 228.000000 1.678848 0.668681 0.657764 -8.066402 1.677009 19.763070 0.631247 0.044164
Car -1 -1 -10 385.000000 179.000000 500.000000 257.000000 1.532092 1.589789 3.698089 -3.339853 1.479535 14.702738 -1.362598 0.999408
Car -1 -1 -10 995.000000 158.000000 1107.000000 189.000000 1.483813 1.585842 3.733999 20.023887 0.364266 31.651868 -0.997029 0.330855
Car -1 -1 -10 1080.000000 144.000000 1222.000000 186.000000 1.610581 1.651827 3.901695 24.703855 0.122269 31.346150 0.064242 0.264146
Car -1 -1 -10 401.000000 172.000000 449.000000 216.000000 1.472287 1.641934 3.603895 -6.567048 0.855605 26.731347 1.329945 0.030603
Car -1 -1 -10 976.000000 149.000000 1059.000000 202.000000 1.505001 1.662362 3.710035 17.573270 0.364266 30.034268 2.719841 0.027828
Cyclist -1 -1 -10 729.000000 157.000000 774.000000 198.000000 1.743443 0.527450 1.750354 6.931839 0.921420 32.474894 -1.312476 0.999470
Cyclist -1 -1 -10 893.000000 143.000000 960.000000 203.000000 1.615473 0.583638 0.690404 10.549881 0.446273 23.111405 -1.106948 0.993767
Cyclist -1 -1 -10 970.000000 141.000000 1055.000000 208.000000 1.524123 1.583837 3.610012 5.453212 1.898074 11.337240 2.098149 0.983035
Cyclist -1 -1 -10 285.000000 169.000000 358.000000 234.000000 1.614533 0.644194 1.694611 -8.059676 1.571669 19.461815 0.676497 0.982831
Cyclist -1 -1 -10 840.000000 156.000000 861.000000 199.000000 1.730559 0.577608 0.734595 10.431762 0.828902 30.035643 -1.191656 0.946366
Cyclist -1 -1 -10 282.000000 171.000000 318.000000 226.000000 1.654793 0.638390 0.599892 -8.241794 1.636361 19.754570 -1.947811 0.358330
Cyclist -1 -1 -10 405.000000 170.000000 436.000000 212.000000 1.694389 0.583993 0.637706 -6.443845 1.045254 26.064154 -1.838279 0.237619
Cyclist -1 -1 -10 1001.000000 151.000000 1100.000000 191.000000 1.508043 1.638804 3.740150 19.379754 0.448732 30.571535 3.202345 0.035032
