Pedestrian -1 -1 -10 501.000000 172.000000 518.000000 210.000000 1.627093 0.597370 0.705075 -4.666790 1.877059 33.808276 -1.667842 0.020558
Car -1 -1 -10 642.000000 173.000000 706.000000 219.000000 1.447392 1.587699 3.883255 2.395199 1.430684 24.891794 -1.596892 0.998363
Car -1 -1 -10 430.000000 179.000000 477.000000 222.000000 1.487004 1.610710 3.845375 -6.047833 1.791936 27.633847 -1.778264 0.993026
Car -1 -1 -10 692.000000 172.000000 799.000000 247.000000 1.450129 1.535232 3.837930 3.270702 1.632652 16.460251 -1.460860 0.966158
Car -1 -1 -10 729.000000 150.000000 912.000000 290.000000 1.516760 1.579906 4.019423 3.310932 1.355249 10.196607 1.410882 0.905606
Car -1 -1 -10 0.000000 194.000000 95.000000 265.000000 1.573774 1.614278 3.701812 -15.027917 2.135024 18.877313 -1.717969 0.853133
Car -1 -1 -10 569.000000 174.000000 605.000000 202.000000 1.462135 1.571413 3.800195 -1.221176 1.607657 44.329727 -1.650362 0.698948
Car -1 -1 -10 608.000000 176.000000 668.000000 209.000000 1.428532 1.513629 3.804854 1.236298 1.515858 32.183274 -1.650046 0.185484
Car -1 -1 -10 445.000000 178.000000 477.000000 205.000000 1.559911 1.616739 3.823007 -7.013032 1.473462 33.707331 1.358871 0.054060
Cyclist -1 -1 -10 480.000000 173.000000 500.000000 212.000000 1.672304 0.591671 0.745972 -5.282487 1.906448 31.806008 -1.705477 0.730471
Cyclist -1 -1 -10 500.000000 172.000000 518.000000 210.000000 1.628945 0.585863 0.715077 -4.665807 1.839027 33.809828 -1.675596 0.457326
