Car -1 -1 -10 436.000000 188.000000 489.000000 225.000000 1.488924 1.573706 3.755882 -6.255004 2.154702 30.934519 1.729489 0.996559
Car -1 -1 -10 4.000000 209.000000 242.000000 373.000000 1.534615 1.598731 3.628333 -6.024953 2.112049 8.143074 1.522753 0.990837
Car -1 -1 -10 926.000000 191.000000 1227.000000 373.000000 1.432438 1.577960 3.943785 3.277208 1.574852 3.164636 1.551277 0.973091
Car -1 -1 -10 648.000000 176.000000 693.000000 208.000000 1.453472 1.573068 3.859973 3.059305 1.641864 34.164242 -1.609299 0.951600
Car -1 -1 -10 463.000000 187.000000 510.000000 217.000000 1.449739 1.551292 3.700851 -6.059953 2.193249 36.058645 1.582701 0.917150
Car -1 -1 -10 227.000000 197.000000 292.000000 227.000000 1.590953 1.630980 3.901886 -18.724009 2.812579 37.143557 1.126541 0.647563
Car -1 -1 -10 120.000000 202.000000 198.000000 232.000000 1.453161 1.575833 3.950969 -22.885485 2.950093 37.863399 0.425256 0.354359
Car -1 -1 -10 78.000000 204.000000 155.000000 233.000000 1.493748 1.563546 3.867076 -25.476652 2.980804 38.167492 0.380758 0.320974
Car -1 -1 -10 -1.000000 204.000000 81.000000 242.000000 1.462146 1.622870 3.703918 -30.441720 3.747709 37.696624 -2.234771 0.302890
Car -1 -1 -10 167.000000 197.000000 243.000000 228.000000 1.542998 1.648359 3.898205 -20.864094 2.730118 37.330015 -1.433626 0.197994
Car -1 -1 -10 490.000000 180.000000 527.000000 207.000000 1.469211 1.598776 3.694427 -6.357179 2.035961 40.885754 1.889297 0.078604
