Pedestrian -1 -1 -10 1148.000000 177.000000 1241.000000 379.000000 1.577288 0.601288 0.563426 4.964467 2.145795 5.735436 -0.880915 0.031714
Car -1 -1 -10 752.000000 179.000000 933.000000 247.000000 1.494079 1.670992 3.966409 5.603601 1.717968 18.114234 -0.209480 0.999406
Car -1 -1 -10 637.000000 180.000000 679.000000 214.000000 1.412490 1.565564 3.719181 2.216152 1.804984 31.882019 -1.537945 0.998741
Car -1 -1 -10 3.000000 180.000000 316.000000 316.000000 1.458154 1.602908 3.959443 -5.712767 1.708587 8.796836 0.388980 0.998051
Car -1 -1 -10 987.000000 177.000000 1242.000000 354.000000 1.476664 1.593640 3.961509 6.256740 1.642624 7.860054 -0.321744 0.994089
Car -1 -1 -10 345.000000 179.000000 488.000000 224.000000 1.526355 1.561265 3.800603 -6.430697 1.697942 27.110791 1.814543 0.980842
Car -1 -1 -10 78.000000 177.000000 393.000000 272.000000 1.603201 1.582199 3.976653 -6.050248 1.505048 13.247947 -1.506657 0.954840
Car -1 -1 -10 256.000000 181.000000 428.000000 245.000000 1.455006 1.594524 3.676285 -5.745129 1.640285 17.080148 1.690771 0.942257
Car -1 -1 -10 1142.000000 184.000000 1241.000000 368.000000 1.452074 1.559162 3.770579 6.019760 1.722997 6.707003 -0.890852 0.389302
Car -1 -1 -10 445.000000 177.000000 527.000000 207.000000 1.532910 1.606630 3.923959 -6.201905 1.637167 36.349895 -1.121902 0.251021
Car -1 -1 -10 396.000000 176.000000 502.000000 214.000000 1.502105 1.645854 3.945313 -7.704873 1.251390 33.604863 -1.745257 0.184586
