Pedestrian -1 -1 -10 543.000000 176.000000 552.000000 208.000000 1.644395 0.599423 0.694193 -3.366183 1.943299 39.955184 -1.623113 0.268666
Pedestrian -1 -1 -10 555.000000 172.000000 565.000000 207.000000 1.671013 0.601518 0.721985 -2.769052 1.924796 40.514007 -1.607958 0.144441
Pedestrian -1 -1 -10 548.000000 173.000000 563.000000 205.000000 1.716800 0.592193 0.747649 -3.172200 1.902896 40.390562 -1.612108 0.016899
Car -1 -1 -10 671.000000 172.000000 752.000000 242.000000 1.481720 1.574836 3.812192 2.781872 1.612122 18.864013 -1.520329 0.998618
Car -1 -1 -10 400.000000 182.000000 482.000000 240.000000 1.521066 1.592283 3.727987 -5.064283 1.940550 22.233948 1.725952 0.998352
Car -1 -1 -10 486.000000 182.000000 526.000000 212.000000 1.510553 1.623047 3.957829 -5.641323 2.005274 38.028226 1.482509 0.997916
Car -1 -1 -10 -4.000000 180.000000 348.000000 374.000000 1.642487 1.697598 3.889783 -4.724922 1.806501 7.988509 -1.543962 0.989769
Car -1 -1 -10 901.000000 183.000000 1229.000000 376.000000 1.471913 1.531369 3.767153 3.173254 1.450718 4.239980 1.620092 0.951244
Car -1 -1 -10 2.000000 196.000000 49.000000 374.000000 1.523522 1.630350 3.591803 -5.167459 1.865587 7.071114 -2.209431 0.026878
Car -1 -1 -10 -6.000000 190.000000 133.000000 368.000000 1.511609 1.601558 3.706974 -4.810599 1.713209 7.583950 -2.160833 0.023745
Car -1 -1 -10 429.000000 182.000000 475.000000 214.000000 1.482096 1.515867 3.663438 -8.529930 1.428141 34.966745 1.803111 0.011263
Cyclist -1 -1 -10 556.000000 172.000000 567.000000 207.000000 1.648719 0.591140 0.721545 -2.721746 1.884298 40.469920 -1.611256 0.241478
Cyclist -1 -1 -10 543.000000 175.000000 552.000000 208.000000 1.626020 0.584566 0.705193 -3.363344 1.896653 39.986669 -1.623902 0.075893
Cyclist -1 -1 -10 539.000000 177.000000 557.000000 204.000000 1.653627 0.586421 0.709653 -3.328777 1.890414 40.061950 -1.620410 0.013281
