Car -1 -1 -10 763.000000 183.000000 970.000000 321.000000 1.465553 1.579759 3.960874 3.546125 1.613734 9.714526 -1.365790 0.999352
Car -1 -1 -10 127.000000 183.000000 393.000000 265.000000 1.488921 1.630739 3.991414 -6.485359 1.658193 13.821805 -3.140703 0.998456
Car -1 -1 -10 679.000000 181.000000 731.000000 221.000000 1.439020 1.576804 3.792956 3.921899 1.818692 28.386443 -1.520902 0.997112
Car -1 -1 -10 369.000000 179.000000 490.000000 233.000000 1.483309 1.597957 3.857480 -5.055466 1.696215 22.493751 1.771883 0.994305
Car -1 -1 -10 720.000000 176.000000 845.000000 267.000000 1.488265 1.551885 3.937174 3.771887 1.673280 14.405809 -1.509662 0.988955
Car -1 -1 -10 275.000000 183.000000 446.000000 243.000000 1.504958 1.623373 3.969852 -6.014482 1.585604 19.721658 -3.027963 0.974338
Car -1 -1 -10 422.000000 177.000000 511.000000 223.000000 1.456773 1.637420 3.993210 -4.810604 1.744388 26.818879 0.909010 0.956172
Car -1 -1 -10 2.000000 181.000000 242.000000 373.000000 1.472176 1.639717 3.913244 -5.327557 1.724873 7.063025 -2.204646 0.941211
Car -1 -1 -10 456.000000 176.000000 535.000000 213.000000 1.486951 1.617816 3.679471 -4.599111 1.785484 33.701894 -1.630922 0.404284
Car -1 -1 -10 701.000000 177.000000 768.000000 223.000000 1.515415 1.605726 3.726050 3.867083 1.887230 28.069903 -1.382872 0.230361
