Pedestrian -1 -1 -10 661.000000 170.000000 680.000000 218.000000 1.649676 0.596548 0.599304 1.987461 1.684846 21.553578 0.635600 0.232120
Pedestrian -1 -1 -10 675.000000 167.000000 704.000000 227.000000 1.705663 0.603541 0.671398 2.427456 1.697671 19.918864 0.678441 0.059185
Pedestrian -1 -1 -10 668.000000 169.000000 693.000000 215.000000 1.613266 0.604824 0.617064 2.067326 1.532366 21.227869 -1.429851 0.015209
Pedestrian -1 -1 -10 659.000000 171.000000 675.000000 203.000000 1.679382 0.686407 0.727647 0.023905 2.078468 12.720669 -1.554573 0.010862
Pedestrian -1 -1 -10 692.000000 161.000000 714.000000 192.000000 1.523598 1.551318 3.712843 0.772776 1.427218 12.155255 1.718674 0.010547
Car -1 -1 -10 376.000000 177.000000 515.000000 280.000000 1.549133 1.592926 3.785261 -3.065954 1.678670 12.920770 -1.370324 0.999578
Car -1 -1 -10 587.000000 173.000000 614.000000 200.000000 1.511018 1.618235 3.839210 -0.673504 1.687825 46.556769 -1.594931 0.996117
Car -1 -1 -10 135.000000 191.000000 256.000000 249.000000 1.512857 1.621421 3.771209 -12.700420 2.178019 22.455799 1.556813 0.995880
Cyclist -1 -1 -10 671.000000 160.000000 742.000000 229.000000 1.665024 0.637950 0.788631 2.766205 1.510220 19.017483 -1.428460 0.999662
Cyclist -1 -1 -10 668.000000 166.000000 708.000000 224.000000 1.730117 0.636846 0.690731 2.554609 1.590633 19.998004 1.094052 0.940614
Cyclist -1 -1 -10 662.000000 170.000000 690.000000 216.000000 1.615131 0.632931 0.605233 2.185473 1.577226 21.303919 -1.460108 0.610584
Cyclist -1 -1 -10 801.000000 181.000000 819.000000 211.000000 1.630006 0.620347 0.501419 7.531064 1.825196 26.145788 -1.273134 0.115487
Cyclist -1 -1 -10 672.000000 171.000000 684.000000 215.000000 1.620405 0.588515 0.653964 1.927299 1.407493 20.995993 -1.445375 0.058217
Cyclist -1 -1 -10 664.000000 169.000000 677.000000 220.000000 1.617024 0.609315 0.589010 1.974980 1.642398 21.567170 -1.437095 0.032449
Cyclist -1 -1 -10 684.000000 166.000000 710.000000 208.000000 1.672393 0.639684 0.655219 2.502168 1.227066 21.857008 -1.431023 0.022265
Cyclist -1 -1 -10 689.000000 165.000000 722.000000 192.000000 1.552086 1.215756 3.251192 1.777153 3.079734 21.234306 1.609561 0.021769
Cyclist -1 -1 -10 688.000000 159.000000 717.000000 225.000000 1.605112 0.640267 0.668064 2.753219 1.510472 19.225329 -1.426351 0.018156
