Pedestrian -1 -1 -10 673.000000 167.000000 682.000000 202.000000 1.683841 0.608872 0.732105 3.921026 1.720435 39.661467 -1.434233 0.850132
Car -1 -1 -10 788.000000 183.000000 1176.000000 371.000000 1.479348 1.599077 3.992692 3.534155 1.509160 6.856249 -1.647491 0.999793
Car -1 -1 -10 172.000000 188.000000 362.000000 292.000000 1.510332 1.638479 3.736423 -5.498859 1.806971 11.981539 1.627679 0.998927
Car -1 -1 -10 311.000000 181.000000 432.000000 255.000000 1.525150 1.573392 3.702770 -5.207951 1.821937 16.064062 1.660238 0.998348
Car -1 -1 -10 738.000000 179.000000 895.000000 274.000000 1.442945 1.585566 3.971455 3.785098 1.566060 12.449023 1.427443 0.996556
Car -1 -1 -10 1131.000000 232.000000 1242.000000 371.000000 1.477571 1.677416 3.589961 3.332242 1.744420 3.467722 2.221723 0.220462
Car -1 -1 -10 292.000000 175.000000 337.000000 210.000000 1.476374 1.527973 3.741667 -13.868127 1.650890 33.922581 1.171531 0.141817
Car -1 -1 -10 833.000000 187.000000 953.000000 236.000000 1.445002 1.586628 3.693414 12.727285 1.974228 32.314151 -1.172275 0.038515
Car -1 -1 -10 802.000000 185.000000 1020.000000 258.000000 1.539003 1.525648 3.789603 6.041548 2.972746 18.937182 1.913453 0.016349
Car -1 -1 -10 785.000000 182.000000 842.000000 219.000000 1.552770 1.653680 3.881248 10.415326 1.539796 37.768514 1.354164 0.014372
Cyclist -1 -1 -10 985.000000 181.000000 1081.000000 229.000000 1.752813 0.579793 0.644046 11.381047 1.349278 18.453813 -1.056379 0.011184
