Car -1 -1 -10 709.000000 184.000000 936.000000 332.000000 1.493703 1.624170 3.885317 2.896716 1.720371 9.654107 -1.310882 0.999584
Car -1 -1 -10 587.000000 184.000000 657.000000 232.000000 1.464965 1.557103 3.779598 0.663445 1.874148 24.831033 -1.628182 0.998532
Car -1 -1 -10 533.000000 179.000000 602.000000 208.000000 1.508260 1.696908 4.002570 -2.534661 1.935157 39.978462 -0.597217 0.972006
Car -1 -1 -10 647.000000 179.000000 725.000000 210.000000 1.530876 1.691493 4.060970 3.963825 1.916709 36.843343 2.171411 0.960140
Car -1 -1 -10 696.000000 177.000000 783.000000 207.000000 1.543235 1.671536 3.923781 7.022409 1.835608 39.370818 2.350669 0.815531
Car -1 -1 -10 762.000000 178.000000 837.000000 210.000000 1.518793 1.622147 3.857672 10.554736 1.781307 42.564377 2.312001 0.391949
Car -1 -1 -10 773.000000 178.000000 875.000000 221.000000 1.440840 1.696775 3.833289 11.645950 2.071199 43.104522 2.494102 0.055422
Car -1 -1 -10 629.000000 181.000000 689.000000 206.000000 1.526462 1.512625 3.642644 2.941624 1.923445 36.524672 1.550816 0.044874
Car -1 -1 -10 801.000000 184.000000 889.000000 246.000000 1.466888 1.556040 3.395780 9.194715 1.681895 28.358600 1.883298 0.040300
Car -1 -1 -10 776.000000 173.000000 824.000000 227.000000 1.533288 1.659276 3.754233 10.512821 1.824539 42.180422 2.394518 0.024581
Car -1 -1 -10 795.000000 174.000000 847.000000 204.000000 1.483773 1.661577 3.745211 11.491093 1.818319 42.993197 2.470693 0.011872
Cyclist -1 -1 -10 208.000000 177.000000 343.000000 373.000000 1.696168 0.553823 0.731261 -3.026086 1.941799 6.644947 -1.948944 0.999580
Cyclist -1 -1 -10 784.000000 183.000000 895.000000 231.000000 1.633590 0.587969 0.611906 8.306025 1.731231 24.589583 -1.263792 0.112791
Cyclist -1 -1 -10 759.000000 175.000000 849.000000 220.000000 1.711540 0.519308 1.651333 10.586316 2.394084 41.154846 -1.267977 0.051842
