Car -1 -1 -10 779.000000 179.000000 1010.000000 340.000000 1.457659 1.582694 3.887978 3.244904 1.533911 8.137680 -1.293425 0.999775
Car -1 -1 -10 154.000000 198.000000 351.000000 311.000000 1.529396 1.623012 3.701281 -6.067172 2.125570 12.492312 1.587191 0.999102
Car -1 -1 -10 460.000000 187.000000 505.000000 218.000000 1.470204 1.560657 3.703283 -6.244531 2.191512 35.132308 1.590549 0.989323
Car -1 -1 -10 643.000000 175.000000 682.000000 205.000000 1.457825 1.571168 3.967566 3.197942 1.702215 37.708636 1.195499 0.932317
Car -1 -1 -10 217.000000 196.000000 279.000000 224.000000 1.474026 1.591027 3.862887 -21.380021 2.869150 42.693188 0.579378 0.819624
Car -1 -1 -10 1008.000000 173.000000 1242.000000 369.000000 1.431910 1.532443 3.728155 3.245036 1.460780 4.360647 2.166311 0.723105
Car -1 -1 -10 479.000000 186.000000 520.000000 213.000000 1.486694 1.525298 3.632238 -6.292386 2.276572 37.305974 -1.631121 0.679615
Car -1 -1 -10 263.000000 196.000000 326.000000 222.000000 1.453565 1.665977 4.093073 -19.982195 2.534197 46.161750 0.606834 0.166637
Car -1 -1 -10 178.000000 199.000000 244.000000 225.000000 1.482743 1.585675 3.900491 -23.274025 3.020655 42.682496 0.577476 0.064519
Car -1 -1 -10 501.000000 179.000000 533.000000 205.000000 1.433001 1.513143 3.594002 -6.152991 2.233605 41.992871 1.488623 0.050744
Cyclist -1 -1 -10 828.000000 181.000000 935.000000 226.000000 1.752813 0.579793 0.644046 13.001473 2.006027 34.421242 -1.227062 0.067474
