Car -1 -1 -10 763.000000 176.000000 896.000000 231.000000 1.521751 1.634139 3.886126 6.597548 1.575744 21.000648 -0.253418 0.998442
Car -1 -1 -10 626.000000 176.000000 674.000000 211.000000 1.442366 1.575052 3.810237 2.059840 1.710005 32.742387 -1.598968 0.998172
Car -1 -1 -10 368.000000 179.000000 477.000000 218.000000 1.492977 1.609864 3.922335 -6.755260 1.627818 29.265282 0.811172 0.995831
Car -1 -1 -10 35.000000 175.000000 302.000000 283.000000 1.596065 1.673050 3.970162 -7.046195 1.657536 12.097146 -3.195113 0.974718
Car -1 -1 -10 145.000000 185.000000 360.000000 266.000000 1.487159 1.556416 3.634718 -6.446954 1.733120 13.780140 1.655641 0.754590
Car -1 -1 -10 404.000000 178.000000 496.000000 208.000000 1.493072 1.591522 3.830382 -7.290765 1.592603 34.427445 1.873922 0.456235
Car -1 -1 -10 438.000000 177.000000 520.000000 202.000000 1.466456 1.522974 3.845418 -7.810657 1.818602 45.020905 1.979749 0.198073
Car -1 -1 -10 608.000000 174.000000 649.000000 201.000000 1.536095 1.592808 3.701088 1.130152 1.859025 41.576660 -1.549000 0.091710
Car -1 -1 -10 343.000000 182.000000 437.000000 222.000000 1.513061 1.609669 3.734578 -6.510659 1.719945 23.794101 -1.833039 0.038617
Car -1 -1 -10 182.000000 168.000000 416.000000 247.000000 1.595112 1.673081 4.231562 -6.324360 1.390591 16.036885 -3.191855 0.034941
Car -1 -1 -10 266.000000 172.000000 477.000000 229.000000 1.499919 1.579765 3.709236 -6.405963 1.881778 23.658408 1.737501 0.032244
