Pedestrian -1 -1 -10 436.000000 167.000000 455.000000 233.000000 1.605692 0.589237 0.578492 -4.777353 1.162027 20.234759 -1.771914 0.921500
Pedestrian -1 -1 -10 422.000000 170.000000 466.000000 235.000000 1.662686 0.628206 0.547838 -4.326255 1.398734 18.571750 0.795131 0.025323
Car -1 -1 -10 329.000000 179.000000 517.000000 310.000000 1.533843 1.589957 3.709534 -2.515781 1.678071 9.757105 -1.397113 0.998705
Car -1 -1 -10 747.000000 172.000000 1034.000000 371.000000 1.500074 1.583411 4.050138 2.790705 1.529073 7.377158 -1.641718 0.998672
Car -1 -1 -10 673.000000 178.000000 721.000000 217.000000 1.429863 1.567769 3.807543 3.588993 1.725385 28.619379 -1.543360 0.997044
Car -1 -1 -10 567.000000 176.000000 600.000000 206.000000 1.587527 1.594424 3.872118 -1.593983 1.992613 42.090617 -1.599538 0.996714
Car -1 -1 -10 445.000000 181.000000 558.000000 261.000000 1.521518 1.528251 3.665923 -2.488229 1.787067 15.437033 -1.271486 0.996228
Car -1 -1 -10 711.000000 181.000000 838.000000 280.000000 1.443939 1.532910 3.852915 3.314971 1.771180 12.690615 -1.457450 0.987078
Car -1 -1 -10 659.000000 178.000000 699.000000 206.000000 1.464743 1.593101 3.883421 4.261006 1.561420 40.761789 -1.524719 0.561317
Car -1 -1 -10 415.000000 177.000000 494.000000 240.000000 1.430297 1.555125 3.677693 -4.713069 1.171682 21.222814 -1.717567 0.015834
Car -1 -1 -10 740.000000 177.000000 902.000000 313.000000 1.442259 1.555324 3.838098 2.839836 1.524429 7.100324 -1.386135 0.014274
Cyclist -1 -1 -10 425.000000 168.000000 461.000000 234.000000 1.698770 0.642549 0.558142 -4.482688 1.317284 18.845883 0.804026 0.029288
