Pedestrian -1 -1 -10 -1.000000 167.000000 207.000000 374.000000 1.620649 0.618432 0.659837 -2.104065 1.562068 2.559050 -2.160415 0.670057
Pedestrian -1 -1 -10 598.000000 161.000000 609.000000 195.000000 1.688398 0.621712 0.725191 0.229130 0.982982 38.063311 -1.537815 0.559249
Pedestrian -1 -1 -10 662.000000 160.000000 671.000000 187.000000 1.670244 0.623184 0.681038 4.407893 0.478804 47.226964 -1.457631 0.516607
Pedestrian -1 -1 -10 584.000000 160.000000 600.000000 195.000000 1.708273 0.618301 0.663873 -0.472537 1.057775 39.142856 -1.530726 0.231964
Pedestrian -1 -1 -10 645.000000 155.000000 655.000000 184.000000 1.769333 0.583993 0.613010 2.268547 1.207969 31.192645 -1.513694 0.140853
Pedestrian -1 -1 -10 667.000000 158.000000 676.000000 186.000000 1.738306 0.624048 0.673688 5.071114 0.624993 52.370253 -1.465535 0.117054
Pedestrian -1 -1 -10 675.000000 157.000000 683.000000 188.000000 1.754990 0.579736 0.682179 5.162774 0.540272 48.126547 -1.388880 0.104416
Pedestrian -1 -1 -10 968.000000 149.000000 1016.000000 279.000000 1.635338 0.585095 0.597817 4.886867 1.164994 9.053902 -1.012543 0.055001
Pedestrian -1 -1 -10 1100.000000 124.000000 1140.000000 247.000000 1.740359 0.609860 0.732870 10.453235 0.847990 14.689802 2.684264 0.048764
Pedestrian -1 -1 -10 633.000000 159.000000 653.000000 188.000000 1.773274 0.639995 0.609550 1.794020 0.870903 32.323334 -1.502406 0.032619
Pedestrian -1 -1 -10 614.000000 167.000000 653.000000 199.000000 1.475471 1.587615 3.755023 1.341018 1.258232 31.635582 1.643491 0.029169
Pedestrian -1 -1 -10 0.000000 162.000000 83.000000 358.000000 1.641996 0.599732 0.619030 -1.454921 1.095457 1.778365 -2.253426 0.014497
Car -1 -1 -10 614.000000 166.000000 655.000000 200.000000 1.475645 1.538846 3.735541 1.384607 1.058284 32.896990 2.147649 0.998062
Car -1 -1 -10 0.000000 168.000000 213.000000 377.000000 1.458289 1.494187 3.526423 -2.813593 1.312398 3.410561 -2.175313 0.024550
Cyclist -1 -1 -10 -1.000000 156.000000 211.000000 374.000000 1.710614 0.503816 1.577347 -2.086395 1.546798 2.576805 -2.158128 0.082583
Cyclist -1 -1 -10 969.000000 152.000000 1012.000000 243.000000 1.690332 0.585856 0.618291 8.090202 0.973807 15.006251 -1.069500 0.039938
Cyclist -1 -1 -10 614.000000 167.000000 653.000000 199.000000 1.506439 1.565703 3.863598 1.362758 1.136310 31.652627 1.638835 0.012980
