Pedestrian -1 -1 -10 -1.000000 200.000000 169.000000 368.000000 1.635270 0.599259 0.600086 -2.562361 1.947799 3.325135 -2.201423 0.011022
Car -1 -1 -10 161.000000 187.000000 460.000000 356.000000 1.499715 1.614338 3.794707 -3.466475 1.581300 8.032488 -1.876821 0.999737
Car -1 -1 -10 560.000000 178.000000 622.000000 237.000000 1.474778 1.654961 3.802753 -0.480046 1.380847 21.870445 -1.576840 0.999427
Car -1 -1 -10 398.000000 177.000000 512.000000 259.000000 1.561228 1.600511 3.803781 -3.447593 1.447511 15.874151 -1.374354 0.997991
Car -1 -1 -10 496.000000 179.000000 547.000000 222.000000 1.523679 1.602076 3.835627 -3.486287 1.267975 27.991573 -1.619980 0.997244
Car -1 -1 -10 154.000000 181.000000 314.000000 271.000000 1.512831 1.694976 3.872520 -7.721695 1.474203 14.925959 -1.458556 0.986254
Car -1 -1 -10 309.000000 183.000000 364.000000 214.000000 1.512540 1.616729 3.894499 -12.860941 1.328898 33.675768 -1.890584 0.722741
Car -1 -1 -10 -5.000000 206.000000 169.000000 367.000000 1.475283 1.594555 3.751783 -3.024460 1.750145 3.776933 -2.189336 0.368711
Car -1 -1 -10 361.000000 179.000000 414.000000 214.000000 1.565505 1.580972 3.712711 -8.106312 0.679967 26.854319 1.300030 0.076647
Car -1 -1 -10 162.000000 179.000000 244.000000 215.000000 1.501450 1.670254 3.941687 -17.097400 0.891927 29.959376 1.600033 0.037526
Car -1 -1 -10 349.000000 190.000000 402.000000 218.000000 1.485397 1.606975 3.645250 -12.033128 1.752940 33.665542 -1.838048 0.034705
