Pedestrian -1 -1 -10 15.000000 153.000000 134.000000 370.000000 1.698361 0.603362 0.734069 -4.420550 1.645058 5.932118 -2.162513 0.995920
Pedestrian -1 -1 -10 305.000000 206.000000 395.000000 369.000000 1.626254 0.596170 0.648869 -2.134932 1.925970 5.939032 -1.869782 0.958546
Pedestrian -1 -1 -10 238.000000 208.000000 325.000000 363.000000 1.607421 0.605289 0.652548 -2.476416 1.910041 5.755518 -1.966592 0.947421
Pedestrian -1 -1 -10 383.000000 194.000000 423.000000 290.000000 1.666185 0.617255 0.531509 -2.188218 1.877439 7.283200 1.786791 0.645913
Pedestrian -1 -1 -10 356.000000 200.000000 401.000000 274.000000 1.716716 0.668625 0.785755 -4.459086 2.150659 10.917772 -1.914892 0.260157
Pedestrian -1 -1 -10 310.000000 210.000000 351.000000 316.000000 1.821026 0.608647 0.679227 -1.413916 1.210649 2.804288 -1.950548 0.167911
Pedestrian -1 -1 -10 337.000000 207.000000 397.000000 313.000000 1.829864 0.603970 0.696863 -1.209081 1.239727 2.787700 -1.910643 0.143579
Car -1 -1 -10 958.000000 123.000000 1234.000000 371.000000 1.439416 1.576233 3.818933 3.444546 1.484135 2.788861 1.546049 0.905285
Cyclist -1 -1 -10 506.000000 170.000000 556.000000 215.000000 1.672976 0.555045 1.787244 -3.005335 1.202741 27.757994 -1.697429 0.318611
Cyclist -1 -1 -10 305.000000 208.000000 344.000000 306.000000 1.733006 0.679289 0.874264 -4.678282 2.178586 9.616663 1.224035 0.057347
Cyclist -1 -1 -10 306.000000 206.000000 393.000000 365.000000 1.612472 0.585921 0.655719 -2.175209 1.852940 5.965336 -1.874668 0.035687
Cyclist -1 -1 -10 231.000000 209.000000 335.000000 361.000000 1.635219 0.604653 0.661973 -2.435706 1.864095 5.787574 -1.970697 0.016474
Cyclist -1 -1 -10 354.000000 203.000000 393.000000 270.000000 1.852343 0.594633 0.703330 -1.300380 1.192465 2.875893 1.330141 0.012441
