Car -1 -1 -10 276.000000 192.000000 458.000000 324.000000 1.435230 1.562325 3.670024 -3.492199 1.793670 10.273873 1.679957 0.999059
Car -1 -1 -10 731.000000 171.000000 870.000000 280.000000 1.522910 1.577698 3.933291 3.518779 1.569693 13.161667 -1.426527 0.998184
Car -1 -1 -10 815.000000 193.000000 1136.000000 368.000000 1.460305 1.609035 3.989425 3.773852 1.666897 7.055261 1.525614 0.997938
Car -1 -1 -10 667.000000 178.000000 729.000000 225.000000 1.430366 1.590999 3.939694 3.515239 1.810179 25.172563 -1.572685 0.983998
Car -1 -1 -10 694.000000 176.000000 795.000000 245.000000 1.462631 1.585847 3.800683 3.704499 1.499256 20.504443 -1.406263 0.983404
Car -1 -1 -10 463.000000 169.000000 544.000000 236.000000 1.595576 1.598017 3.835737 -3.261360 1.663004 21.960928 -1.602308 0.973999
Car -1 -1 -10 0.000000 205.000000 309.000000 373.000000 1.494406 1.627714 3.744526 -3.254697 1.687805 4.069377 -2.064850 0.965679
Car -1 -1 -10 1004.000000 203.000000 1245.000000 375.000000 1.472808 1.582780 3.753632 3.760198 1.935203 3.670497 1.610274 0.963690
Car -1 -1 -10 537.000000 177.000000 570.000000 202.000000 1.559972 1.586411 3.879810 -3.534740 1.873877 43.414466 1.529842 0.895007
Car -1 -1 -10 661.000000 177.000000 704.000000 215.000000 1.419588 1.572629 3.738875 3.583889 1.578104 31.444365 -1.534037 0.348308
