Pedestrian -1 -1 -10 1002.000000 162.000000 1070.000000 304.000000 1.689983 0.599236 0.683916 5.011849 1.613363 8.074442 -1.000210 0.996162
Pedestrian -1 -1 -10 811.000000 159.000000 915.000000 372.000000 1.688345 0.587609 0.751773 1.943615 1.742158 5.621166 -1.170256 0.994469
Pedestrian -1 -1 -10 752.000000 170.000000 838.000000 371.000000 1.688874 0.606029 0.734637 1.538612 1.771045 5.630832 -1.267546 0.992727
Pedestrian -1 -1 -10 219.000000 160.000000 309.000000 363.000000 1.692075 0.607961 0.752069 -3.074905 1.681949 6.423042 -1.971530 0.990798
Pedestrian -1 -1 -10 902.000000 164.000000 926.000000 230.000000 1.644263 0.595189 0.702452 8.139747 1.479416 18.576473 -1.125132 0.726091
Pedestrian -1 -1 -10 811.000000 166.000000 840.000000 259.000000 1.744404 0.584899 0.606358 4.924879 1.615372 15.560139 -1.279537 0.486378
Pedestrian -1 -1 -10 502.000000 177.000000 520.000000 224.000000 1.765069 0.571829 0.757999 -3.581073 1.855432 27.982662 0.438754 0.140309
Pedestrian -1 -1 -10 955.000000 159.000000 971.000000 210.000000 1.609331 0.587997 0.540591 10.767505 0.842582 21.229384 -1.064877 0.115787
Pedestrian -1 -1 -10 813.000000 163.000000 861.000000 280.000000 1.610440 0.601106 0.624731 2.048865 1.447095 5.582978 -1.234412 0.096937
Pedestrian -1 -1 -10 857.000000 162.000000 876.000000 209.000000 1.670130 0.589886 0.598261 9.821985 1.147480 26.727634 -1.194910 0.067061
Pedestrian -1 -1 -10 798.000000 171.000000 829.000000 323.000000 1.638146 0.603282 0.680762 1.611402 1.661990 5.651727 -1.256271 0.052420
Car -1 -1 -10 547.000000 169.000000 602.000000 217.000000 1.598215 1.621089 3.793160 -1.198806 1.359485 33.586611 1.655733 0.031862
Car -1 -1 -10 617.000000 172.000000 648.000000 200.000000 1.582234 1.222257 3.151266 -0.155087 3.399557 23.267969 1.537372 0.010536
Cyclist -1 -1 -10 393.000000 173.000000 457.000000 260.000000 1.692383 0.588784 1.782409 -4.053609 1.647994 15.015237 0.874850 0.933951
Cyclist -1 -1 -10 813.000000 164.000000 850.000000 272.000000 1.620592 0.589452 0.611726 2.014592 1.394304 5.664428 -1.254962 0.072846
Cyclist -1 -1 -10 221.000000 159.000000 313.000000 366.000000 1.671717 0.595961 0.744689 -3.095076 1.600927 6.412319 -1.979742 0.028934
Cyclist -1 -1 -10 756.000000 171.000000 836.000000 369.000000 1.662517 0.593749 0.746277 1.512814 1.713941 5.668760 -1.275512 0.022500
Cyclist -1 -1 -10 803.000000 167.000000 836.000000 258.000000 1.524553 1.578340 3.754279 3.267829 1.347254 13.076114 1.904828 0.011585
Cyclist -1 -1 -10 1001.000000 160.000000 1069.000000 309.000000 1.709669 0.598220 0.646335 4.876121 1.599057 7.876707 -1.013873 0.010885
