Car -1 -1 -10 664.000000 181.000000 815.000000 286.000000 1.486717 1.595552 3.984138 2.462560 1.450103 12.940728 -1.537419 0.999759
Car -1 -1 -10 297.000000 185.000000 419.000000 262.000000 1.540053 1.606224 3.721777 -5.486494 1.581825 15.872026 -1.439025 0.999424
Car -1 -1 -10 538.000000 181.000000 582.000000 223.000000 1.482939 1.655104 3.862020 -2.026065 1.353870 29.673286 -1.648581 0.998926
Car -1 -1 -10 387.000000 188.000000 461.000000 237.000000 1.534005 1.587642 3.726190 -5.666287 1.562777 22.034492 -1.655823 0.998318
Car -1 -1 -10 -2.000000 186.000000 272.000000 372.000000 1.546242 1.620701 3.703902 -4.799279 1.638008 6.608463 -1.594944 0.996852
Car -1 -1 -10 175.000000 164.000000 311.000000 244.000000 1.687887 1.627599 3.916968 -9.966824 1.396729 19.451471 -1.515647 0.888783
Car -1 -1 -10 422.000000 185.000000 473.000000 221.000000 1.481748 1.552089 3.647166 -6.620308 1.721393 29.372573 -1.732812 0.833219
Car -1 -1 -10 458.000000 184.000000 494.000000 210.000000 1.554660 1.625221 3.856405 -7.805309 1.541651 42.144725 -1.703182 0.728912
Car -1 -1 -10 529.000000 184.000000 555.000000 214.000000 1.530791 1.636720 3.650993 -3.277192 1.386166 38.411169 -1.614976 0.469808
Car -1 -1 -10 2.000000 182.000000 116.000000 371.000000 1.471551 1.609168 3.694295 -4.818674 1.638979 6.693024 -2.177654 0.135003
Car -1 -1 -10 2.000000 168.000000 93.000000 286.000000 1.450944 1.608329 3.761134 -14.208646 0.849952 17.396022 -2.193269 0.068230
