Pedestrian -1 -1 -10 909.000000 157.000000 918.000000 197.000000 1.692120 0.610271 0.513542 12.809009 0.799202 30.708048 -1.152907 0.019496
Car -1 -1 -10 890.000000 173.000000 1062.000000 289.000000 1.486013 1.602425 3.822242 5.259088 1.446412 10.524893 -1.021620 0.975733
Car -1 -1 -10 922.000000 168.000000 1237.000000 379.000000 1.428598 1.586600 3.953317 3.381755 1.480859 3.112349 1.525396 0.956732
Car -1 -1 -10 873.000000 166.000000 962.000000 213.000000 1.491965 1.639152 4.178246 11.190639 1.107457 27.205099 2.531665 0.773378
Car -1 -1 -10 1011.000000 156.000000 1134.000000 216.000000 1.475352 1.570211 3.786642 12.793776 0.834028 19.934259 2.219564 0.724348
Car -1 -1 -10 899.000000 164.000000 1014.000000 217.000000 1.651475 1.585925 3.982502 13.532546 1.024209 29.230779 2.493214 0.138311
Car -1 -1 -10 923.000000 168.000000 993.000000 200.000000 1.484228 1.619822 3.856229 15.791793 0.803287 33.360250 1.464959 0.051317
Car -1 -1 -10 900.000000 177.000000 1031.000000 246.000000 1.522330 1.664276 3.626807 10.698587 1.618233 24.021580 -1.095267 0.016765
Car -1 -1 -10 1071.000000 158.000000 1163.000000 216.000000 1.453983 1.573951 3.692242 15.919773 1.143712 23.126971 -0.903827 0.011125
Cyclist -1 -1 -10 891.000000 177.000000 1065.000000 277.000000 1.481394 1.636886 3.852700 5.188165 1.428723 9.920512 2.126771 0.015299
Cyclist -1 -1 -10 1071.000000 157.000000 1163.000000 218.000000 1.726796 0.578876 0.633957 14.215907 1.219397 20.012990 -0.973422 0.013146
Cyclist -1 -1 -10 1007.000000 161.000000 1141.000000 216.000000 1.749526 0.499401 1.677119 12.298065 1.087129 19.004774 -0.959763 0.010042
