Pedestrian -1 -1 -10 78.000000 174.000000 135.000000 326.000000 1.716512 0.606129 0.774254 -5.266435 1.938255 7.941415 -2.131468 0.995866
Pedestrian -1 -1 -10 753.000000 167.000000 794.000000 281.000000 1.637232 0.600742 0.698774 2.249302 1.716330 9.868700 -1.308733 0.979397
Pedestrian -1 -1 -10 42.000000 191.000000 160.000000 302.000000 1.655012 0.626130 0.686275 -5.781377 2.088343 8.534176 -2.136397 0.327671
Pedestrian -1 -1 -10 826.000000 142.000000 880.000000 294.000000 1.601214 0.622412 0.659775 2.441045 1.605372 7.703137 -1.211703 0.203969
Pedestrian -1 -1 -10 789.000000 147.000000 912.000000 303.000000 1.770655 0.633349 0.685116 2.638826 1.594404 7.741086 0.867001 0.083052
Pedestrian -1 -1 -10 807.000000 158.000000 864.000000 280.000000 1.689370 0.599211 0.646955 2.542207 1.609542 8.193947 2.352494 0.036350
Pedestrian -1 -1 -10 761.000000 164.000000 834.000000 284.000000 1.676340 0.598082 0.640569 2.326954 1.644796 7.987809 -1.260516 0.027800
Car -1 -1 -10 601.000000 173.000000 629.000000 200.000000 1.482015 1.609491 3.800866 0.297184 1.650257 46.411740 -1.556345 0.999035
Car -1 -1 -10 392.000000 185.000000 441.000000 215.000000 1.505356 1.594817 3.882675 -9.791572 2.053005 35.649219 1.374931 0.980491
Car -1 -1 -10 1.000000 204.000000 166.000000 304.000000 1.435035 1.544678 3.677096 -7.954478 2.106289 11.084265 0.433608 0.914528
Car -1 -1 -10 61.000000 188.000000 142.000000 312.000000 1.527994 1.580236 3.571908 -6.058054 1.737540 8.903370 -2.145654 0.122704
Car -1 -1 -10 52.000000 200.000000 188.000000 273.000000 1.505147 1.615669 3.725598 -9.581769 2.066256 13.512264 1.507761 0.032266
Cyclist -1 -1 -10 807.000000 134.000000 1048.000000 338.000000 1.722990 0.634294 0.851157 2.941459 1.497424 6.384271 -1.145643 0.999458
Cyclist -1 -1 -10 795.000000 142.000000 904.000000 317.000000 1.735390 0.642364 0.717296 2.301458 1.498718 7.633780 1.387559 0.983484
Cyclist -1 -1 -10 51.000000 193.000000 147.000000 314.000000 1.647736 0.611405 0.675808 -5.413450 1.957461 8.119671 -2.165073 0.170066
Cyclist -1 -1 -10 752.000000 165.000000 796.000000 279.000000 1.651799 0.597683 0.714710 2.220119 1.688391 9.853158 -1.318821 0.144877
Cyclist -1 -1 -10 826.000000 142.000000 880.000000 294.000000 1.669598 0.615475 0.667142 2.471424 1.573334 7.767345 -1.228692 0.109636
Cyclist -1 -1 -10 769.000000 163.000000 854.000000 287.000000 1.694497 0.608142 0.696002 2.340833 1.551617 7.896200 -1.271434 0.097614
Cyclist -1 -1 -10 21.000000 202.000000 185.000000 282.000000 1.514009 1.549088 3.754529 -9.289912 2.195045 12.906764 1.480255 0.027420
