Pedestrian -1 -1 -10 688.000000 167.000000 709.000000 231.000000 1.628406 0.602040 0.682360 2.075920 1.625665 16.917250 -1.414094 0.467602
Pedestrian -1 -1 -10 712.000000 160.000000 741.000000 238.000000 1.658380 0.593221 0.618749 2.527184 1.676461 14.963540 2.203347 0.115119
Pedestrian -1 -1 -10 727.000000 151.000000 754.000000 242.000000 1.662113 0.601248 0.662295 2.888951 1.616726 13.953467 0.736573 0.084944
Pedestrian -1 -1 -10 734.000000 155.000000 760.000000 215.000000 1.696215 0.589263 0.604270 4.292636 1.768548 22.699719 -1.395913 0.063579
Pedestrian -1 -1 -10 694.000000 159.000000 766.000000 239.000000 1.769280 0.645725 0.709545 2.708693 1.604459 14.847491 0.709949 0.052480
Pedestrian -1 -1 -10 690.000000 165.000000 732.000000 231.000000 1.652876 0.625524 0.613614 2.403159 1.614867 15.753894 -1.392490 0.035921
Pedestrian -1 -1 -10 726.000000 151.000000 785.000000 237.000000 1.694730 0.620806 0.649791 2.951039 1.576790 14.102874 0.741222 0.021934
Pedestrian -1 -1 -10 743.000000 158.000000 776.000000 203.000000 1.768026 0.673961 0.802408 0.915119 1.576385 7.504434 -1.397703 0.014512
Car -1 -1 -10 177.000000 173.000000 472.000000 372.000000 1.572824 1.639113 3.789586 -2.918596 1.637846 7.442318 -1.456860 0.999428
Car -1 -1 -10 592.000000 169.000000 620.000000 196.000000 1.561296 1.624418 3.873019 -0.274405 1.298828 46.440640 -1.573916 0.998441
Car -1 -1 -10 322.000000 176.000000 428.000000 221.000000 1.473884 1.624646 3.784755 -9.799910 1.640602 28.678099 -1.863790 0.017315
Cyclist -1 -1 -10 700.000000 150.000000 808.000000 250.000000 1.886679 0.653880 0.816783 2.638826 1.552558 14.375415 1.203740 0.999788
Cyclist -1 -1 -10 705.000000 157.000000 749.000000 245.000000 1.699645 0.630975 0.672271 2.450097 1.576786 14.469752 1.186057 0.973269
Cyclist -1 -1 -10 721.000000 151.000000 766.000000 242.000000 1.640862 0.627190 0.670224 2.959042 1.519509 13.944928 1.180338 0.831513
Cyclist -1 -1 -10 689.000000 164.000000 729.000000 233.000000 1.629808 0.652227 0.624206 2.391488 1.567917 15.638652 -1.420845 0.781434
Cyclist -1 -1 -10 859.000000 174.000000 889.000000 216.000000 1.669238 0.573924 1.734393 8.325180 1.578213 21.253142 1.372293 0.677579
Cyclist -1 -1 -10 694.000000 164.000000 775.000000 228.000000 1.802244 0.671408 0.741807 2.342345 1.480210 15.963444 -1.911073 0.146995
Cyclist -1 -1 -10 735.000000 153.000000 757.000000 228.000000 1.702850 0.588784 0.753622 2.951782 1.330355 16.149655 -1.351242 0.088746
Cyclist -1 -1 -10 738.000000 158.000000 770.000000 206.000000 1.640642 0.722924 0.707633 1.082383 1.375196 8.846465 1.764333 0.048654
Cyclist -1 -1 -10 688.000000 167.000000 709.000000 228.000000 1.616741 0.591321 0.698691 2.089900 1.587777 16.941950 -1.420162 0.028083
Cyclist -1 -1 -10 732.000000 154.000000 785.000000 225.000000 1.754275 0.608506 0.757993 2.729146 1.405564 16.022514 -1.362523 0.010770
