Car -1 -1 -10 632.000000 178.000000 677.000000 214.000000 1.464546 1.607743 3.941975 1.999247 1.646899 32.662437 1.486765 0.998574
Car -1 -1 -10 135.000000 163.000000 368.000000 266.000000 1.636797 1.647785 4.016948 -6.760336 1.614282 14.373087 -3.205448 0.991465
Car -1 -1 -10 889.000000 187.000000 1215.000000 317.000000 1.455618 1.610313 3.986283 5.681366 1.634201 8.509606 1.491419 0.987347
Car -1 -1 -10 366.000000 177.000000 494.000000 217.000000 1.557348 1.728737 4.286591 -7.120705 1.422501 29.879781 -2.983618 0.986798
Car -1 -1 -10 782.000000 183.000000 1008.000000 268.000000 1.472029 1.555200 4.074739 5.804180 1.751243 14.986182 -0.095321 0.979129
Car -1 -1 -10 -3.000000 179.000000 254.000000 338.000000 1.489045 1.580222 3.674821 -5.528743 1.657924 7.410597 1.476325 0.975719
Car -1 -1 -10 746.000000 174.000000 905.000000 250.000000 1.494990 1.648055 4.104761 4.928596 1.475312 18.206066 1.463661 0.973939
Car -1 -1 -10 1021.000000 191.000000 1242.000000 373.000000 1.484993 1.637946 3.826325 5.796850 1.678703 7.139938 -0.905353 0.971192
Car -1 -1 -10 841.000000 186.000000 1102.000000 284.000000 1.431788 1.657868 4.084729 5.850814 1.556246 11.730980 1.557542 0.772182
Cyclist -1 -1 -10 504.000000 173.000000 528.000000 225.000000 1.649056 0.584034 0.738328 -3.169587 1.959294 25.237439 -1.661554 0.980770
Cyclist -1 -1 -10 492.000000 175.000000 533.000000 206.000000 1.655162 0.579627 0.620450 -4.687209 2.107035 29.407008 -1.702909 0.037819
