Car -1 -1 -10 653.000000 180.000000 707.000000 221.000000 1.449986 1.564298 3.727611 2.736435 1.748632 27.136494 -1.557967 0.998829
Car -1 -1 -10 289.000000 194.000000 453.000000 296.000000 1.483306 1.573923 3.717590 -4.005456 1.952803 12.215271 1.683588 0.998556
Car -1 -1 -10 808.000000 162.000000 996.000000 223.000000 1.497767 1.642838 4.378596 8.379574 1.141433 21.270370 1.362563 0.998456
Car -1 -1 -10 8.000000 204.000000 336.000000 376.000000 1.483224 1.571648 3.710473 -3.493224 1.817941 5.007091 1.563403 0.981602
Car -1 -1 -10 423.000000 183.000000 487.000000 226.000000 1.514483 1.570340 3.768379 -6.565441 2.101869 29.793123 1.761234 0.964243
Car -1 -1 -10 481.000000 184.000000 517.000000 210.000000 1.559813 1.597996 3.697496 -7.241125 2.302872 40.737128 2.013806 0.963932
Car -1 -1 -10 747.000000 164.000000 858.000000 208.000000 1.511500 1.644314 3.881803 7.796296 1.296533 29.688320 -0.175718 0.302330
Car -1 -1 -10 777.000000 159.000000 921.000000 215.000000 1.480522 1.561220 3.996376 8.060081 1.088383 24.023408 -0.140354 0.169632
Car -1 -1 -10 931.000000 158.000000 1004.000000 186.000000 1.489996 1.555441 3.704563 20.898869 0.814665 41.879383 1.504758 0.151015
Car -1 -1 -10 341.000000 194.000000 429.000000 240.000000 1.554476 1.624554 3.665246 -5.252818 2.121732 13.084604 -1.939161 0.135030
Car -1 -1 -10 966.000000 154.000000 1053.000000 185.000000 1.470769 1.511166 3.603151 21.142559 1.002496 39.692240 1.574416 0.115963
Car -1 -1 -10 979.000000 151.000000 1114.000000 191.000000 1.481636 1.568685 3.561210 20.552546 0.906662 30.605829 -1.001747 0.023044
