Pedestrian -1 -1 -10 375.000000 161.000000 400.000000 246.000000 1.674526 0.556076 0.645694 -5.375520 1.251135 16.607414 1.747363 0.925452
Pedestrian -1 -1 -10 916.000000 116.000000 964.000000 291.000000 1.704495 0.600563 0.633415 0.907762 1.102862 2.323473 -1.162873 0.699307
Pedestrian -1 -1 -10 397.000000 164.000000 428.000000 245.000000 1.736705 0.635120 0.641154 -5.535763 1.226226 21.257161 -1.837786 0.332218
Pedestrian -1 -1 -10 361.000000 160.000000 424.000000 251.000000 1.655994 0.619510 0.606653 -5.300300 1.152239 16.976342 1.767621 0.097686
Pedestrian -1 -1 -10 392.000000 162.000000 413.000000 247.000000 1.686035 0.590045 0.593384 -5.197252 0.916265 18.512537 -1.855833 0.075644
Pedestrian -1 -1 -10 357.000000 172.000000 504.000000 291.000000 1.549912 1.530932 3.671044 -2.623299 1.744632 9.824521 1.770194 0.024921
Car -1 -1 -10 728.000000 177.000000 937.000000 328.000000 1.434113 1.568578 3.984084 2.951135 1.577826 7.824549 1.367140 0.999087
Car -1 -1 -10 662.000000 173.000000 720.000000 218.000000 1.429296 1.563831 3.773982 2.864202 1.497911 24.799737 -1.555565 0.998903
Car -1 -1 -10 347.000000 177.000000 520.000000 293.000000 1.565939 1.560635 3.709250 -2.679299 1.710973 10.696829 -1.394510 0.998451
Car -1 -1 -10 544.000000 171.000000 578.000000 204.000000 1.494244 1.645681 3.853474 -2.575276 1.493218 38.629931 -1.632657 0.995598
Car -1 -1 -10 40.000000 179.000000 451.000000 376.000000 1.532645 1.625527 3.925772 -3.015999 1.532489 5.796755 -1.985006 0.989897
Car -1 -1 -10 822.000000 153.000000 1223.000000 374.000000 1.452070 1.601861 4.060216 2.607192 1.459088 3.218315 1.549321 0.890373
Car -1 -1 -10 642.000000 172.000000 688.000000 204.000000 1.451960 1.530940 3.694553 3.195534 1.569625 36.923632 -1.571892 0.767981
Car -1 -1 -10 637.000000 172.000000 668.000000 199.000000 1.455138 1.460648 3.635678 3.133173 1.592776 37.531982 -1.617296 0.172963
Car -1 -1 -10 435.000000 179.000000 507.000000 227.000000 1.558651 1.619312 3.344829 -2.328483 1.705411 7.171995 1.463182 0.068479
Car -1 -1 -10 561.000000 172.000000 584.000000 197.000000 1.486093 1.637528 3.578525 -2.325032 0.921414 38.475401 1.520882 0.028073
Car -1 -1 -10 286.000000 181.000000 385.000000 246.000000 1.577392 1.593974 3.313681 -4.078437 1.957421 7.659351 1.274507 0.016730
Cyclist -1 -1 -10 371.000000 165.000000 427.000000 244.000000 1.728962 0.500169 1.670176 -5.175999 1.242954 17.565343 -1.810190 0.013915
