Car -1 -1 -10 529.000000 203.000000 882.000000 376.000000 1.464935 1.605109 3.901671 1.058898 1.686355 6.731086 -2.029582 0.999735
Car -1 -1 -10 408.000000 215.000000 639.000000 335.000000 1.486118 1.545940 3.913469 0.291557 2.038190 8.095887 0.883202 0.997920
Car -1 -1 -10 292.000000 203.000000 396.000000 275.000000 1.510688 1.628939 4.147664 -6.383555 2.363452 18.167161 0.777060 0.994587
Car -1 -1 -10 244.000000 212.000000 298.000000 254.000000 1.445794 1.574710 3.513404 -12.296775 2.941093 27.189915 -2.065337 0.991532
Car -1 -1 -10 352.000000 212.000000 487.000000 294.000000 1.473904 1.512970 3.828890 -1.768707 2.266721 11.463125 0.786406 0.990790
Car -1 -1 -10 22.000000 211.000000 107.000000 277.000000 1.514524 1.586111 3.765155 -16.857292 2.886158 22.441782 -2.196931 0.899131
Car -1 -1 -10 269.000000 209.000000 339.000000 263.000000 1.466161 1.485656 3.750392 -7.672416 2.333480 19.401701 0.593605 0.645799
Car -1 -1 -10 86.000000 217.000000 129.000000 246.000000 1.420630 1.579820 3.687968 -17.274706 2.744659 23.890691 0.966395 0.420128
Car -1 -1 -10 231.000000 214.000000 274.000000 245.000000 1.448328 1.542535 3.694347 -13.799958 3.046827 29.379844 -2.016449 0.284337
Car -1 -1 -10 -2.000000 231.000000 58.000000 330.000000 1.432982 1.581292 3.698100 -10.748349 2.939932 13.131762 -2.207419 0.210553
