Car -1 -1 -10 577.000000 174.000000 636.000000 228.000000 1.489637 1.662898 3.854446 0.032492 1.117110 23.541788 -1.555117 0.999638
Car -1 -1 -10 222.000000 189.000000 410.000000 292.000000 1.583033 1.633298 3.745966 -4.829031 1.630047 11.868617 -1.445818 0.999512
Car -1 -1 -10 1.000000 190.000000 193.000000 306.000000 1.576213 1.642103 3.822708 -8.575832 1.633134 11.274244 -1.601706 0.968749
Car -1 -1 -10 492.000000 174.000000 540.000000 211.000000 1.488698 1.623834 3.645228 -4.294727 0.991850 33.938215 -1.665707 0.959867
Car -1 -1 -10 383.000000 181.000000 441.000000 214.000000 1.498825 1.619839 3.699439 -8.915819 1.193715 31.577078 -1.793022 0.200666
Car -1 -1 -10 289.000000 184.000000 338.000000 211.000000 1.467441 1.639255 3.605622 -15.970074 1.629232 36.327131 -1.956414 0.110940
Car -1 -1 -10 318.000000 185.000000 374.000000 213.000000 1.489312 1.638719 3.574346 -12.710843 1.403130 32.133353 1.222422 0.030326
Car -1 -1 -10 280.000000 184.000000 365.000000 226.000000 1.481377 1.460051 3.614525 -13.864189 1.395006 33.745010 1.091633 0.021796
Car -1 -1 -10 405.000000 190.000000 452.000000 217.000000 1.513377 1.608603 3.615546 -8.580915 1.504162 31.052534 -1.785096 0.016539
Car -1 -1 -10 517.000000 176.000000 547.000000 202.000000 1.519722 1.645333 3.615246 -3.719003 0.689417 33.874249 -1.660184 0.012801
