Car -1 -1 -10 749.000000 177.000000 872.000000 228.000000 1.554455 1.668649 4.070162 6.360559 1.605866 22.371153 -1.921872 0.998273
Car -1 -1 -10 384.000000 180.000000 489.000000 215.000000 1.509151 1.568164 3.836942 -7.135780 1.664202 31.286679 1.877879 0.995615
Car -1 -1 -10 625.000000 177.000000 670.000000 209.000000 1.445695 1.568240 3.815611 2.040256 1.738008 34.329747 -1.598562 0.993544
Car -1 -1 -10 102.000000 177.000000 340.000000 271.000000 1.575588 1.673305 3.937689 -7.015192 1.662008 13.686286 -3.142778 0.986862
Car -1 -1 -10 188.000000 184.000000 385.000000 256.000000 1.478220 1.546577 3.852331 -6.821355 1.711061 15.581725 -3.182156 0.800564
Car -1 -1 -10 0.000000 194.000000 95.000000 367.000000 1.479508 1.620198 3.760314 -5.894576 1.798108 6.381623 -2.208491 0.449180
Car -1 -1 -10 422.000000 177.000000 498.000000 206.000000 1.484535 1.576049 3.815308 -7.301371 1.628440 36.098644 1.886391 0.136420
Car -1 -1 -10 606.000000 176.000000 648.000000 201.000000 1.524372 1.584196 3.558037 1.120045 1.959637 42.941129 -1.506644 0.037444
Car -1 -1 -10 236.000000 162.000000 427.000000 244.000000 1.608575 1.660566 4.200702 -6.301879 1.444301 17.146493 -3.147347 0.026309
Car -1 -1 -10 283.000000 174.000000 465.000000 227.000000 1.521555 1.616847 3.727467 -6.533978 1.813926 25.418394 -1.851143 0.021472
