Pedestrian -1 -1 -10 486.000000 171.000000 511.000000 245.000000 1.701286 0.596647 0.745593 -2.265432 1.631004 16.219716 -1.672831 0.992638
Pedestrian -1 -1 -10 600.000000 173.000000 627.000000 241.000000 1.676901 0.599686 0.731253 0.264493 1.670794 16.954762 -1.514584 0.991845
Pedestrian -1 -1 -10 549.000000 168.000000 573.000000 231.000000 1.690389 0.596572 0.750904 -1.190574 1.559730 20.345678 -1.576237 0.989603
Pedestrian -1 -1 -10 294.000000 157.000000 335.000000 272.000000 1.747345 0.599178 0.773710 -4.811047 1.576514 11.611771 0.155211 0.988990
Pedestrian -1 -1 -10 619.000000 165.000000 636.000000 217.000000 1.683550 0.605873 0.721995 0.948658 1.315442 24.333585 -1.500359 0.383566
Pedestrian -1 -1 -10 610.000000 167.000000 632.000000 225.000000 1.667901 0.603748 0.710124 0.976944 1.308923 24.299951 -1.507916 0.106623
Pedestrian -1 -1 -10 646.000000 167.000000 657.000000 202.000000 1.735399 0.589577 0.716698 2.301555 1.374597 35.337277 0.614241 0.010198
Cyclist -1 -1 -10 484.000000 172.000000 514.000000 241.000000 1.665902 0.575626 0.720825 -2.332398 1.629632 16.353470 -1.676624 0.591065
Cyclist -1 -1 -10 545.000000 168.000000 572.000000 231.000000 1.685492 0.597805 0.747475 -1.153081 1.521436 20.356041 -1.589619 0.057219
Cyclist -1 -1 -10 0.000000 197.000000 178.000000 367.000000 1.693024 0.577286 0.609781 -2.526616 1.945462 3.835194 -2.199087 0.019301
