Pedestrian -1 -1 -10 1115.000000 137.000000 1200.000000 313.000000 1.686740 0.580970 0.738623 7.300297 1.028123 9.783621 -0.872902 0.811520
Pedestrian -1 -1 -10 514.000000 161.000000 529.000000 211.000000 1.648061 0.616580 0.687841 -3.154129 0.683328 29.551159 -1.700682 0.463784
Pedestrian -1 -1 -10 601.000000 164.000000 612.000000 193.000000 1.722095 0.628173 0.676004 0.330812 0.931184 43.911786 2.063116 0.289895
Pedestrian -1 -1 -10 564.000000 159.000000 577.000000 199.000000 1.602441 0.613815 0.604479 -1.702367 0.561044 43.930245 -1.598661 0.106781
Pedestrian -1 -1 -10 770.000000 154.000000 808.000000 256.000000 1.655953 0.589821 0.592491 3.456598 0.910827 12.384003 -1.314335 0.103088
Pedestrian -1 -1 -10 618.000000 164.000000 626.000000 192.000000 1.652510 0.618790 0.634418 1.376333 0.842181 44.296390 -1.491612 0.102753
Pedestrian -1 -1 -10 591.000000 163.000000 599.000000 189.000000 1.750306 0.648024 0.826608 -0.371863 0.600863 53.702990 2.650310 0.093322
Pedestrian -1 -1 -10 537.000000 165.000000 546.000000 201.000000 1.684193 0.613024 0.627781 -2.717149 0.707441 34.174875 -1.658988 0.064052
Pedestrian -1 -1 -10 569.000000 160.000000 584.000000 193.000000 1.630473 0.617541 0.630742 -1.576414 0.444287 45.191457 -1.603105 0.044162
Pedestrian -1 -1 -10 579.000000 162.000000 587.000000 192.000000 1.668835 0.611008 0.586633 -1.174177 0.744767 54.751961 -1.543524 0.041070
Pedestrian -1 -1 -10 549.000000 166.000000 574.000000 207.000000 1.718223 0.629846 0.591803 -2.076379 0.806456 44.615708 2.015477 0.040494
Pedestrian -1 -1 -10 1054.000000 149.000000 1194.000000 257.000000 1.769333 0.583993 0.613010 10.888386 1.409600 13.706433 -0.951716 0.029572
Pedestrian -1 -1 -10 610.000000 163.000000 619.000000 192.000000 1.691217 0.599395 0.556056 0.646256 0.716220 47.051740 -1.541011 0.015452
Pedestrian -1 -1 -10 437.000000 155.000000 454.000000 204.000000 1.668522 0.603062 0.647912 -6.450506 0.831624 28.380490 1.804416 0.012891
Car -1 -1 -10 496.000000 174.000000 587.000000 250.000000 1.470814 1.580977 3.762564 -1.241755 1.354953 15.583271 1.594873 0.999397
Car -1 -1 -10 1018.000000 152.000000 1201.000000 245.000000 1.542828 1.661948 3.748740 6.559963 1.478181 10.298688 -1.020488 0.118240
Car -1 -1 -10 1095.000000 147.000000 1205.000000 282.000000 1.523623 1.608386 3.738506 7.722924 0.770235 10.710826 -0.895426 0.082915
Car -1 -1 -10 545.000000 167.000000 578.000000 215.000000 1.421296 1.547846 3.569733 -2.298473 0.584022 46.029777 0.961366 0.013040
Car -1 -1 -10 529.000000 171.000000 585.000000 228.000000 1.605365 1.639373 3.417318 -1.614699 2.152824 10.735524 1.585239 0.010305
Cyclist -1 -1 -10 1114.000000 140.000000 1206.000000 303.000000 1.701744 0.573944 0.765865 7.166960 1.055595 9.826264 -0.878243 0.264042
Cyclist -1 -1 -10 550.000000 165.000000 577.000000 213.000000 1.464818 1.525238 3.649284 -2.104955 0.625424 43.956637 2.019386 0.078820
Cyclist -1 -1 -10 561.000000 160.000000 579.000000 203.000000 1.635058 0.608235 0.592426 -1.672666 0.531594 44.080724 -1.604446 0.043961
Cyclist -1 -1 -10 508.000000 162.000000 531.000000 210.000000 1.800953 0.453936 1.666084 -3.959947 1.218830 35.839531 1.472592 0.039104
Cyclist -1 -1 -10 1054.000000 149.000000 1194.000000 257.000000 1.707202 0.577581 0.622756 1.280196 1.112214 2.033943 -0.967465 0.010342
