Pedestrian -1 -1 -10 549.000000 170.000000 560.000000 204.000000 1.633401 0.601855 0.691905 -2.868157 1.864579 37.545785 -1.615389 0.024084
Car -1 -1 -10 635.000000 174.000000 670.000000 202.000000 1.513492 1.618833 3.893569 2.570009 1.718849 41.137770 -1.544592 0.998272
Car -1 -1 -10 764.000000 188.000000 1052.000000 368.000000 1.465831 1.603933 3.973337 3.163040 1.644641 7.551653 1.493359 0.998170
Car -1 -1 -10 -5.000000 168.000000 254.000000 331.000000 1.513953 1.586667 3.889378 -5.973510 1.563706 8.135608 0.425124 0.993106
Car -1 -1 -10 266.000000 174.000000 436.000000 237.000000 1.521472 1.600935 3.849726 -6.022612 1.408903 18.481733 -1.821737 0.990908
Car -1 -1 -10 814.000000 173.000000 1106.000000 279.000000 1.611683 1.690942 4.220735 6.473478 1.504104 13.151302 -2.286503 0.990251
Car -1 -1 -10 726.000000 178.000000 838.000000 225.000000 1.410762 1.569700 3.874107 5.592923 1.608913 24.416118 1.350466 0.983832
Car -1 -1 -10 770.000000 178.000000 900.000000 240.000000 1.419362 1.614998 3.950692 5.773834 1.528454 18.421843 -1.381161 0.970499
Car -1 -1 -10 104.000000 178.000000 391.000000 255.000000 1.450419 1.602525 3.869177 -6.051995 1.347943 15.677038 0.584006 0.651681
Car -1 -1 -10 414.000000 174.000000 521.000000 208.000000 1.465527 1.641041 3.919128 -6.332728 1.263963 36.952573 0.857770 0.459994
