Car -1 -1 -10 35.000000 207.000000 308.000000 341.000000 1.497983 1.668825 3.785308 -6.097859 2.103628 10.370363 1.485926 0.999228
Car -1 -1 -10 828.000000 180.000000 1212.000000 374.000000 1.491567 1.613503 3.963385 3.223546 1.494247 5.829322 -1.583017 0.998810
Car -1 -1 -10 449.000000 187.000000 497.000000 221.000000 1.474842 1.573778 3.699138 -6.239519 2.126281 32.953558 1.559513 0.990844
Car -1 -1 -10 645.000000 175.000000 687.000000 207.000000 1.468197 1.566375 3.939806 3.138493 1.666888 35.772448 1.232085 0.954504
Car -1 -1 -10 472.000000 186.000000 514.000000 215.000000 1.474872 1.513057 3.633122 -6.282623 2.311885 36.935129 1.896294 0.743036
Car -1 -1 -10 188.000000 197.000000 264.000000 227.000000 1.533880 1.609011 3.973883 -20.977200 2.593078 39.465732 0.565211 0.363221
Car -1 -1 -10 240.000000 196.000000 311.000000 222.000000 1.511581 1.628149 3.974621 -18.648827 2.708152 39.424710 1.055556 0.224042
Car -1 -1 -10 111.000000 201.000000 178.000000 232.000000 1.496341 1.572256 3.834630 -25.504031 3.083860 40.448598 0.463861 0.113544
Car -1 -1 -10 496.000000 179.000000 530.000000 206.000000 1.443657 1.572816 3.730677 -6.305698 2.107843 42.581263 1.480977 0.086261
Cyclist -1 -1 -10 186.000000 197.000000 275.000000 232.000000 1.493159 1.621789 3.897403 -20.410117 2.714532 38.584540 0.618042 0.022719
Cyclist -1 -1 -10 140.000000 201.000000 238.000000 235.000000 1.449479 1.597416 3.909971 -22.250459 3.099439 39.001178 0.449170 0.014959
Cyclist -1 -1 -10 169.000000 200.000000 198.000000 232.000000 1.448606 1.633557 3.782061 -22.933407 3.078406 39.410049 -2.093543 0.013164
