Pedestrian -1 -1 -10 27.000000 165.000000 120.000000 367.000000 1.657691 0.596252 0.599212 -3.405953 2.176475 4.826972 -2.202208 0.907036
Pedestrian -1 -1 -10 559.000000 175.000000 567.000000 204.000000 1.632211 0.603218 0.682008 -3.084933 1.984905 47.564840 -1.605900 0.374293
Pedestrian -1 -1 -10 570.000000 172.000000 579.000000 201.000000 1.648403 0.600336 0.699780 -2.375438 2.019641 48.007764 -1.590534 0.120831
Pedestrian -1 -1 -10 1.000000 197.000000 40.000000 329.000000 1.818864 0.610072 0.674921 -4.138574 1.770288 3.982078 0.955124 0.033800
Pedestrian -1 -1 -10 0.000000 203.000000 176.000000 377.000000 1.610570 0.574721 0.639275 -3.486017 2.306316 4.492181 -2.162594 0.017432
Pedestrian -1 -1 -10 3.000000 189.000000 23.000000 357.000000 1.815483 0.612833 0.668913 -4.296857 1.734174 4.088395 0.952006 0.011352
Car -1 -1 -10 756.000000 188.000000 1011.000000 355.000000 1.454090 1.596075 3.865293 3.024579 1.646220 7.667004 -1.313490 0.999707
Car -1 -1 -10 445.000000 180.000000 507.000000 228.000000 1.531565 1.612155 3.765076 -5.004849 1.864742 26.919910 1.543456 0.999195
Car -1 -1 -10 663.000000 176.000000 725.000000 226.000000 1.467256 1.564148 3.826094 2.863442 1.647836 23.526128 -1.538803 0.999054
Car -1 -1 -10 258.000000 178.000000 438.000000 294.000000 1.618343 1.613169 3.775341 -4.596037 1.827045 12.768500 -1.429523 0.997153
Car -1 -1 -10 504.000000 182.000000 539.000000 208.000000 1.499055 1.585558 3.913113 -5.255154 1.913135 42.687984 1.463142 0.992437
Car -1 -1 -10 3.000000 180.000000 172.000000 376.000000 1.503129 1.606695 3.755291 -4.150763 2.074783 4.691631 1.492474 0.711318
Cyclist -1 -1 -10 559.000000 175.000000 568.000000 204.000000 1.612812 0.587469 0.688933 -3.004878 1.969104 47.532869 -1.608680 0.180543
Cyclist -1 -1 -10 17.000000 170.000000 150.000000 377.000000 1.633062 0.580766 0.656566 -3.651720 2.199667 4.696056 -2.174785 0.161632
Cyclist -1 -1 -10 571.000000 172.000000 580.000000 201.000000 1.646466 0.586552 0.712200 -2.362230 1.971850 48.080161 -1.590884 0.042532
