Pedestrian -1 -1 -10 893.000000 147.000000 1030.000000 372.000000 1.684860 0.608426 0.746517 2.491476 1.629453 4.822770 -1.065377 0.997804
Pedestrian -1 -1 -10 540.000000 160.000000 585.000000 271.000000 1.681308 0.609083 0.739793 -0.582030 1.536567 11.158614 -1.589688 0.993045
Pedestrian -1 -1 -10 1094.000000 189.000000 1163.000000 333.000000 1.866777 0.626964 0.701709 2.939413 1.756054 5.200069 2.276749 0.951960
Pedestrian -1 -1 -10 555.000000 163.000000 594.000000 248.000000 1.745078 0.583703 0.721266 -0.540972 1.475661 15.476971 0.514695 0.716764
Pedestrian -1 -1 -10 896.000000 178.000000 933.000000 268.000000 1.639106 0.620178 0.553142 5.739081 1.657058 12.980636 2.477265 0.322977
Pedestrian -1 -1 -10 983.000000 181.000000 1044.000000 315.000000 1.761571 0.597452 0.632791 1.186618 1.149250 2.554173 -1.074590 0.300340
Pedestrian -1 -1 -10 573.000000 163.000000 598.000000 235.000000 1.745763 0.576780 0.748179 -0.516517 1.427587 15.324043 0.535437 0.070598
Pedestrian -1 -1 -10 760.000000 156.000000 773.000000 204.000000 1.666110 0.584386 0.658986 6.489473 0.788243 27.983942 -1.300661 0.050151
Pedestrian -1 -1 -10 906.000000 174.000000 954.000000 276.000000 1.606918 0.591947 0.551409 4.677129 1.601109 10.384147 -1.096358 0.048810
Pedestrian -1 -1 -10 895.000000 170.000000 983.000000 300.000000 1.642350 0.600002 0.569057 2.800050 1.369406 5.249163 -1.126912 0.046293
Pedestrian -1 -1 -10 1091.000000 189.000000 1134.000000 296.000000 1.723591 0.587123 0.604528 7.856737 1.322272 11.050026 -0.962154 0.038684
Car -1 -1 -10 344.000000 144.000000 545.000000 286.000000 1.660723 1.664971 3.877790 -2.528748 1.286572 11.959914 -1.315178 0.796315
Cyclist -1 -1 -10 562.000000 161.000000 595.000000 242.000000 1.713579 0.609423 0.675105 -0.669414 1.318799 15.881152 -1.566696 0.034320
Cyclist -1 -1 -10 891.000000 177.000000 946.000000 272.000000 1.606616 0.593326 0.599765 4.899588 1.473379 10.996264 -1.148561 0.021608
Cyclist -1 -1 -10 890.000000 161.000000 1033.000000 350.000000 1.651806 0.601256 0.736958 2.508104 1.565241 4.841556 -1.077236 0.015198
