Car -1 -1 -10 653.000000 176.000000 745.000000 242.000000 1.446106 1.574271 3.862672 2.479769 1.553927 18.263216 -1.574584 0.999428
Car -1 -1 -10 92.000000 186.000000 396.000000 269.000000 1.476382 1.549366 3.979006 -6.565409 1.615006 13.398686 1.673227 0.992120
Car -1 -1 -10 632.000000 169.000000 673.000000 206.000000 1.478582 1.571689 3.723404 2.071064 1.510326 33.197610 -1.547523 0.988379
Car -1 -1 -10 207.000000 181.000000 428.000000 249.000000 1.517822 1.588496 3.924145 -6.188712 1.512503 16.171238 0.669026 0.838343
Car -1 -1 -10 1077.000000 137.000000 1238.000000 375.000000 1.549360 1.566637 3.669350 5.070308 1.498109 5.431676 -0.887173 0.677921
Car -1 -1 -10 394.000000 177.000000 495.000000 212.000000 1.546795 1.640362 3.933585 -7.360402 1.460632 36.920705 -1.797399 0.658062
Car -1 -1 -10 448.000000 174.000000 522.000000 201.000000 1.487858 1.609546 3.649014 -6.873371 1.703343 43.313171 1.999705 0.457829
Car -1 -1 -10 293.000000 180.000000 430.000000 232.000000 1.470147 1.601877 3.976013 -6.862132 1.537321 20.890757 0.718422 0.308978
Car -1 -1 -10 82.000000 191.000000 270.000000 319.000000 1.472355 1.539093 3.512408 -3.447252 1.559088 6.086363 -2.111415 0.078767
Car -1 -1 -10 330.000000 178.000000 472.000000 220.000000 1.489330 1.568161 3.817226 -6.967848 1.409333 27.159213 -0.798903 0.026410
Cyclist -1 -1 -10 63.000000 189.000000 275.000000 377.000000 1.669272 0.562306 0.730923 -2.965474 1.865240 4.908093 -2.073587 0.999770
Cyclist -1 -1 -10 63.000000 186.000000 333.000000 286.000000 1.497789 1.618184 3.974974 -5.940344 1.850389 10.507940 0.523979 0.263189
