Car -1 -1 -10 421.000000 183.000000 493.000000 232.000000 1.534561 1.597499 3.727860 -4.718774 1.433708 22.364785 -1.629268 0.999095
Car -1 -1 -10 573.000000 175.000000 611.000000 209.000000 1.524436 1.641118 3.910587 -0.730292 1.134765 35.778480 -1.596939 0.999063
Car -1 -1 -10 257.000000 186.000000 421.000000 282.000000 1.563154 1.620196 3.742288 -4.804005 1.545084 12.965247 -1.447201 0.998968
Car -1 -1 -10 129.000000 177.000000 255.000000 235.000000 1.568072 1.621959 3.845310 -12.191852 1.401300 21.260670 -1.489403 0.996304
Car -1 -1 -10 240.000000 185.000000 348.000000 244.000000 1.483270 1.609554 3.787183 -8.761646 1.405271 20.150150 -1.949849 0.991486
Car -1 -1 -10 1.000000 177.000000 193.000000 299.000000 1.602152 1.658368 3.807987 -8.618878 1.585450 11.382392 -1.631047 0.668813
Car -1 -1 -10 -3.000000 219.000000 163.000000 374.000000 1.510754 1.606813 3.779181 -4.154442 1.824719 4.552564 -2.149836 0.453901
Car -1 -1 -10 450.000000 179.000000 503.000000 217.000000 1.494683 1.585383 3.729537 -5.608298 1.112037 30.467423 -1.658879 0.265899
Car -1 -1 -10 352.000000 178.000000 421.000000 216.000000 1.566824 1.639567 3.790763 -9.316780 1.209761 30.351525 1.742379 0.165170
Car -1 -1 -10 428.000000 172.000000 463.000000 203.000000 1.519515 1.655144 3.814469 -8.909846 0.705456 40.952648 -1.776761 0.025368
Car -1 -1 -10 0.000000 251.000000 64.000000 374.000000 1.495823 1.607658 3.305231 -6.602163 2.148774 6.474621 0.978479 0.012180
