Pedestrian -1 -1 -10 519.000000 175.000000 544.000000 233.000000 1.666723 0.602741 0.728654 -1.988078 1.698866 19.996781 -1.632958 0.834451
Pedestrian -1 -1 -10 950.000000 208.000000 1040.000000 366.000000 1.628119 0.593651 0.571529 2.605412 2.107116 4.220097 -1.063148 0.833459
Pedestrian -1 -1 -10 887.000000 221.000000 976.000000 340.000000 1.832724 0.609982 0.685899 1.035842 1.242956 3.096592 -1.159697 0.346178
Pedestrian -1 -1 -10 866.000000 212.000000 1194.000000 369.000000 1.642466 0.607401 0.584217 2.989459 2.030720 4.234314 1.566791 0.101557
Pedestrian -1 -1 -10 886.000000 208.000000 959.000000 289.000000 1.880192 0.672697 0.889872 2.719924 2.233922 8.259471 2.040004 0.093787
Pedestrian -1 -1 -10 978.000000 225.000000 1020.000000 281.000000 1.832597 0.609822 0.684450 1.300751 1.238449 3.085065 -1.086025 0.049614
Pedestrian -1 -1 -10 968.000000 213.000000 1017.000000 344.000000 1.826320 0.605541 0.712224 1.147690 1.279024 2.606855 -1.091593 0.039571
Pedestrian -1 -1 -10 828.000000 215.000000 921.000000 336.000000 1.580167 0.598563 0.595594 2.735375 1.897582 6.074403 -1.179347 0.031963
Pedestrian -1 -1 -10 938.000000 224.000000 994.000000 331.000000 1.846718 0.604686 0.721890 1.082067 1.334717 2.687885 -1.119973 0.022264
Pedestrian -1 -1 -10 947.000000 218.000000 1016.000000 290.000000 1.823950 0.619140 0.687575 2.668795 2.056893 6.834765 2.145353 0.016571
Pedestrian -1 -1 -10 945.000000 232.000000 988.000000 296.000000 1.811035 0.607373 0.664236 1.238138 1.225399 3.282076 -1.119785 0.011411
Car -1 -1 -10 866.000000 212.000000 1194.000000 369.000000 1.460396 1.575937 3.849386 3.482761 1.748569 4.975974 1.599395 0.100507
Car -1 -1 -10 929.000000 210.000000 1065.000000 367.000000 1.517840 1.606268 3.701010 3.176855 1.797306 4.904547 -1.037207 0.026347
Car -1 -1 -10 1044.000000 216.000000 1232.000000 367.000000 1.484020 1.651477 3.529170 1.901305 1.023230 3.233542 2.312774 0.020014
Cyclist -1 -1 -10 944.000000 210.000000 1050.000000 369.000000 1.636549 0.584346 0.598145 2.643175 2.081256 4.291470 -1.065052 0.090989
Cyclist -1 -1 -10 877.000000 210.000000 1164.000000 369.000000 1.719711 0.534540 1.738301 2.925136 1.957864 4.394955 2.096986 0.049266
Cyclist -1 -1 -10 883.000000 204.000000 958.000000 279.000000 1.799447 0.691527 0.910810 2.716969 2.139965 8.482636 2.024292 0.019560
Cyclist -1 -1 -10 898.000000 219.000000 993.000000 343.000000 1.736900 0.579581 0.639312 2.420648 1.952401 4.315701 -1.138832 0.010211
