Car -1 -1 -10 574.000000 174.000000 611.000000 207.000000 1.517023 1.612389 3.919064 -0.748930 1.142425 36.392107 -1.601712 0.999419
Car -1 -1 -10 0.000000 189.000000 341.000000 374.000000 1.566553 1.676418 3.776560 -4.488604 1.623780 7.318318 -1.541589 0.998395
Car -1 -1 -10 449.000000 181.000000 505.000000 221.000000 1.523633 1.596705 3.739057 -4.859307 1.257184 26.363262 -1.626297 0.998212
Car -1 -1 -10 347.000000 180.000000 461.000000 250.000000 1.558632 1.583395 3.687907 -4.828251 1.465144 16.983020 -1.374289 0.998174
Car -1 -1 -10 305.000000 179.000000 386.000000 227.000000 1.497998 1.641876 3.881587 -8.987170 1.261968 24.260144 -1.890587 0.964912
Car -1 -1 -10 115.000000 174.000000 271.000000 273.000000 1.494753 1.577110 3.814116 -8.601668 0.894958 15.287842 1.064129 0.787635
Car -1 -1 -10 371.000000 178.000000 434.000000 209.000000 1.501924 1.512859 3.653416 -9.574014 0.698453 36.967267 1.188993 0.107285
Car -1 -1 -10 9.000000 155.000000 132.000000 218.000000 1.530874 1.620788 3.792599 -21.656088 1.097843 29.564302 1.449053 0.092542
Car -1 -1 -10 216.000000 177.000000 303.000000 222.000000 1.561750 1.602900 3.837741 -12.433531 1.073983 25.148613 -1.512306 0.037524
Car -1 -1 -10 1.000000 163.000000 87.000000 241.000000 1.488994 1.602310 3.757527 -16.812349 1.338445 21.116277 -2.207142 0.023239
Car -1 -1 -10 6.000000 183.000000 202.000000 336.000000 1.466681 1.627403 3.777952 -4.675523 1.494284 7.353390 -2.137942 0.015116
Car -1 -1 -10 178.000000 179.000000 278.000000 236.000000 1.565364 1.632668 3.934123 -12.676348 0.801115 24.980642 1.142820 0.014813
Car -1 -1 -10 465.000000 177.000000 512.000000 210.000000 1.447623 1.619423 3.792838 -5.865942 0.990103 34.317049 -1.670388 0.014424
Car -1 -1 -10 6.000000 152.000000 153.000000 284.000000 1.527837 1.596863 3.700609 -4.674684 1.349551 6.772223 0.939858 0.013671
Cyclist -1 -1 -10 109.000000 175.000000 278.000000 274.000000 1.455739 1.616928 3.770441 -8.190228 1.103810 14.700621 1.525652 0.015104
