Pedestrian -1 -1 -10 577.000000 159.000000 600.000000 243.000000 1.690993 0.609802 0.733400 -0.196795 1.433399 14.910750 -1.552493 0.993453
Pedestrian -1 -1 -10 528.000000 159.000000 555.000000 231.000000 1.689264 0.609717 0.740133 -1.464298 1.358031 17.482676 0.445337 0.983392
Pedestrian -1 -1 -10 828.000000 151.000000 871.000000 263.000000 1.689050 0.608385 0.739142 3.783555 1.327064 10.805183 -1.200514 0.969527
Pedestrian -1 -1 -10 448.000000 156.000000 472.000000 242.000000 1.663149 0.605174 0.682981 -3.043917 1.484539 15.265327 -1.722228 0.830170
Pedestrian -1 -1 -10 600.000000 160.000000 615.000000 208.000000 1.658614 0.652849 0.657521 0.253354 0.826709 27.988935 -1.565645 0.423311
Pedestrian -1 -1 -10 612.000000 160.000000 629.000000 210.000000 1.693632 0.582565 0.646059 0.624471 1.045129 27.048182 0.581235 0.390510
Pedestrian -1 -1 -10 711.000000 148.000000 767.000000 254.000000 1.637055 0.634865 0.729932 2.324706 1.370606 11.780315 1.246378 0.358653
Pedestrian -1 -1 -10 281.000000 164.000000 391.000000 358.000000 1.700863 0.597347 0.759545 -2.430523 1.777522 6.328402 0.186550 0.213938
Pedestrian -1 -1 -10 1143.000000 143.000000 1229.000000 340.000000 1.754981 0.602784 0.679487 1.566420 1.182480 2.155075 -0.909259 0.139074
Pedestrian -1 -1 -10 565.000000 159.000000 581.000000 208.000000 1.626469 0.610348 0.672611 -1.087593 0.873999 27.810618 -1.585610 0.134064
Pedestrian -1 -1 -10 668.000000 155.000000 698.000000 213.000000 1.615839 0.606691 0.556289 2.831870 1.356977 24.498343 -1.469764 0.043149
Pedestrian -1 -1 -10 570.000000 160.000000 592.000000 228.000000 1.577420 0.703054 0.639409 -1.579339 2.360047 15.261856 1.539135 0.028851
Pedestrian -1 -1 -10 817.000000 151.000000 833.000000 205.000000 1.769333 0.583993 0.613010 7.604991 1.260786 23.812162 -1.279338 0.025636
Pedestrian -1 -1 -10 593.000000 159.000000 609.000000 210.000000 1.629432 0.576557 0.659602 0.020020 0.978760 26.794159 -1.517090 0.022911
Pedestrian -1 -1 -10 587.000000 158.000000 603.000000 223.000000 1.641314 0.569107 0.680944 -0.410268 0.914933 26.530686 -1.544367 0.022362
Pedestrian -1 -1 -10 802.000000 151.000000 816.000000 201.000000 1.706628 0.590813 0.601673 7.616829 1.214668 25.741816 -1.296046 0.015204
Pedestrian -1 -1 -10 825.000000 156.000000 842.000000 213.000000 1.791905 0.660499 0.855407 2.272669 2.246247 10.061106 -1.277903 0.011411
Pedestrian -1 -1 -10 6.000000 167.000000 55.000000 262.000000 1.705919 0.594862 0.611149 -12.175985 1.668260 15.083975 -2.248847 0.010690
Car -1 -1 -10 1117.000000 146.000000 1235.000000 348.000000 1.525497 1.605098 3.325183 2.960626 1.214752 4.766977 2.331528 0.014343
Cyclist -1 -1 -10 274.000000 162.000000 398.000000 368.000000 1.684998 0.583506 0.763113 -2.449104 1.712610 6.327078 -1.885653 0.998048
Cyclist -1 -1 -10 708.000000 149.000000 774.000000 258.000000 1.676695 0.642085 0.733547 2.303572 1.364817 11.748847 -1.387067 0.981265
Cyclist -1 -1 -10 667.000000 156.000000 698.000000 211.000000 1.625078 0.603126 0.580027 2.824768 1.312639 24.559683 1.704308 0.293047
Cyclist -1 -1 -10 71.000000 202.000000 150.000000 274.000000 1.653013 0.586518 0.587000 -10.465619 1.653728 14.578895 -2.176295 0.168786
Cyclist -1 -1 -10 55.000000 207.000000 186.000000 300.000000 1.477781 1.639936 3.586258 -3.419385 1.434156 3.939108 1.053561 0.091876
Cyclist -1 -1 -10 944.000000 210.000000 1208.000000 370.000000 1.632149 0.589660 0.610074 2.188941 1.550359 2.959450 -0.980448 0.030386
Cyclist -1 -1 -10 1122.000000 145.000000 1232.000000 347.000000 1.487392 1.588526 3.421841 2.255905 1.148439 3.669691 2.316897 0.020465
Cyclist -1 -1 -10 94.000000 200.000000 126.000000 256.000000 1.520413 1.564780 3.375643 -5.275061 1.873274 6.021094 1.044984 0.018772
Cyclist -1 -1 -10 659.000000 158.000000 686.000000 202.000000 1.748411 0.483543 1.619843 3.254625 0.776368 30.821333 -1.465245 0.017616
