Pedestrian -1 -1 -10 256.000000 208.000000 330.000000 366.000000 1.627711 0.596188 0.566111 -2.142061 1.955288 4.783664 1.632860 0.963543
Pedestrian -1 -1 -10 38.000000 245.000000 169.000000 372.000000 1.723146 0.607543 0.655643 -1.474838 1.134381 1.905681 -2.192409 0.713731
Pedestrian -1 -1 -10 786.000000 191.000000 809.000000 254.000000 1.819588 0.613572 0.677574 0.922917 1.909462 6.205154 1.906831 0.131291
Pedestrian -1 -1 -10 103.000000 245.000000 185.000000 372.000000 1.786221 0.604761 0.680413 -1.616404 1.180482 2.145833 -2.157368 0.078479
Pedestrian -1 -1 -10 197.000000 215.000000 289.000000 358.000000 1.685784 0.590284 0.587324 -1.779662 2.010854 3.905900 -2.037631 0.059874
Pedestrian -1 -1 -10 739.000000 183.000000 764.000000 257.000000 1.640259 0.608697 0.515151 3.244085 1.887396 15.331934 -1.324994 0.053657
Pedestrian -1 -1 -10 56.000000 259.000000 130.000000 350.000000 1.662791 0.593135 0.622541 -1.438564 1.096861 1.944561 -2.211595 0.024434
Pedestrian -1 -1 -10 2.000000 231.000000 105.000000 365.000000 1.892030 0.602664 0.758560 -3.090156 1.875242 3.155018 -2.247782 0.013226
Pedestrian -1 -1 -10 816.000000 195.000000 837.000000 254.000000 1.617619 0.593060 0.569111 6.023631 1.674383 18.337091 -1.265274 0.010492
Car -1 -1 -10 0.000000 240.000000 188.000000 371.000000 1.458745 1.663494 3.602506 -2.424129 0.910037 2.706960 1.061673 0.014032
Cyclist -1 -1 -10 492.000000 173.000000 554.000000 226.000000 1.726341 0.508039 1.685713 -2.864237 1.418813 24.436026 1.009028 0.470316
Cyclist -1 -1 -10 1.000000 242.000000 188.000000 371.000000 1.492398 1.638337 3.589272 -3.653504 1.573460 4.029845 1.033813 0.094720
Cyclist -1 -1 -10 818.000000 196.000000 840.000000 246.000000 1.715234 0.582142 0.636248 5.772626 1.508405 18.510863 -1.278047 0.014973
