Pedestrian -1 -1 -10 534.000000 161.000000 559.000000 214.000000 1.697863 0.612936 0.746261 -2.093327 1.233941 25.064326 -1.612200 0.993325
Pedestrian -1 -1 -10 342.000000 168.000000 369.000000 222.000000 1.726325 0.594264 0.702087 -8.643497 1.594602 24.121490 1.712347 0.902096
Pedestrian -1 -1 -10 418.000000 160.000000 436.000000 218.000000 1.660008 0.593402 0.647534 -5.723906 1.212334 22.971608 -1.769461 0.830441
Pedestrian -1 -1 -10 256.000000 176.000000 272.000000 223.000000 1.672447 0.581004 0.718415 -12.960901 1.725133 26.859037 -1.974937 0.140347
Pedestrian -1 -1 -10 355.000000 170.000000 370.000000 219.000000 1.680897 0.588200 0.644052 -8.553113 1.513855 24.616507 0.227746 0.098375
Car -1 -1 -10 423.000000 175.000000 516.000000 239.000000 1.539950 1.613672 3.703784 -3.413271 1.339010 17.917592 -1.612351 0.998638
Car -1 -1 -10 957.000000 158.000000 1058.000000 187.000000 1.477787 1.657635 3.914433 19.416796 0.303803 33.702550 -0.024923 0.882616
Car -1 -1 -10 1048.000000 146.000000 1173.000000 185.000000 1.590039 1.659180 3.969800 24.668940 0.157457 34.143859 0.040059 0.370190
Car -1 -1 -10 451.000000 175.000000 494.000000 206.000000 1.587454 1.625451 3.539099 -3.085946 1.896652 10.910068 1.386869 0.037265
Car -1 -1 -10 466.000000 171.000000 507.000000 202.000000 1.596776 1.147618 3.062095 -5.086113 3.429318 22.603142 1.294750 0.011976
Car -1 -1 -10 1134.000000 144.000000 1221.000000 176.000000 1.491537 1.536771 3.726642 28.763907 0.062917 36.509175 1.745537 0.011953
Car -1 -1 -10 340.000000 168.000000 371.000000 222.000000 1.498313 1.591771 3.688951 -9.001907 1.387272 24.830755 -1.803000 0.011606
Cyclist -1 -1 -10 679.000000 158.000000 719.000000 197.000000 1.666718 0.558104 1.732771 4.723463 0.888045 35.125812 -0.950337 0.997722
Cyclist -1 -1 -10 294.000000 169.000000 356.000000 230.000000 1.702842 0.520740 1.659900 -8.440781 1.588226 21.240520 -1.431987 0.996722
Cyclist -1 -1 -10 883.000000 144.000000 949.000000 202.000000 1.702121 0.601995 0.574485 9.691672 0.334836 22.417715 -1.121271 0.994679
Cyclist -1 -1 -10 816.000000 149.000000 874.000000 200.000000 1.735754 0.521848 1.609004 8.917635 0.745781 26.418218 -1.215742 0.993049
Cyclist -1 -1 -10 338.000000 170.000000 374.000000 223.000000 1.684302 0.575094 1.782524 -8.678897 1.510169 23.949234 1.696159 0.770819
Cyclist -1 -1 -10 355.000000 170.000000 370.000000 219.000000 1.665900 0.578897 0.634693 -8.546556 1.464193 24.615728 -1.844360 0.010735
