Car -1 -1 -10 741.000000 194.000000 986.000000 346.000000 1.458383 1.610902 3.959689 3.032043 1.683160 8.372151 1.428930 0.999460
Car -1 -1 -10 670.000000 178.000000 752.000000 245.000000 1.501952 1.594576 3.875291 2.791944 1.699430 19.409425 -1.537054 0.998971
Car -1 -1 -10 284.000000 183.000000 457.000000 248.000000 1.510481 1.558296 3.813631 -5.816042 1.803787 18.717073 1.756174 0.992372
Car -1 -1 -10 51.000000 163.000000 362.000000 285.000000 1.665950 1.672106 4.005765 -6.233195 1.608829 12.391429 -3.216954 0.974737
Car -1 -1 -10 652.000000 182.000000 713.000000 228.000000 1.440079 1.515310 3.717521 2.826508 2.019027 25.011549 -1.502429 0.879161
Car -1 -1 -10 4.000000 175.000000 202.000000 372.000000 1.465018 1.627985 3.870575 -6.059421 1.814500 7.647644 -2.220256 0.658836
Car -1 -1 -10 642.000000 178.000000 683.000000 214.000000 1.472802 1.545262 3.792686 2.760148 1.890963 34.673159 -1.574382 0.425667
Car -1 -1 -10 356.000000 183.000000 477.000000 230.000000 1.597334 1.648008 3.978908 -7.120710 1.862253 28.717552 -3.018556 0.309372
Car -1 -1 -10 474.000000 179.000000 542.000000 207.000000 1.466251 1.614539 3.891862 -5.663480 2.082862 44.306267 1.527520 0.228685
Car -1 -1 -10 441.000000 180.000000 526.000000 212.000000 1.590620 1.705014 3.969251 -6.396543 1.790313 37.799013 -3.222096 0.113108
