Pedestrian -1 -1 -10 467.000000 177.000000 512.000000 270.000000 1.586294 0.599490 0.582705 -2.072663 1.821799 11.285397 -1.700388 0.574314
Pedestrian -1 -1 -10 1030.000000 181.000000 1211.000000 375.000000 1.585048 0.607776 0.613194 2.557434 1.659403 3.244154 -0.940674 0.570895
Pedestrian -1 -1 -10 1119.000000 203.000000 1238.000000 371.000000 1.916805 0.669139 0.806227 4.227385 2.211369 6.982211 2.305124 0.045835
Pedestrian -1 -1 -10 1182.000000 203.000000 1242.000000 367.000000 1.733019 0.598527 0.630201 1.574929 1.125891 2.146417 -0.900381 0.021276
Pedestrian -1 -1 -10 426.000000 181.000000 538.000000 266.000000 1.827937 0.651962 0.739610 -2.367175 1.795691 13.565071 -2.804054 0.010134
Car -1 -1 -10 875.000000 182.000000 956.000000 239.000000 1.427391 1.559488 3.759645 8.881073 1.726036 20.438588 -1.259217 0.999153
Car -1 -1 -10 395.000000 179.000000 554.000000 263.000000 1.479402 1.654955 3.941959 -2.216981 1.460777 14.747942 0.875614 0.961492
Car -1 -1 -10 852.000000 167.000000 897.000000 212.000000 1.606765 1.598311 3.981215 13.246889 1.583051 36.341636 -1.238968 0.034871
Car -1 -1 -10 1162.000000 207.000000 1243.000000 371.000000 1.446614 1.679317 3.526560 2.239550 1.005955 3.296543 2.323667 0.012810
Car -1 -1 -10 465.000000 179.000000 514.000000 267.000000 1.468241 1.577382 3.705940 -2.252252 1.323429 13.580969 -1.729933 0.011724
Car -1 -1 -10 1037.000000 191.000000 1237.000000 370.000000 1.498909 1.603510 3.624381 3.199728 1.467112 3.933402 -0.914372 0.011349
Cyclist -1 -1 -10 1021.000000 184.000000 1213.000000 371.000000 1.595169 0.600371 0.625104 2.591514 1.617115 3.335001 -0.946739 0.969563
