Pedestrian -1 -1 -10 1212.000000 139.000000 1241.000000 252.000000 1.678784 0.590424 0.663761 15.749303 0.788548 18.064929 -0.819766 0.019517
Car -1 -1 -10 629.000000 179.000000 689.000000 224.000000 1.425566 1.584605 3.854112 1.931046 1.697402 26.152971 -1.616729 0.999294
Car -1 -1 -10 924.000000 182.000000 1245.000000 351.000000 1.479395 1.654288 3.777074 5.650293 1.773176 7.814920 -0.344399 0.994306
Car -1 -1 -10 806.000000 166.000000 1082.000000 298.000000 1.515842 1.663780 4.182703 4.959562 1.533335 11.256056 1.527487 0.991533
Car -1 -1 -10 263.000000 180.000000 434.000000 238.000000 1.432472 1.580140 4.159120 -7.174373 1.517372 20.846885 1.814670 0.977322
Car -1 -1 -10 -1.000000 154.000000 253.000000 325.000000 1.591455 1.589144 3.877675 -6.641737 1.630933 9.161665 -3.273405 0.946292
Car -1 -1 -10 612.000000 175.000000 648.000000 204.000000 1.590544 1.585948 3.697330 1.249536 2.003652 40.655900 -1.517416 0.939988
Car -1 -1 -10 334.000000 179.000000 460.000000 231.000000 1.467860 1.568174 3.894019 -6.534264 1.643857 21.577991 1.785000 0.567763
Car -1 -1 -10 0.000000 164.000000 129.000000 370.000000 1.513361 1.629109 3.749748 -6.020841 1.760487 6.761993 -2.138593 0.489889
Car -1 -1 -10 1133.000000 189.000000 1240.000000 368.000000 1.439160 1.545202 3.714594 5.865565 1.774312 6.175036 1.664183 0.401821
Car -1 -1 -10 451.000000 179.000000 500.000000 208.000000 1.530182 1.602256 3.857552 -6.523582 1.528533 34.808891 -1.693077 0.378398
Cyclist -1 -1 -10 436.000000 176.000000 480.000000 258.000000 1.660957 0.578020 0.741769 -3.241701 2.009966 15.710706 -1.727128 0.998678
Cyclist -1 -1 -10 445.000000 181.000000 490.000000 222.000000 1.640247 0.587291 0.627138 -4.987984 2.146460 22.283470 -1.763124 0.168586
Cyclist -1 -1 -10 390.000000 182.000000 465.000000 234.000000 1.545761 1.527758 3.734432 -5.697994 1.956861 19.470986 1.429011 0.052622
