Pedestrian -1 -1 -10 113.000000 154.000000 182.000000 327.000000 1.727982 0.600282 0.769797 -5.196362 1.641957 7.943755 -0.028166 0.996556
Pedestrian -1 -1 -10 421.000000 179.000000 447.000000 267.000000 1.685554 0.600040 0.734278 -2.958912 1.763937 12.966996 -1.760967 0.991659
Pedestrian -1 -1 -10 514.000000 183.000000 549.000000 274.000000 1.682230 0.594762 0.740009 -1.205355 1.902773 12.330237 -1.626240 0.991020
Pedestrian -1 -1 -10 599.000000 173.000000 617.000000 229.000000 1.697262 0.604452 0.741855 0.217620 1.631204 21.719426 -1.523297 0.736447
Pedestrian -1 -1 -10 512.000000 180.000000 534.000000 232.000000 1.676626 0.611047 0.602717 -1.914102 1.656100 17.201865 -1.674886 0.362128
Pedestrian -1 -1 -10 582.000000 172.000000 600.000000 221.000000 1.662515 0.609099 0.698942 -0.265680 1.649999 26.960627 -1.575862 0.148881
Pedestrian -1 -1 -10 110.000000 158.000000 150.000000 300.000000 1.694737 0.587728 0.669333 -5.386422 1.485257 8.191776 -2.094334 0.070958
Pedestrian -1 -1 -10 608.000000 170.000000 623.000000 221.000000 1.635559 0.610269 0.670128 0.328389 1.470861 21.750395 -1.530818 0.015579
Pedestrian -1 -1 -10 624.000000 171.000000 636.000000 211.000000 1.651893 0.579607 0.664081 1.327977 1.544182 33.360799 0.599450 0.014353
Car -1 -1 -10 828.000000 179.000000 1059.000000 370.000000 1.460477 1.539895 3.673745 2.636255 1.335436 3.546862 1.421605 0.017287
Cyclist -1 -1 -10 418.000000 178.000000 451.000000 265.000000 1.677364 0.582430 0.748743 -2.985042 1.729489 12.999594 -1.764545 0.106230
Cyclist -1 -1 -10 510.000000 181.000000 535.000000 232.000000 1.752812 0.579793 0.644045 -2.120838 1.730011 20.780287 -1.695833 0.073492
Cyclist -1 -1 -10 688.000000 166.000000 720.000000 223.000000 1.659246 0.630076 0.703004 3.063158 1.397493 21.034727 -1.433278 0.073304
Cyclist -1 -1 -10 512.000000 178.000000 542.000000 265.000000 1.633546 0.590002 0.708707 -1.150394 1.777223 12.305340 -1.644901 0.058422
Cyclist -1 -1 -10 393.000000 189.000000 461.000000 255.000000 1.740734 0.551582 1.829121 -3.526430 1.959863 15.848782 0.807653 0.050916
Cyclist -1 -1 -10 683.000000 169.000000 706.000000 215.000000 1.807973 0.438064 1.638380 4.230954 1.278044 29.090184 1.730662 0.014999
