Pedestrian -1 -1 -10 675.000000 169.000000 732.000000 335.000000 1.676331 0.611827 0.744471 1.200722 1.710919 7.744217 -1.396336 0.998022
Pedestrian -1 -1 -10 62.000000 148.000000 218.000000 372.000000 1.632355 0.608262 0.684258 -2.215158 1.501724 3.630249 -2.116931 0.997265
Pedestrian -1 -1 -10 556.000000 172.000000 578.000000 235.000000 1.688927 0.606171 0.747904 -0.900231 1.660339 20.042325 -1.575322 0.991381
Pedestrian -1 -1 -10 927.000000 133.000000 973.000000 271.000000 1.773615 0.602491 0.800507 4.918846 1.451007 10.036306 0.990796 0.962222
Pedestrian -1 -1 -10 959.000000 146.000000 1005.000000 269.000000 1.740749 0.573846 0.696289 5.338363 1.481682 10.316664 1.044513 0.920425
Pedestrian -1 -1 -10 503.000000 173.000000 523.000000 233.000000 1.772641 0.577328 0.726641 -2.742309 1.798608 20.982795 1.946406 0.849837
Pedestrian -1 -1 -10 490.000000 172.000000 510.000000 235.000000 1.763402 0.581543 0.715331 -2.792265 1.726502 20.536445 0.407576 0.818900
Pedestrian -1 -1 -10 469.000000 175.000000 492.000000 236.000000 1.653861 0.602584 0.700495 -3.349828 1.866971 19.925704 1.882116 0.770479
Pedestrian -1 -1 -10 222.000000 171.000000 375.000000 373.000000 1.658706 0.581331 0.728600 -1.605431 1.721378 3.841026 -1.921550 0.693746
Pedestrian -1 -1 -10 598.000000 175.000000 618.000000 235.000000 1.694980 0.601503 0.666932 0.111832 1.659968 20.373256 0.543287 0.655278
Pedestrian -1 -1 -10 1113.000000 126.000000 1233.000000 365.000000 1.630726 0.603661 0.596396 2.077046 1.368340 2.461162 -0.873844 0.480776
Pedestrian -1 -1 -10 590.000000 174.000000 607.000000 230.000000 1.689125 0.591621 0.691350 0.157915 1.661642 20.442934 0.549657 0.338954
Pedestrian -1 -1 -10 360.000000 201.000000 395.000000 287.000000 1.808408 0.604781 0.660591 -1.787361 1.414606 4.061500 1.335112 0.190768
Pedestrian -1 -1 -10 302.000000 199.000000 380.000000 336.000000 1.615709 0.588288 0.662040 -1.545055 1.615545 3.907493 -1.892301 0.183301
Pedestrian -1 -1 -10 212.000000 209.000000 280.000000 327.000000 1.624179 0.599313 0.593523 -2.012501 1.761313 4.307006 -2.009309 0.181145
Pedestrian -1 -1 -10 578.000000 173.000000 595.000000 220.000000 1.668809 0.600359 0.725399 -0.500178 1.458596 27.936054 -1.553335 0.176730
Pedestrian -1 -1 -10 322.000000 205.000000 362.000000 272.000000 1.692081 0.587825 0.579793 -4.877217 1.654510 14.330100 -1.926122 0.175227
Pedestrian -1 -1 -10 346.000000 203.000000 383.000000 300.000000 1.753319 0.601595 0.676641 -0.983550 1.168234 2.527236 -1.913896 0.103558
Car -1 -1 -10 1009.000000 164.000000 1234.000000 365.000000 1.482660 1.557178 3.568391 3.416775 1.436617 4.439741 -0.893454 0.085818
Cyclist -1 -1 -10 216.000000 171.000000 383.000000 371.000000 1.651994 0.566500 0.713913 -1.640685 1.641796 3.863841 -1.925377 0.857722
Cyclist -1 -1 -10 305.000000 191.000000 382.000000 365.000000 1.637183 0.566945 0.714221 -1.630580 1.654480 3.958621 -1.876319 0.396428
Cyclist -1 -1 -10 208.000000 202.000000 296.000000 348.000000 1.642576 0.583167 0.611967 -1.611251 1.644382 3.866167 -2.018099 0.164194
Cyclist -1 -1 -10 1092.000000 128.000000 1233.000000 367.000000 1.624488 0.591243 0.639379 1.940937 1.266981 2.198412 -0.895533 0.042018
Cyclist -1 -1 -10 339.000000 203.000000 377.000000 325.000000 1.598877 0.583971 0.637426 -1.516319 1.600289 4.042794 -1.879592 0.026749
Cyclist -1 -1 -10 357.000000 201.000000 396.000000 288.000000 1.811207 0.590322 0.668300 -1.842655 1.368829 4.103097 1.330393 0.020626
Cyclist -1 -1 -10 296.000000 204.000000 376.000000 287.000000 1.527326 1.577329 3.328607 -4.261976 2.047284 9.038878 1.246054 0.020219
Cyclist -1 -1 -10 806.000000 164.000000 832.000000 213.000000 1.686243 0.694497 0.788506 2.120009 1.875895 10.061758 -1.313797 0.014084
Cyclist -1 -1 -10 321.000000 207.000000 363.000000 271.000000 1.727262 0.580839 0.629776 -1.059907 1.100813 2.272714 -1.940413 0.010164
