Pedestrian -1 -1 -10 867.000000 156.000000 877.000000 187.000000 1.579780 1.272281 3.355606 5.889559 2.469864 19.229883 1.869354 0.052180
Car -1 -1 -10 644.000000 181.000000 767.000000 269.000000 1.492317 1.578589 3.807837 1.943036 1.609578 14.198052 -1.508388 0.998903
Car -1 -1 -10 794.000000 165.000000 898.000000 207.000000 1.591181 1.659799 3.936092 9.402451 1.267175 28.729793 2.405573 0.997926
Car -1 -1 -10 561.000000 173.000000 659.000000 213.000000 1.475922 1.651827 4.138933 -0.370903 1.384110 30.388073 1.038609 0.997879
Car -1 -1 -10 871.000000 168.000000 949.000000 203.000000 1.508795 1.600842 3.751616 13.053093 1.174269 31.372411 2.476435 0.983711
Car -1 -1 -10 742.000000 170.000000 834.000000 213.000000 1.551030 1.632207 3.916931 6.732010 1.296022 26.899994 2.288890 0.971732
Car -1 -1 -10 923.000000 159.000000 1008.000000 199.000000 1.543730 1.607124 3.915405 16.828226 1.225859 34.356006 -0.513214 0.954483
Car -1 -1 -10 701.000000 171.000000 798.000000 210.000000 1.540568 1.593333 3.882872 5.378202 1.028089 25.570988 1.775049 0.159421
Car -1 -1 -10 704.000000 172.000000 758.000000 203.000000 1.492501 1.575970 3.796905 5.519694 1.123600 33.890498 1.750587 0.057923
Car -1 -1 -10 710.000000 169.000000 735.000000 208.000000 1.427638 1.499198 3.603142 5.331511 1.278547 34.626342 -1.405407 0.012964
Cyclist -1 -1 -10 664.000000 180.000000 683.000000 210.000000 1.672134 0.580544 0.604794 3.027110 1.902297 35.138708 -1.460917 0.046727
Cyclist -1 -1 -10 698.000000 172.000000 747.000000 206.000000 1.733184 0.464744 1.630961 5.021066 1.557955 32.533188 -1.395575 0.043792
Cyclist -1 -1 -10 683.000000 175.000000 727.000000 212.000000 1.486065 1.620649 3.842566 4.591824 1.496136 32.738318 1.730093 0.033582
Cyclist -1 -1 -10 670.000000 176.000000 703.000000 212.000000 1.467834 1.572126 3.708820 4.050049 1.618287 33.789796 1.170787 0.023601
Cyclist -1 -1 -10 690.000000 171.000000 713.000000 219.000000 1.677552 0.584211 0.580092 4.401882 1.726075 32.264895 -1.452632 0.020549
Cyclist -1 -1 -10 672.000000 172.000000 767.000000 212.000000 1.404804 1.613172 3.793133 4.757396 1.632517 32.162232 -1.420415 0.012393
Cyclist -1 -1 -10 707.000000 169.000000 728.000000 210.000000 1.728813 0.459045 1.646716 4.899126 1.571321 32.486271 -1.412939 0.010113
