Pedestrian -1 -1 -10 201.000000 166.000000 287.000000 354.000000 1.651596 0.614689 0.734240 -3.247860 1.729827 6.752373 -1.994959 0.989368
Pedestrian -1 -1 -10 651.000000 160.000000 674.000000 228.000000 1.642738 0.612650 0.706997 1.637749 1.427498 18.058950 2.143935 0.970696
Pedestrian -1 -1 -10 8.000000 169.000000 106.000000 376.000000 1.639249 0.600733 0.688195 -3.111938 1.665495 4.126116 -2.190627 0.967528
Pedestrian -1 -1 -10 89.000000 161.000000 157.000000 336.000000 1.667377 0.589979 0.560598 -3.729880 1.818307 5.371224 1.467453 0.959998
Pedestrian -1 -1 -10 134.000000 174.000000 218.000000 354.000000 1.664285 0.609238 0.722118 -3.952844 1.768148 6.684547 -2.069909 0.952840
Pedestrian -1 -1 -10 166.000000 167.000000 244.000000 342.000000 1.705371 0.589079 0.650529 -3.740965 1.747369 7.114778 -2.015569 0.815277
Pedestrian -1 -1 -10 501.000000 169.000000 517.000000 215.000000 1.664395 0.593978 0.708345 -3.461264 1.376419 26.793520 -1.663708 0.797470
Pedestrian -1 -1 -10 515.000000 168.000000 532.000000 216.000000 1.678170 0.606331 0.738281 -2.889568 1.390055 26.891627 -1.640870 0.693336
Pedestrian -1 -1 -10 44.000000 166.000000 142.000000 360.000000 1.642966 0.599701 0.687406 -3.132914 1.638063 4.147095 -2.160029 0.495945
Pedestrian -1 -1 -10 123.000000 173.000000 180.000000 332.000000 1.672930 0.589366 0.673615 -4.291531 1.722929 7.045844 -2.068711 0.328412
Pedestrian -1 -1 -10 0.000000 170.000000 51.000000 367.000000 1.611345 0.603464 0.664227 -3.108415 1.630036 4.159320 -2.219879 0.151957
Pedestrian -1 -1 -10 202.000000 178.000000 395.000000 307.000000 1.836028 0.684072 0.686703 -4.756352 1.830835 10.400735 -3.098220 0.086883
Pedestrian -1 -1 -10 381.000000 168.000000 406.000000 222.000000 1.651543 0.608204 0.709840 -6.949558 1.390563 24.107371 -1.817290 0.026402
Car -1 -1 -10 208.000000 179.000000 396.000000 301.000000 1.528910 1.576950 3.722238 -4.509457 1.668123 11.078343 1.598399 0.986035
Car -1 -1 -10 195.000000 169.000000 311.000000 331.000000 1.513081 1.512338 3.662456 -3.809661 1.535461 8.124087 -2.014987 0.022555
Cyclist -1 -1 -10 424.000000 163.000000 476.000000 259.000000 1.691188 0.599859 0.759738 -2.847616 1.608357 13.566601 -1.735921 0.999433
Cyclist -1 -1 -10 380.000000 169.000000 405.000000 220.000000 1.749191 0.492974 1.553681 -7.067394 1.341940 24.341469 -1.845889 0.732749
Cyclist -1 -1 -10 360.000000 178.000000 401.000000 227.000000 1.632325 0.592667 0.703556 -7.016506 1.438351 24.255948 -1.835721 0.051824
Cyclist -1 -1 -10 205.000000 171.000000 289.000000 340.000000 1.658280 0.611979 0.734221 -3.230762 1.688120 6.713906 -2.006041 0.017218
Cyclist -1 -1 -10 0.000000 164.000000 114.000000 371.000000 1.620638 0.591869 0.698250 -3.148665 1.623016 4.156886 -2.193808 0.011559
