Car -1 -1 -10 845.000000 192.000000 1211.000000 374.000000 1.493714 1.593551 3.993604 4.090710 1.571723 6.907090 1.571888 0.999497
Car -1 -1 -10 226.000000 191.000000 415.000000 296.000000 1.539164 1.604178 3.740737 -4.797530 1.971619 12.117900 1.664017 0.999365
Car -1 -1 -10 519.000000 179.000000 556.000000 208.000000 1.518547 1.587120 3.730699 -3.891182 1.835449 39.181269 1.609549 0.998966
Car -1 -1 -10 370.000000 185.000000 475.000000 255.000000 1.520250 1.551164 3.717556 -4.527986 1.978823 17.608614 1.733100 0.998677
Car -1 -1 -10 429.000000 184.000000 508.000000 234.000000 1.483918 1.565344 3.716113 -4.300931 1.995130 22.801767 1.569181 0.998510
Car -1 -1 -10 759.000000 184.000000 911.000000 279.000000 1.447647 1.581790 3.957400 4.067995 1.637539 12.596148 -1.427001 0.998364
Car -1 -1 -10 716.000000 180.000000 818.000000 246.000000 1.427674 1.551344 3.876991 4.125455 1.730935 17.733504 -1.489625 0.994603
Car -1 -1 -10 697.000000 179.000000 764.000000 228.000000 1.405420 1.567239 3.728504 4.147317 1.820267 25.385663 -1.446987 0.988198
Car -1 -1 -10 692.000000 178.000000 739.000000 216.000000 1.411919 1.546699 3.723973 4.540740 1.657032 28.620259 -1.526713 0.895779
Car -1 -1 -10 535.000000 178.000000 569.000000 204.000000 1.521859 1.592329 3.697908 -3.783843 1.817073 39.271993 1.648905 0.378873
Car -1 -1 -10 685.000000 178.000000 717.000000 210.000000 1.500722 1.625796 3.587444 4.473105 2.098622 32.955360 -1.427267 0.206977
Car -1 -1 -10 1140.000000 224.000000 1239.000000 374.000000 1.488189 1.649435 3.583462 3.613745 1.908282 4.054704 2.241141 0.126063
