Pedestrian -1 -1 -10 675.000000 167.000000 699.000000 215.000000 1.678264 0.609642 0.734368 2.630730 1.571348 24.739790 -1.430397 0.049204
Car -1 -1 -10 491.000000 179.000000 543.000000 216.000000 1.460133 1.593233 3.754082 -3.979362 1.871356 31.186782 1.568029 0.999213
Car -1 -1 -10 216.000000 185.000000 372.000000 271.000000 1.580891 1.590715 3.734083 -6.592284 1.976468 15.204444 1.621287 0.999204
Car -1 -1 -10 -4.000000 182.000000 251.000000 366.000000 1.602057 1.640798 3.757158 -6.345677 1.926974 9.223760 -1.618470 0.996545
Car -1 -1 -10 391.000000 186.000000 455.000000 227.000000 1.484742 1.551249 3.761057 -6.827040 2.015641 25.701975 1.699024 0.984206
Car -1 -1 -10 470.000000 181.000000 509.000000 208.000000 1.568826 1.606192 3.719826 -6.760174 2.381409 40.218767 -1.714006 0.972886
Car -1 -1 -10 701.000000 162.000000 788.000000 194.000000 1.583571 1.697287 4.162750 7.764906 1.249491 42.479991 -0.300417 0.955258
Car -1 -1 -10 523.000000 179.000000 556.000000 204.000000 1.506975 1.628327 3.665615 -3.877796 2.097661 42.675234 1.494541 0.822671
Car -1 -1 -10 1083.000000 150.000000 1218.000000 193.000000 1.505923 1.651859 3.614362 19.115603 0.581375 27.327400 -0.908183 0.038834
Car -1 -1 -10 108.000000 184.000000 247.000000 258.000000 1.477703 1.668831 3.573162 -11.804422 1.280963 19.132869 1.020352 0.021634
