Pedestrian -1 -1 -10 164.000000 184.000000 185.000000 227.000000 1.675987 0.587899 0.567800 -15.613438 2.312065 26.015906 -2.110075 0.837608
Pedestrian -1 -1 -10 133.000000 183.000000 156.000000 230.000000 1.526266 1.407972 3.575589 -12.284055 2.837902 16.871457 0.984298 0.657692
Pedestrian -1 -1 -10 147.000000 185.000000 197.000000 227.000000 1.670604 0.592416 0.576346 -15.638264 2.303666 25.958338 -2.117249 0.090037
Pedestrian -1 -1 -10 130.000000 185.000000 179.000000 235.000000 1.623493 0.589411 0.572411 -15.492066 2.529906 25.219888 -2.103676 0.060610
Pedestrian -1 -1 -10 108.000000 197.000000 201.000000 240.000000 1.492134 1.621292 3.818739 -15.748690 2.646346 25.242920 1.448970 0.043051
Car -1 -1 -10 597.000000 173.000000 631.000000 205.000000 1.544420 1.628993 3.932390 0.184291 1.779280 43.736042 -1.577468 0.999055
Car -1 -1 -10 103.000000 198.000000 207.000000 244.000000 1.563636 1.659077 3.827001 -16.163612 2.503934 25.835297 1.545485 0.997434
Car -1 -1 -10 129.000000 190.000000 199.000000 231.000000 1.353488 1.567780 3.531733 -18.578033 2.320708 30.594640 -2.114660 0.016695
Cyclist -1 -1 -10 112.000000 195.000000 206.000000 237.000000 1.517349 1.603487 3.757583 -15.913246 2.554546 25.406312 1.569356 0.116954
Cyclist -1 -1 -10 143.000000 186.000000 194.000000 227.000000 1.695607 0.587229 0.608358 -15.710072 2.275395 26.069707 -2.121262 0.032491
Cyclist -1 -1 -10 132.000000 184.000000 156.000000 230.000000 1.510674 1.572298 3.756039 -10.356293 2.888354 13.571479 0.980365 0.019151
