Pedestrian -1 -1 -10 920.000000 174.000000 1049.000000 374.000000 1.620375 0.607861 0.681663 2.214245 1.694529 4.214203 -1.062542 0.996094
Pedestrian -1 -1 -10 1047.000000 102.000000 1240.000000 370.000000 1.640213 0.612045 0.631636 2.550086 1.563131 2.651499 1.195242 0.123004
Pedestrian -1 -1 -10 1158.000000 108.000000 1240.000000 375.000000 1.659612 0.594329 0.624269 2.538322 1.524689 2.704496 1.240855 0.112986
Pedestrian -1 -1 -10 54.000000 191.000000 85.000000 249.000000 1.665881 0.602487 0.670441 -15.261043 2.464731 20.145013 1.384072 0.028167
Pedestrian -1 -1 -10 0.000000 193.000000 19.000000 246.000000 1.610866 0.604615 0.630204 -15.003848 2.404869 18.290681 -2.240310 0.011497
Car -1 -1 -10 602.000000 181.000000 630.000000 208.000000 1.551587 1.617098 3.865550 0.378424 1.969798 46.249046 -1.572190 0.998790
Car -1 -1 -10 281.000000 193.000000 372.000000 240.000000 1.543284 1.613432 3.771265 -9.435306 2.352731 24.684721 1.671575 0.995453
Car -1 -1 -10 330.000000 188.000000 389.000000 224.000000 1.507122 1.601467 3.786722 -11.944623 2.578809 34.244178 1.787112 0.631442
Cyclist -1 -1 -10 1004.000000 120.000000 1248.000000 376.000000 1.636351 0.654167 1.732652 2.696843 1.616367 2.717680 1.586106 0.990450
Cyclist -1 -1 -10 711.000000 176.000000 728.000000 201.000000 1.614723 0.604210 0.649632 5.530100 1.839381 36.001307 -1.409954 0.470104
Cyclist -1 -1 -10 933.000000 168.000000 1053.000000 378.000000 1.631359 0.599121 0.697003 2.236406 1.662743 4.258352 -1.062076 0.210962
Cyclist -1 -1 -10 1144.000000 109.000000 1239.000000 374.000000 1.616221 0.613143 0.626243 2.543084 1.497361 2.681423 -0.374611 0.035537
