Pedestrian -1 -1 -10 846.000000 159.000000 949.000000 374.000000 1.689979 0.608756 0.747124 2.251133 1.704425 5.478534 -1.143917 0.997894
Pedestrian -1 -1 -10 765.000000 171.000000 847.000000 371.000000 1.671779 0.603781 0.726937 1.557365 1.726638 5.477109 -1.257372 0.997016
Pedestrian -1 -1 -10 177.000000 167.000000 270.000000 373.000000 1.700749 0.612098 0.772077 -3.252763 1.817881 6.275909 -2.011645 0.995924
Pedestrian -1 -1 -10 742.000000 173.000000 771.000000 259.000000 1.781030 0.595614 0.738195 3.341598 1.795256 15.183690 0.754989 0.972979
Pedestrian -1 -1 -10 851.000000 153.000000 874.000000 219.000000 1.595343 0.614472 0.662304 7.903076 0.933829 21.156457 -1.201768 0.903181
Pedestrian -1 -1 -10 1156.000000 152.000000 1194.000000 241.000000 1.624816 0.615973 0.638786 11.190203 1.316319 13.806944 -0.849155 0.869977
Pedestrian -1 -1 -10 1087.000000 155.000000 1170.000000 339.000000 1.590514 0.601179 0.630468 2.626966 1.375114 3.328060 -0.917852 0.833093
Pedestrian -1 -1 -10 901.000000 164.000000 929.000000 222.000000 1.643568 0.599277 0.570979 8.885348 0.811016 20.029729 -1.155322 0.597929
Pedestrian -1 -1 -10 1146.000000 153.000000 1177.000000 240.000000 1.625067 0.614977 0.572536 11.665537 1.422628 14.437756 1.211729 0.510250
Pedestrian -1 -1 -10 473.000000 178.000000 490.000000 228.000000 1.642344 0.615588 0.681483 -4.359813 1.864984 26.650872 -1.695607 0.256814
Pedestrian -1 -1 -10 1128.000000 154.000000 1166.000000 247.000000 1.620315 0.597758 0.597728 11.474113 1.386813 15.320568 -0.910469 0.236724
Pedestrian -1 -1 -10 1108.000000 157.000000 1160.000000 285.000000 1.763019 0.595690 0.606787 1.059109 1.159152 1.859263 -0.956723 0.167434
Pedestrian -1 -1 -10 859.000000 167.000000 936.000000 282.000000 1.648491 0.601762 0.610742 4.085960 1.693189 9.080843 -1.174885 0.114845
Pedestrian -1 -1 -10 872.000000 165.000000 909.000000 226.000000 1.620411 0.641816 0.565515 7.793298 1.099224 18.663612 1.398403 0.070026
Pedestrian -1 -1 -10 752.000000 171.000000 796.000000 263.000000 1.690814 0.581211 0.696266 3.230402 1.633166 15.038397 0.771879 0.059648
Cyclist -1 -1 -10 304.000000 176.000000 391.000000 279.000000 1.700355 0.597419 1.791580 -4.749491 1.764778 12.512567 -1.939984 0.994788
Cyclist -1 -1 -10 1069.000000 150.000000 1181.000000 367.000000 1.591238 0.599192 0.636282 2.533129 1.441027 3.278614 -0.927378 0.515563
Cyclist -1 -1 -10 900.000000 165.000000 930.000000 225.000000 1.731049 0.465722 1.637966 8.539232 0.922275 19.485360 -1.156599 0.128631
Cyclist -1 -1 -10 743.000000 172.000000 774.000000 261.000000 1.614156 0.592287 0.672259 3.236935 1.467890 14.949960 -1.331412 0.028752
Cyclist -1 -1 -10 758.000000 171.000000 793.000000 268.000000 1.695820 0.582830 0.631313 3.484835 1.422920 15.164795 -1.339864 0.025258
Cyclist -1 -1 -10 871.000000 164.000000 914.000000 226.000000 1.602562 0.662532 0.550482 7.891176 1.110044 18.304405 1.413353 0.021884
Cyclist -1 -1 -10 850.000000 156.000000 882.000000 225.000000 1.676365 0.579203 0.619956 7.861532 1.263122 21.038602 -1.226359 0.012642
Cyclist -1 -1 -10 963.000000 158.000000 1212.000000 364.000000 1.587778 0.603578 0.660270 2.542283 1.528907 3.186677 -0.967362 0.012095
Cyclist -1 -1 -10 1102.000000 157.000000 1165.000000 269.000000 1.533124 1.578644 3.746487 6.518362 1.323155 10.063694 2.228463 0.011626
