Pedestrian -1 -1 -10 622.000000 169.000000 643.000000 216.000000 1.592712 0.599657 0.588655 1.225256 1.914018 27.340455 -1.531201 0.035125
Car -1 -1 -10 1014.000000 195.000000 1242.000000 373.000000 1.452737 1.581533 3.700137 4.132337 1.562664 4.770308 -0.912948 0.977860
Car -1 -1 -10 -7.000000 166.000000 274.000000 289.000000 1.508983 1.593547 3.852791 -7.618139 1.556790 11.248253 -3.240294 0.971078
Car -1 -1 -10 462.000000 172.000000 510.000000 202.000000 1.460252 1.613255 3.936361 -6.864841 1.527226 41.492771 -1.866994 0.934373
Car -1 -1 -10 254.000000 170.000000 355.000000 217.000000 1.500565 1.592285 3.641493 -9.926473 1.513304 24.552183 -1.903452 0.644914
Car -1 -1 -10 103.000000 158.000000 331.000000 235.000000 1.686538 1.683875 3.979538 -9.209075 1.287682 18.427582 -3.205372 0.391801
Car -1 -1 -10 1142.000000 183.000000 1243.000000 222.000000 1.510924 1.651313 3.975694 29.798545 2.222404 35.914634 1.736716 0.169112
Car -1 -1 -10 12.000000 145.000000 163.000000 253.000000 1.582895 1.625088 3.887663 -8.538625 0.567845 11.992231 0.969112 0.138372
Car -1 -1 -10 1117.000000 193.000000 1243.000000 334.000000 1.477019 1.596633 3.691899 3.729195 1.433803 4.746317 -0.853876 0.036604
Car -1 -1 -10 1106.000000 183.000000 1239.000000 254.000000 1.497514 1.543523 3.716048 13.066883 3.521611 18.872551 -1.072162 0.030498
Cyclist -1 -1 -10 1093.000000 183.000000 1240.000000 258.000000 1.782397 0.592489 0.655923 1.410860 1.109812 2.388552 2.302979 0.011917
