Car -1 -1 -10 726.000000 189.000000 902.000000 301.000000 1.447145 1.584819 3.964686 3.290633 1.673878 11.162856 -1.439073 0.999501
Car -1 -1 -10 3.000000 178.000000 312.000000 328.000000 1.543823 1.626172 3.933948 -5.921047 1.650108 9.387650 0.397945 0.997175
Car -1 -1 -10 803.000000 181.000000 949.000000 243.000000 1.461122 1.692141 4.162824 6.983172 1.613906 19.163833 1.345192 0.988935
Car -1 -1 -10 222.000000 171.000000 406.000000 251.000000 1.606379 1.644916 3.965640 -6.314535 1.511960 16.527879 -3.102615 0.949262
Car -1 -1 -10 409.000000 173.000000 514.000000 207.000000 1.597988 1.659943 3.797487 -6.768457 1.196264 39.752086 1.360381 0.949085
Car -1 -1 -10 708.000000 172.000000 848.000000 224.000000 1.555780 1.689868 3.894561 5.690626 1.629233 29.373905 -1.337322 0.895738
Car -1 -1 -10 300.000000 170.000000 477.000000 235.000000 1.449068 1.582700 3.867857 -5.429285 1.711911 20.678434 0.796226 0.891807
Car -1 -1 -10 3.000000 185.000000 151.000000 353.000000 1.501624 1.613718 3.795264 -5.577806 1.604871 6.075123 -2.171744 0.594563
Car -1 -1 -10 120.000000 168.000000 359.000000 271.000000 1.497241 1.554499 3.893941 -6.724982 1.545890 13.639931 1.688054 0.421540
Car -1 -1 -10 753.000000 178.000000 877.000000 236.000000 1.527733 1.659799 3.896251 5.951519 1.158699 21.942200 1.342870 0.352385
Car -1 -1 -10 446.000000 171.000000 530.000000 202.000000 1.583904 1.693304 4.201941 -6.111879 1.403225 40.340849 -2.923743 0.170952
