Pedestrian -1 -1 -10 1050.000000 123.000000 1132.000000 317.000000 1.704466 0.614675 0.756088 4.887891 1.424262 6.946107 -0.938940 0.994918
Pedestrian -1 -1 -10 1115.000000 120.000000 1212.000000 323.000000 1.707195 0.606316 0.764740 5.098796 1.422697 6.801708 -0.877015 0.981895
Pedestrian -1 -1 -10 1184.000000 137.000000 1228.000000 230.000000 1.645551 0.581709 0.531063 12.703638 0.845489 14.915895 -0.874085 0.786301
Pedestrian -1 -1 -10 1117.000000 126.000000 1162.000000 312.000000 1.697880 0.603908 0.744997 5.111324 1.377293 6.775007 -0.892388 0.731583
Pedestrian -1 -1 -10 1156.000000 136.000000 1225.000000 272.000000 1.650943 0.596586 0.672620 7.610285 1.593416 9.429464 -0.856022 0.206193
Pedestrian -1 -1 -10 1050.000000 141.000000 1098.000000 238.000000 1.576684 1.341627 3.475539 9.216663 2.030173 16.341719 2.108748 0.063555
Pedestrian -1 -1 -10 1011.000000 147.000000 1139.000000 242.000000 1.704638 0.591987 0.597643 8.389601 1.708190 14.454509 -1.002885 0.061183
Pedestrian -1 -1 -10 1050.000000 155.000000 1075.000000 213.000000 1.769332 0.583993 0.613011 15.688704 1.209600 25.320648 -1.021228 0.057569
Pedestrian -1 -1 -10 958.000000 159.000000 1124.000000 204.000000 1.463455 1.582908 3.728762 14.667006 1.269467 25.551815 2.149100 0.022386
Pedestrian -1 -1 -10 1198.000000 148.000000 1232.000000 206.000000 1.667397 0.597713 0.601651 21.632586 1.116174 25.205901 -0.873031 0.016605
Car -1 -1 -10 836.000000 169.000000 949.000000 212.000000 1.498412 1.674829 4.054198 10.299263 1.259319 26.441718 -2.326706 0.988904
Car -1 -1 -10 0.000000 208.000000 93.000000 251.000000 1.555304 1.642290 3.896889 -20.309709 2.603757 26.053780 -2.184425 0.898342
Car -1 -1 -10 955.000000 158.000000 1124.000000 206.000000 1.517049 1.642163 3.798958 14.853735 1.251706 26.264965 2.165205 0.436870
Car -1 -1 -10 1179.000000 140.000000 1235.000000 219.000000 1.488129 1.637606 3.629203 22.164513 0.906033 25.784120 -0.868414 0.182563
Car -1 -1 -10 161.000000 182.000000 320.000000 241.000000 1.671289 1.727917 4.063174 -12.663919 2.000279 25.328255 -3.187757 0.181750
Car -1 -1 -10 149.000000 195.000000 227.000000 225.000000 1.413048 1.596069 3.832159 -19.998116 2.538855 34.078481 0.484980 0.045822
Car -1 -1 -10 78.000000 198.000000 156.000000 227.000000 1.487136 1.634957 3.574301 -21.875729 2.942656 33.210208 0.975304 0.042548
Car -1 -1 -10 271.000000 187.000000 350.000000 216.000000 1.592798 1.564545 3.807330 -13.401947 2.263074 34.362565 1.198575 0.016799
Car -1 -1 -10 969.000000 171.000000 1067.000000 206.000000 1.511807 1.557180 3.799686 14.648793 1.098728 26.222526 2.152729 0.013887
Car -1 -1 -10 1119.000000 139.000000 1236.000000 257.000000 1.494765 1.556549 3.535321 8.305665 1.296919 10.657540 -0.875829 0.010075
Cyclist -1 -1 -10 1182.000000 139.000000 1234.000000 213.000000 1.659896 0.579553 0.618495 21.691253 1.082220 25.257105 -0.881670 0.154837
Cyclist -1 -1 -10 1119.000000 139.000000 1236.000000 257.000000 1.757316 0.491461 1.629208 7.800982 1.335392 9.599337 -0.882749 0.059376
Cyclist -1 -1 -10 1171.000000 138.000000 1218.000000 241.000000 1.716913 0.538810 1.640355 12.233336 1.058462 14.464164 -0.907250 0.028532
Cyclist -1 -1 -10 975.000000 157.000000 1132.000000 206.000000 1.492069 1.598128 3.710563 14.597567 1.263849 25.768089 2.587575 0.016068
Cyclist -1 -1 -10 1096.000000 126.000000 1203.000000 308.000000 1.738584 0.618019 0.770877 5.099438 1.383099 6.934846 -0.905472 0.010151
