Car -1 -1 -10 721.000000 185.000000 829.000000 259.000000 1.454371 1.557120 3.855022 3.744885 1.748391 15.833685 -1.476797 0.999500
Car -1 -1 -10 481.000000 181.000000 535.000000 220.000000 1.552786 1.598561 3.670072 -4.413239 2.004159 31.666997 1.807564 0.999365
Car -1 -1 -10 696.000000 180.000000 770.000000 235.000000 1.424432 1.562520 3.789883 3.957249 1.762240 21.243195 -1.501450 0.991960
Car -1 -1 -10 912.000000 170.000000 1104.000000 228.000000 1.511487 1.625503 3.944355 11.425385 1.305709 21.124839 -2.208798 0.989803
Car -1 -1 -10 674.000000 174.000000 703.000000 200.000000 1.464422 1.581177 3.789003 5.477908 1.659940 49.794197 -1.465797 0.943826
Car -1 -1 -10 511.000000 180.000000 551.000000 213.000000 1.474201 1.538328 3.663619 -4.543573 2.040292 34.112331 -1.589595 0.940727
Car -1 -1 -10 262.000000 185.000000 354.000000 217.000000 1.481253 1.652749 4.061266 -14.091654 2.214608 35.105517 0.584848 0.588681
Car -1 -1 -10 538.000000 182.000000 572.000000 207.000000 1.463195 1.486447 3.585142 -3.494447 2.474203 43.061934 -1.623885 0.426738
Car -1 -1 -10 1061.000000 161.000000 1240.000000 251.000000 1.503905 1.630067 3.786396 11.548641 1.408972 15.088474 0.579768 0.309011
Car -1 -1 -10 1033.000000 173.000000 1165.000000 232.000000 1.497729 1.585271 3.885566 12.307837 1.172981 18.444463 2.102700 0.057750
