Pedestrian -1 -1 -10 776.000000 168.000000 827.000000 302.000000 1.638692 0.604046 0.696680 2.254824 1.710619 8.450954 -1.275390 0.992430
Pedestrian -1 -1 -10 0.000000 169.000000 40.000000 360.000000 1.700190 0.601274 0.745111 -5.242939 1.830556 6.550719 -2.214438 0.901787
Pedestrian -1 -1 -10 858.000000 140.000000 943.000000 337.000000 1.681844 0.612196 0.645144 2.511618 1.715823 6.379481 -1.146049 0.456963
Pedestrian -1 -1 -10 0.000000 192.000000 79.000000 318.000000 1.648147 0.605842 0.684951 -5.251373 1.822367 6.560264 -2.210349 0.216038
Pedestrian -1 -1 -10 871.000000 144.000000 921.000000 290.000000 1.673302 0.598854 0.632864 2.631295 1.526105 6.859791 2.415313 0.069380
Pedestrian -1 -1 -10 860.000000 139.000000 1041.000000 367.000000 1.733720 0.610206 0.794742 2.981416 1.522808 5.451231 0.991972 0.018114
Car -1 -1 -10 602.000000 176.000000 629.000000 203.000000 1.533619 1.631410 3.798593 0.238347 1.762935 46.155150 -1.548774 0.998224
Car -1 -1 -10 371.000000 187.000000 429.000000 221.000000 1.528804 1.615943 3.797438 -9.575290 2.186500 32.987162 1.710446 0.996358
Car -1 -1 -10 1.000000 205.000000 97.000000 303.000000 1.501620 1.553658 3.594841 -6.113823 1.599321 7.857077 -2.230625 0.178024
Car -1 -1 -10 0.000000 176.000000 56.000000 331.000000 1.522457 1.590342 3.615655 -5.996055 1.642194 7.124215 -2.209835 0.030958
Cyclist -1 -1 -10 867.000000 116.000000 1171.000000 372.000000 1.710344 0.613487 1.824168 2.918413 1.490836 5.170015 -1.063791 0.999519
Cyclist -1 -1 -10 847.000000 139.000000 958.000000 357.000000 1.697034 0.629604 0.682122 2.464021 1.592523 6.280556 -1.171020 0.931732
Cyclist -1 -1 -10 774.000000 166.000000 828.000000 303.000000 1.632966 0.593930 0.708090 2.237920 1.688569 8.446235 -1.284798 0.072208
Cyclist -1 -1 -10 -1.000000 181.000000 50.000000 339.000000 1.695519 0.587365 0.759630 -5.272628 1.823734 6.558194 -2.214420 0.045198
Cyclist -1 -1 -10 -1.000000 198.000000 102.000000 308.000000 1.653248 0.589035 0.692389 -5.179416 1.761341 6.855834 -2.200396 0.026863
Cyclist -1 -1 -10 862.000000 148.000000 928.000000 305.000000 1.739337 0.591024 1.816947 2.605170 1.546796 6.800358 -1.166500 0.016358
