Car -1 -1 -10 577.000000 180.000000 611.000000 211.000000 1.530139 1.627344 3.853104 -0.660906 1.371904 39.763228 -1.588770 0.999395
Car -1 -1 -10 288.000000 193.000000 453.000000 283.000000 1.511134 1.531126 3.673268 -4.199069 1.661842 12.624266 1.735893 0.999336
Car -1 -1 -10 440.000000 186.000000 505.000000 232.000000 1.533977 1.615614 3.745808 -4.631583 1.535472 24.621353 -1.617441 0.997385
Car -1 -1 -10 55.000000 178.000000 276.000000 278.000000 1.583192 1.616933 3.833281 -8.717947 1.656890 14.494032 -1.520572 0.972193
Car -1 -1 -10 285.000000 192.000000 364.000000 234.000000 1.520520 1.620951 3.823354 -8.670877 1.475704 22.286984 1.199021 0.672114
Car -1 -1 -10 476.000000 183.000000 525.000000 216.000000 1.474143 1.627584 3.694289 -5.136286 1.452834 34.093690 -1.630553 0.628842
Car -1 -1 -10 237.000000 201.000000 391.000000 305.000000 1.448325 1.571404 3.759504 -4.606892 1.726323 10.931959 1.275444 0.336469
Car -1 -1 -10 1.000000 190.000000 71.000000 318.000000 1.492477 1.580100 3.609268 -8.061240 2.047387 9.585905 -2.209595 0.183157
Car -1 -1 -10 370.000000 182.000000 405.000000 207.000000 1.482941 1.635370 3.795877 -12.728329 1.168396 42.647052 -1.833170 0.102565
Car -1 -1 -10 385.000000 183.000000 441.000000 215.000000 1.526683 1.626996 3.810522 -9.026390 1.260305 32.907882 -1.804378 0.057982
