Pedestrian -1 -1 -10 784.000000 169.000000 830.000000 280.000000 1.636255 0.594537 0.708722 2.764281 1.794471 9.791656 -1.250681 0.042290
Pedestrian -1 -1 -10 762.000000 172.000000 802.000000 264.000000 1.650584 0.635283 0.599378 3.078031 1.947243 12.139168 1.247542 0.012124
Pedestrian -1 -1 -10 790.000000 175.000000 824.000000 206.000000 1.668957 0.600309 0.611714 7.989877 1.488746 31.330360 -1.308087 0.011532
Car -1 -1 -10 588.000000 180.000000 642.000000 214.000000 1.519441 1.593090 3.732447 0.347563 1.838885 33.953089 1.974665 0.998653
Car -1 -1 -10 266.000000 192.000000 476.000000 327.000000 1.525723 1.596309 3.717245 -3.303136 1.928642 10.163529 1.724920 0.998342
Car -1 -1 -10 615.000000 175.000000 659.000000 211.000000 1.520987 1.539298 3.688883 0.526055 1.988687 33.903017 2.066663 0.950464
Car -1 -1 -10 646.000000 178.000000 683.000000 204.000000 1.497788 1.648087 3.884187 3.449879 2.391996 45.887270 1.712515 0.810919
Car -1 -1 -10 416.000000 173.000000 493.000000 215.000000 1.548899 1.615089 3.890194 -6.357536 1.551297 30.175235 -1.660496 0.565515
Cyclist -1 -1 -10 780.000000 163.000000 839.000000 305.000000 1.663596 0.599412 0.732158 2.735608 1.766858 9.825368 -1.268953 0.999092
Cyclist -1 -1 -10 760.000000 171.000000 798.000000 269.000000 1.639838 0.650929 0.588508 3.090775 1.896189 12.303317 1.249355 0.992685
Cyclist -1 -1 -10 757.000000 177.000000 795.000000 226.000000 1.512182 1.540141 3.703277 3.013041 2.147164 17.455790 -1.487199 0.120133
Cyclist -1 -1 -10 761.000000 173.000000 789.000000 206.000000 1.687135 0.583952 0.630178 7.885704 1.277697 31.449453 -1.353828 0.063709
Cyclist -1 -1 -10 785.000000 173.000000 827.000000 255.000000 1.624877 0.594637 0.657000 3.238756 1.910805 13.169820 -1.282378 0.049584
Cyclist -1 -1 -10 789.000000 176.000000 824.000000 210.000000 1.643438 0.597470 0.662410 7.945543 1.632193 31.355710 -1.294148 0.010812
