Pedestrian -1 -1 -10 737.000000 170.000000 756.000000 211.000000 1.667474 0.588644 0.568547 8.035188 2.051555 40.587497 -1.391141 0.014230
Car -1 -1 -10 809.000000 177.000000 1218.000000 374.000000 1.490837 1.605862 4.039268 3.594405 1.521391 6.430156 -1.623424 0.999591
Car -1 -1 -10 710.000000 182.000000 814.000000 252.000000 1.449150 1.562403 3.891420 3.730758 1.765955 16.828348 1.334122 0.999383
Car -1 -1 -10 381.000000 185.000000 472.000000 238.000000 1.545327 1.572997 3.724369 -5.659001 2.052175 21.816635 1.747028 0.998532
Car -1 -1 -10 192.000000 194.000000 368.000000 293.000000 1.529693 1.604554 3.742715 -5.811920 2.019528 12.955929 1.624714 0.997657
Car -1 -1 -10 680.000000 180.000000 755.000000 230.000000 1.441158 1.514292 3.763338 3.588188 1.905510 21.882924 1.172812 0.991890
Car -1 -1 -10 -1.000000 205.000000 241.000000 373.000000 1.493151 1.612071 3.676799 -5.658323 1.956236 7.482015 1.557142 0.984068
Car -1 -1 -10 660.000000 178.000000 709.000000 214.000000 1.431953 1.566587 3.832715 3.493791 1.636607 30.744130 -1.560241 0.981726
Car -1 -1 -10 480.000000 178.000000 520.000000 209.000000 1.549792 1.553491 3.747174 -6.026198 2.146826 35.412854 1.977303 0.580872
Car -1 -1 -10 1136.000000 175.000000 1236.000000 372.000000 1.502640 1.601736 3.674610 3.846274 1.653063 5.619410 -0.862866 0.042491
Car -1 -1 -10 113.000000 186.000000 245.000000 239.000000 1.470311 1.521537 3.728430 -13.036159 1.782762 23.098629 0.490689 0.030317
Car -1 -1 -10 0.000000 207.000000 165.000000 311.000000 1.462912 1.575417 3.715552 -5.850510 1.622533 7.391488 0.997613 0.021154
Car -1 -1 -10 2.000000 191.000000 101.000000 250.000000 1.448704 1.551121 3.594485 -12.952624 1.474757 17.025731 -2.202277 0.014807
Car -1 -1 -10 87.000000 206.000000 219.000000 249.000000 1.434615 1.568868 3.671458 -13.010051 2.208467 22.771806 1.032509 0.010330
