Car -1 -1 -10 303.000000 175.000000 430.000000 233.000000 1.525457 1.632657 4.072000 -7.103772 1.663714 21.775266 0.694992 0.996768
Car -1 -1 -10 -4.000000 165.000000 261.000000 339.000000 1.533611 1.599509 3.709908 -4.737824 1.518261 6.441582 -1.688397 0.980401
Car -1 -1 -10 724.000000 185.000000 874.000000 299.000000 1.467029 1.624381 4.136305 3.368552 1.724395 10.851170 1.370576 0.977171
Car -1 -1 -10 360.000000 177.000000 493.000000 225.000000 1.504745 1.559057 3.915377 -6.120760 1.699050 24.716941 -3.020440 0.969916
Car -1 -1 -10 641.000000 179.000000 672.000000 208.000000 1.580171 1.587482 3.753729 2.540866 1.978723 38.719379 -1.484557 0.936270
Car -1 -1 -10 419.000000 178.000000 521.000000 214.000000 1.459049 1.625283 3.866560 -5.339430 1.732725 32.467531 0.906954 0.326639
Car -1 -1 -10 463.000000 178.000000 537.000000 209.000000 1.508999 1.663295 3.829765 -5.781496 1.839872 40.508145 -2.307724 0.056278
Car -1 -1 -10 634.000000 180.000000 700.000000 208.000000 1.455340 1.557970 3.769739 2.619323 1.789387 39.320805 -1.497916 0.038124
Car -1 -1 -10 765.000000 1.000000 1234.000000 371.000000 1.527664 1.563206 3.938470 3.173576 1.303989 3.437909 1.476162 0.021720
Car -1 -1 -10 659.000000 179.000000 721.000000 212.000000 1.550559 1.611752 3.692044 0.355912 2.624572 15.809486 -1.531803 0.018339
Car -1 -1 -10 67.000000 191.000000 265.000000 290.000000 1.504262 1.633468 3.618530 -6.862099 1.494611 12.575406 -2.110357 0.013858
Car -1 -1 -10 765.000000 172.000000 972.000000 306.000000 1.477093 1.561285 3.827662 3.269690 2.039239 9.716186 1.381873 0.011421
