Pedestrian -1 -1 -10 343.000000 181.000000 367.000000 258.000000 1.641588 0.597482 0.587255 -5.584612 1.690983 16.303399 -1.910273 0.933715
Pedestrian -1 -1 -10 355.000000 186.000000 372.000000 257.000000 1.795454 0.655081 0.867218 -4.546984 2.379565 10.104756 -1.918285 0.017194
Car -1 -1 -10 695.000000 179.000000 791.000000 258.000000 1.473665 1.563275 3.765200 2.844692 1.638967 15.384476 -1.446627 0.999283
Car -1 -1 -10 238.000000 203.000000 418.000000 319.000000 1.522676 1.632655 3.794289 -4.409397 1.939623 11.157205 -1.415819 0.998842
Car -1 -1 -10 484.000000 184.000000 528.000000 220.000000 1.506500 1.589727 3.711866 -4.936378 2.032699 34.305762 1.578223 0.997939
Car -1 -1 -10 403.000000 182.000000 495.000000 250.000000 1.628662 1.640518 3.792602 -4.591871 1.961099 20.297468 -1.325558 0.997676
Car -1 -1 -10 653.000000 175.000000 697.000000 214.000000 1.466926 1.580114 3.805834 2.870112 1.608234 30.958012 -1.547640 0.995597
Car -1 -1 -10 819.000000 179.000000 1255.000000 373.000000 1.442880 1.606309 3.977281 3.156717 1.541854 4.452481 1.530685 0.988431
Car -1 -1 -10 1041.000000 173.000000 1241.000000 370.000000 1.485655 1.625170 3.615169 3.202515 1.112106 4.028987 -0.927783 0.012773
Car -1 -1 -10 894.000000 187.000000 1145.000000 298.000000 1.449153 1.682308 3.498646 1.660267 1.031980 3.627235 2.119301 0.011047
Car -1 -1 -10 742.000000 174.000000 785.000000 221.000000 1.445106 1.611479 3.834510 5.981289 1.521110 27.009957 -1.370502 0.010384
