Pedestrian -1 -1 -10 99.000000 188.000000 150.000000 315.000000 1.894377 0.648832 0.738978 -4.930622 2.057134 5.704559 1.052859 0.992999
Pedestrian -1 -1 -10 166.000000 175.000000 217.000000 305.000000 1.609705 0.595429 0.534070 -6.119799 1.958494 10.930054 0.486883 0.970736
Pedestrian -1 -1 -10 562.000000 175.000000 571.000000 203.000000 1.633179 0.607732 0.690980 -2.966670 2.081862 50.557287 -1.603689 0.099050
Pedestrian -1 -1 -10 574.000000 174.000000 584.000000 202.000000 1.680258 0.600343 0.723727 -2.281431 2.090611 51.096380 -1.582874 0.032399
Pedestrian -1 -1 -10 123.000000 184.000000 247.000000 314.000000 1.834499 0.618668 0.685248 -4.384493 2.004890 5.740716 1.116130 0.028255
Pedestrian -1 -1 -10 87.000000 203.000000 130.000000 314.000000 1.897884 0.667098 0.776122 -5.170994 2.101886 5.783601 1.034741 0.018228
Pedestrian -1 -1 -10 -1.000000 219.000000 275.000000 372.000000 1.617939 0.589837 0.647464 -3.481790 2.061625 4.569901 -2.126878 0.012417
Car -1 -1 -10 736.000000 182.000000 921.000000 316.000000 1.456106 1.575526 3.837679 3.003623 1.628205 9.572558 -1.377230 0.999586
Car -1 -1 -10 458.000000 182.000000 514.000000 226.000000 1.552342 1.603835 3.723411 -5.000367 1.901841 29.098187 1.845061 0.999098
Car -1 -1 -10 309.000000 181.000000 457.000000 278.000000 1.634612 1.643127 3.803643 -4.498278 1.850198 14.707734 -1.373592 0.999085
Car -1 -1 -10 661.000000 176.000000 717.000000 223.000000 1.470472 1.557146 3.771648 2.978204 1.607342 25.378529 -1.535559 0.998973
Car -1 -1 -10 512.000000 182.000000 544.000000 208.000000 1.598161 1.589826 3.793327 -5.148594 2.276789 43.986089 1.475707 0.990009
Car -1 -1 -10 -4.000000 223.000000 286.000000 373.000000 1.507988 1.628217 3.750470 -4.196201 1.808750 5.054454 -2.097584 0.986011
Cyclist -1 -1 -10 562.000000 176.000000 571.000000 203.000000 1.623554 0.591336 0.699477 -2.967004 2.021080 50.603572 -1.601735 0.887922
Cyclist -1 -1 -10 574.000000 174.000000 584.000000 202.000000 1.671306 0.583988 0.738081 -2.279737 2.057483 51.131886 -1.586348 0.505851
Cyclist -1 -1 -10 166.000000 175.000000 219.000000 304.000000 1.617585 0.586791 0.643644 -7.168934 1.904189 11.907398 -2.071494 0.038243
Cyclist -1 -1 -10 85.000000 190.000000 162.000000 311.000000 1.534432 1.562398 3.289074 -5.606493 1.898092 6.914072 1.029064 0.034021
Cyclist -1 -1 -10 13.000000 226.000000 271.000000 349.000000 1.675615 0.580325 0.620845 -3.400568 2.101072 4.543259 -2.156847 0.014802
