Car -1 -1 -10 512.000000 187.000000 645.000000 266.000000 1.467774 1.593806 3.939646 -0.545169 1.764000 14.787946 -2.101748 0.999601
Car -1 -1 -10 411.000000 181.000000 468.000000 220.000000 1.466261 1.596692 3.867023 -6.784258 1.663323 28.692683 -1.880110 0.999311
Car -1 -1 -10 222.000000 184.000000 268.000000 214.000000 1.546501 1.587763 3.907728 -20.485852 2.374394 40.014947 1.158939 0.997713
Car -1 -1 -10 397.000000 180.000000 443.000000 211.000000 1.443912 1.563848 3.701342 -8.838586 1.712458 33.841502 -1.867782 0.980889
Car -1 -1 -10 2.000000 204.000000 154.000000 310.000000 1.449942 1.492481 3.692677 -8.176350 2.049001 10.324007 1.383365 0.969671
Car -1 -1 -10 579.000000 164.000000 684.000000 204.000000 1.479646 1.674918 4.031610 1.035352 1.159871 31.379720 -0.472837 0.882025
Car -1 -1 -10 1119.000000 153.000000 1242.000000 242.000000 1.437474 1.573750 3.832669 10.897043 1.092229 12.842698 1.761739 0.545743
Car -1 -1 -10 0.000000 211.000000 99.000000 367.000000 1.477803 1.635494 3.703796 -6.734510 2.143340 7.513778 -2.144800 0.432576
Car -1 -1 -10 657.000000 133.000000 1127.000000 374.000000 1.663670 1.695267 4.190225 2.467385 1.344381 7.248157 -2.250898 0.393244
Car -1 -1 -10 536.000000 172.000000 619.000000 202.000000 1.630348 1.693393 3.994777 -1.923198 1.313705 37.166461 -0.105013 0.256246
Car -1 -1 -10 240.000000 183.000000 278.000000 210.000000 1.523003 1.472324 3.693539 -20.578481 2.365585 40.903571 1.168775 0.190746
