Car -1 -1 -10 212.000000 200.000000 345.000000 264.000000 1.457117 1.607357 3.999269 -7.899150 2.021429 17.605075 0.691380 0.999587
Car -1 -1 -10 66.000000 194.000000 144.000000 234.000000 1.437663 1.581743 3.895735 -19.601349 2.253177 27.869801 -2.296469 0.998604
Car -1 -1 -10 674.000000 180.000000 762.000000 233.000000 1.443835 1.571866 3.860919 3.069046 1.679527 20.235299 1.697541 0.997671
Car -1 -1 -10 44.000000 192.000000 112.000000 228.000000 1.440252 1.501675 3.636769 -20.715928 2.366147 29.094529 0.429309 0.984775
Car -1 -1 -10 599.000000 179.000000 661.000000 230.000000 1.400945 1.585958 3.784997 0.615590 1.685722 20.917671 1.582768 0.980597
Car -1 -1 -10 360.000000 168.000000 603.000000 300.000000 1.659382 1.698629 4.215700 -2.156672 1.609129 12.295107 -2.329828 0.919648
Car -1 -1 -10 273.000000 181.000000 374.000000 216.000000 1.504147 1.681825 4.064010 -13.270085 1.864744 33.507756 -3.022215 0.875628
Car -1 -1 -10 214.000000 186.000000 310.000000 213.000000 1.421924 1.610370 4.087375 -17.658647 1.867101 36.848261 0.505479 0.216186
Car -1 -1 -10 731.000000 171.000000 879.000000 225.000000 1.429758 1.615792 4.130132 5.772468 1.502072 22.297057 1.236060 0.182387
Car -1 -1 -10 436.000000 178.000000 601.000000 265.000000 1.455257 1.522474 3.435030 -0.902608 2.171980 15.790705 -1.684836 0.012281
Car -1 -1 -10 642.000000 179.000000 707.000000 219.000000 1.530533 1.636810 3.737469 3.341901 2.040388 31.658160 -1.436552 0.011274
