Car -1 -1 -10 702.000000 181.000000 914.000000 327.000000 1.468083 1.578052 3.989212 2.637126 1.570895 9.331346 -1.425569 0.999530
Car -1 -1 -10 883.000000 162.000000 1003.000000 213.000000 1.565554 1.629149 3.901404 10.721774 1.217431 23.444310 2.514641 0.997984
Car -1 -1 -10 593.000000 170.000000 711.000000 218.000000 1.536950 1.631075 4.172211 1.263082 1.418793 25.549308 1.023726 0.997608
Car -1 -1 -10 957.000000 165.000000 1064.000000 209.000000 1.479298 1.598339 3.822881 14.533044 1.005277 26.060303 2.510908 0.968507
Car -1 -1 -10 771.000000 167.000000 923.000000 224.000000 1.549714 1.594276 3.899775 7.096021 1.026324 20.820668 2.398264 0.965934
Car -1 -1 -10 1019.000000 156.000000 1128.000000 205.000000 1.583968 1.606508 3.863899 18.212289 1.087858 28.481239 -0.461626 0.943075
Car -1 -1 -10 743.000000 168.000000 850.000000 219.000000 1.484403 1.542064 3.741699 7.421175 1.097406 29.187440 1.810831 0.638453
Car -1 -1 -10 1128.000000 160.000000 1228.000000 196.000000 1.484369 1.548073 3.724853 26.759963 1.249871 34.615260 2.775112 0.071388
Cyclist -1 -1 -10 757.000000 169.000000 783.000000 232.000000 1.689679 0.579272 0.611585 6.140930 1.680033 27.146345 -1.364092 0.116468
Cyclist -1 -1 -10 735.000000 174.000000 817.000000 235.000000 1.649485 0.588106 0.618324 6.101597 1.760128 27.158497 -1.341295 0.092209
Cyclist -1 -1 -10 745.000000 181.000000 770.000000 230.000000 1.397831 1.600724 3.769117 5.846749 1.442731 27.936307 1.773967 0.071552
Cyclist -1 -1 -10 754.000000 169.000000 870.000000 232.000000 1.641503 0.573588 0.599022 7.345865 1.530503 27.687184 -1.295951 0.038162
