Car -1 -1 -10 482.000000 183.000000 532.000000 221.000000 1.534279 1.582150 3.798438 -4.822910 2.143790 33.211998 1.820604 0.999499
Car -1 -1 -10 704.000000 186.000000 801.000000 254.000000 1.457411 1.578359 3.880663 3.600712 1.744129 17.526430 -1.501528 0.999269
Car -1 -1 -10 684.000000 183.000000 750.000000 232.000000 1.437911 1.542122 3.786112 3.826730 1.863334 23.067148 -1.529849 0.993696
Car -1 -1 -10 890.000000 174.000000 1051.000000 226.000000 1.414010 1.591041 4.042177 11.326135 1.365781 22.472241 -0.028746 0.988955
Car -1 -1 -10 667.000000 176.000000 694.000000 202.000000 1.505593 1.595608 3.879807 4.955820 1.950941 51.374056 -1.502088 0.970697
Car -1 -1 -10 508.000000 182.000000 546.000000 215.000000 1.443533 1.510153 3.730333 -4.591422 2.205911 35.839130 1.875756 0.919387
Car -1 -1 -10 1006.000000 163.000000 1226.000000 245.000000 1.492293 1.653107 3.870953 11.607090 1.460987 16.428864 -2.112424 0.874595
Car -1 -1 -10 1080.000000 207.000000 1245.000000 368.000000 1.504558 1.678390 3.615569 3.655798 1.923653 3.750247 2.187875 0.303766
Car -1 -1 -10 1.000000 248.000000 55.000000 371.000000 1.483143 1.651209 3.592881 -4.452737 2.055111 5.558073 -2.245936 0.140870
Car -1 -1 -10 269.000000 186.000000 366.000000 215.000000 1.464824 1.678083 4.179159 -14.703059 2.256293 37.412186 0.050736 0.135419
Car -1 -1 -10 998.000000 173.000000 1131.000000 238.000000 1.458786 1.615399 3.906997 11.314851 1.376271 17.440116 1.618657 0.060084
Car -1 -1 -10 526.000000 186.000000 557.000000 211.000000 1.513201 1.594806 3.737537 -4.309188 2.186916 38.340164 1.606033 0.034159
