Pedestrian -1 -1 -10 488.000000 159.000000 522.000000 271.000000 1.745793 0.601519 0.787642 -1.490725 1.636126 11.508828 0.409410 0.995527
Pedestrian -1 -1 -10 595.000000 160.000000 620.000000 235.000000 1.703179 0.600293 0.745415 0.212667 1.416102 16.908676 -1.515906 0.993144
Pedestrian -1 -1 -10 1054.000000 128.000000 1202.000000 376.000000 1.676388 0.609079 0.730474 2.874488 1.501700 3.837145 -0.906249 0.991248
Pedestrian -1 -1 -10 453.000000 166.000000 493.000000 273.000000 1.661027 0.616196 0.736753 -1.905764 1.611514 11.508957 -1.709058 0.989637
Pedestrian -1 -1 -10 68.000000 222.000000 175.000000 370.000000 1.866784 0.601609 0.732682 -1.907500 1.422651 2.346194 -2.179994 0.930288
Pedestrian -1 -1 -10 5.000000 220.000000 143.000000 371.000000 1.852561 0.628841 0.699603 -4.160158 1.756942 4.555179 1.024185 0.822336
Pedestrian -1 -1 -10 648.000000 162.000000 666.000000 228.000000 1.638180 0.592367 0.647361 1.592199 1.268043 17.221881 0.632358 0.815185
Pedestrian -1 -1 -10 59.000000 216.000000 126.000000 354.000000 1.829597 0.612027 0.685693 -3.349618 1.682383 3.692687 1.023770 0.673595
Pedestrian -1 -1 -10 611.000000 161.000000 630.000000 212.000000 1.650195 0.601202 0.701146 0.758045 1.075392 25.002275 -1.510938 0.664282
Pedestrian -1 -1 -10 205.000000 213.000000 290.000000 359.000000 1.835778 0.600534 0.729356 -1.504891 1.354742 2.565372 -2.053239 0.583576
Pedestrian -1 -1 -10 654.000000 163.000000 675.000000 231.000000 1.644378 0.605993 0.656055 1.476956 1.347473 17.162415 -1.438247 0.549640
Pedestrian -1 -1 -10 680.000000 164.000000 701.000000 224.000000 1.662624 0.581536 0.663356 2.429024 1.237473 19.571014 -1.391020 0.333894
Pedestrian -1 -1 -10 1043.000000 138.000000 1078.000000 226.000000 1.920410 0.667853 0.809405 2.434971 1.715974 5.051793 2.204782 0.277112
Car -1 -1 -10 554.000000 168.000000 585.000000 194.000000 1.499432 1.585654 3.761593 -2.008793 1.033406 45.424847 1.558991 0.997023
Cyclist -1 -1 -10 1015.000000 135.000000 1232.000000 369.000000 1.657061 0.589050 0.683570 2.999479 1.452694 4.079609 -0.909528 0.826451
Cyclist -1 -1 -10 15.000000 221.000000 162.000000 371.000000 1.820801 0.590582 0.693284 -1.929128 1.156220 2.218842 1.004879 0.252141
Cyclist -1 -1 -10 50.000000 218.000000 126.000000 351.000000 1.887653 0.585979 0.748973 -2.265931 1.393113 2.433936 1.014387 0.123939
Cyclist -1 -1 -10 698.000000 159.000000 738.000000 226.000000 1.659778 0.615747 0.642529 3.140768 1.073027 20.340224 2.214318 0.079047
