Pedestrian -1 -1 -10 540.000000 175.000000 550.000000 209.000000 1.681608 0.606113 0.730828 -3.388651 1.991155 38.482255 -1.619801 0.745123
Pedestrian -1 -1 -10 552.000000 172.000000 563.000000 208.000000 1.634505 0.606463 0.694996 -2.800557 1.905697 38.872841 -1.614640 0.241877
Pedestrian -1 -1 -10 543.000000 174.000000 556.000000 205.000000 1.679474 0.592634 0.728678 -3.444720 1.915945 38.586864 -1.620231 0.107220
Car -1 -1 -10 673.000000 172.000000 760.000000 245.000000 1.497989 1.566808 3.864987 2.725666 1.589868 17.950442 -1.543808 0.999006
Car -1 -1 -10 390.000000 181.000000 477.000000 242.000000 1.538921 1.578970 3.690221 -5.144994 1.950266 21.233970 1.736214 0.998277
Car -1 -1 -10 482.000000 181.000000 524.000000 212.000000 1.514785 1.602049 3.928289 -5.565472 1.932797 37.299100 1.555625 0.997490
Car -1 -1 -10 -2.000000 176.000000 327.000000 377.000000 1.605986 1.662909 3.805637 -4.548978 1.761249 7.061773 -1.528384 0.855723
Car -1 -1 -10 960.000000 113.000000 1245.000000 369.000000 1.515977 1.556511 3.698899 3.576762 1.286818 5.168368 -0.965177 0.408376
Car -1 -1 -10 539.000000 175.000000 551.000000 207.000000 1.512091 1.602398 3.637744 -3.666961 1.845815 39.466136 -1.622244 0.010261
Cyclist -1 -1 -10 552.000000 171.000000 566.000000 208.000000 1.640113 0.591026 0.711484 -2.809200 1.869329 38.900766 -1.615772 0.851823
Cyclist -1 -1 -10 539.000000 175.000000 551.000000 209.000000 1.673599 0.600903 0.740006 -3.395521 1.948108 38.499544 -1.628835 0.251426
Cyclist -1 -1 -10 987.000000 101.000000 1229.000000 371.000000 1.720982 0.670360 0.710856 2.638246 1.279093 4.331831 1.678193 0.054317
Cyclist -1 -1 -10 531.000000 177.000000 555.000000 203.000000 1.681168 0.589268 0.734249 -3.441759 1.877182 38.631146 -1.634298 0.012597
