Pedestrian -1 -1 -10 427.000000 175.000000 442.000000 215.000000 1.662527 0.598228 0.596750 -7.391564 1.740084 30.995125 -1.809087 0.923192
Pedestrian -1 -1 -10 411.000000 179.000000 424.000000 215.000000 1.621190 0.612892 0.669585 -8.163376 2.050638 30.799631 -1.810887 0.770332
Pedestrian -1 -1 -10 415.000000 177.000000 440.000000 217.000000 1.678827 0.582542 0.583290 -7.489976 1.893505 31.071259 -1.815921 0.029726
Pedestrian -1 -1 -10 411.000000 189.000000 472.000000 234.000000 1.755937 0.655618 0.712244 -5.288926 2.247598 23.118542 -1.767155 0.023205
Car -1 -1 -10 650.000000 177.000000 738.000000 244.000000 1.466109 1.578000 3.831326 2.202999 1.622630 18.428183 -1.555407 0.999228
Car -1 -1 -10 412.000000 189.000000 472.000000 235.000000 1.539649 1.585688 3.690650 -5.582807 2.010070 24.139836 -1.711016 0.998186
Car -1 -1 -10 3.000000 199.000000 318.000000 374.000000 1.514133 1.621378 3.757013 -5.049163 1.939157 7.789711 1.526060 0.995480
Car -1 -1 -10 620.000000 178.000000 664.000000 218.000000 1.441757 1.555329 3.808715 1.347561 1.699705 28.618747 -1.583480 0.985783
Car -1 -1 -10 444.000000 179.000000 494.000000 219.000000 1.556558 1.595663 3.618730 -6.090416 1.899081 32.502229 -1.679970 0.957639
Car -1 -1 -10 600.000000 177.000000 631.000000 203.000000 1.444635 1.593333 3.775779 0.375123 1.770794 44.005724 -1.587985 0.726445
Car -1 -1 -10 786.000000 198.000000 1236.000000 371.000000 1.505794 1.609935 4.005834 3.297818 1.468982 6.168464 -1.644078 0.308951
