Pedestrian -1 -1 -10 127.000000 156.000000 205.000000 339.000000 1.691151 0.603554 0.736103 -4.431201 1.583925 7.324969 -2.078656 0.992229
Pedestrian -1 -1 -10 368.000000 198.000000 433.000000 328.000000 1.618627 0.596542 0.652609 -2.189019 1.867289 7.331859 -1.811289 0.639138
Pedestrian -1 -1 -10 313.000000 200.000000 376.000000 335.000000 1.632835 0.592249 0.654771 -2.519415 1.908973 7.331311 -1.866882 0.621420
Pedestrian -1 -1 -10 411.000000 192.000000 442.000000 270.000000 1.811468 0.606583 0.665067 -1.352666 1.318102 3.731494 -1.833279 0.342690
Pedestrian -1 -1 -10 359.000000 202.000000 396.000000 293.000000 1.822989 0.610445 0.673662 -1.565448 1.335105 3.540036 1.343150 0.201039
Pedestrian -1 -1 -10 381.000000 203.000000 428.000000 276.000000 1.817336 0.608747 0.671130 -1.422008 1.310311 3.588183 -1.861297 0.155406
Pedestrian -1 -1 -10 151.000000 167.000000 190.000000 289.000000 1.676459 0.594406 0.644064 -5.675128 1.427014 9.538479 -2.054489 0.149620
Pedestrian -1 -1 -10 394.000000 200.000000 418.000000 253.000000 1.657038 0.596561 0.595396 -5.365271 1.750382 19.665781 -1.839732 0.118741
Pedestrian -1 -1 -10 383.000000 201.000000 407.000000 256.000000 1.716245 0.590208 0.604844 -5.596797 1.711698 19.403446 -1.859674 0.078027
Pedestrian -1 -1 -10 329.000000 203.000000 362.000000 256.000000 1.617851 0.600317 0.624745 -5.577184 1.930787 15.980070 -1.892474 0.060419
Pedestrian -1 -1 -10 397.000000 194.000000 436.000000 309.000000 1.621429 0.592383 0.649564 -2.037014 1.885606 7.214058 -1.799638 0.057822
Pedestrian -1 -1 -10 335.000000 202.000000 352.000000 242.000000 1.807468 0.603299 0.658077 -1.738528 1.324122 3.610931 -1.941422 0.043267
Pedestrian -1 -1 -10 341.000000 202.000000 358.000000 249.000000 1.769333 0.583993 0.613010 -5.572133 1.676437 16.283979 -1.918343 0.038099
Car -1 -1 -10 880.000000 131.000000 1231.000000 378.000000 1.468258 1.596161 4.059012 3.528465 1.355143 3.785351 1.528375 0.838208
Cyclist -1 -1 -10 510.000000 174.000000 557.000000 213.000000 1.689388 0.593051 1.803580 -3.035798 1.264050 29.421068 -1.689216 0.494720
Cyclist -1 -1 -10 341.000000 203.000000 359.000000 250.000000 1.837861 0.595325 0.683054 -1.789982 1.307865 3.637947 1.303805 0.018147
Cyclist -1 -1 -10 329.000000 204.000000 365.000000 259.000000 1.626655 0.584230 0.649037 -5.655675 1.857328 16.070557 -1.889947 0.013827
Cyclist -1 -1 -10 372.000000 204.000000 414.000000 278.000000 1.843960 0.595575 0.689933 -1.499695 1.281212 3.524983 1.355653 0.012767
Cyclist -1 -1 -10 366.000000 200.000000 429.000000 323.000000 1.606479 0.590023 0.648443 -2.188013 1.797937 7.375426 -1.816770 0.011878
