Pedestrian -1 -1 -10 889.000000 112.000000 934.000000 262.000000 1.755446 0.673996 0.795319 2.009574 1.189640 5.623097 -1.208718 0.959467
Pedestrian -1 -1 -10 392.000000 158.000000 414.000000 236.000000 1.664732 0.560673 0.637854 -5.256488 1.132023 17.685117 0.280196 0.733455
Pedestrian -1 -1 -10 385.000000 160.000000 434.000000 237.000000 1.597315 0.584467 0.560410 -5.057366 0.947976 18.785274 -1.814705 0.189969
Pedestrian -1 -1 -10 410.000000 155.000000 428.000000 247.000000 1.593020 0.590658 0.546842 -4.794615 1.119380 18.475526 -1.779963 0.135431
Pedestrian -1 -1 -10 367.000000 162.000000 410.000000 241.000000 1.640529 0.591168 0.567003 -5.034005 1.177080 15.984524 -1.816911 0.114455
Pedestrian -1 -1 -10 335.000000 168.000000 447.000000 237.000000 1.598980 0.583360 0.616593 -5.140856 1.185124 18.171113 -1.830140 0.016121
Car -1 -1 -10 662.000000 171.000000 718.000000 214.000000 1.418700 1.549840 3.780665 2.970706 1.383507 25.747898 -1.558398 0.998572
Car -1 -1 -10 148.000000 174.000000 466.000000 373.000000 1.523779 1.616118 3.747758 -2.720527 1.547243 6.865129 -1.856248 0.998248
Car -1 -1 -10 376.000000 175.000000 528.000000 279.000000 1.575577 1.563949 3.743893 -2.625811 1.699209 11.744709 -1.378080 0.998104
Car -1 -1 -10 723.000000 175.000000 899.000000 306.000000 1.438538 1.570755 3.878655 3.113717 1.561113 9.671814 -1.379407 0.997699
Car -1 -1 -10 547.000000 169.000000 582.000000 201.000000 1.540096 1.617280 3.874102 -2.413735 1.502860 39.511882 -1.634946 0.997087
Car -1 -1 -10 781.000000 160.000000 1243.000000 375.000000 1.479777 1.613541 4.089422 2.636106 1.469894 3.936540 1.543287 0.847184
Car -1 -1 -10 645.000000 170.000000 688.000000 201.000000 1.470480 1.570065 3.893703 3.595639 1.348393 37.723554 -1.600363 0.765267
Car -1 -1 -10 640.000000 170.000000 669.000000 197.000000 1.476367 1.490952 3.639800 3.417324 1.442929 37.978366 -1.563979 0.275855
Cyclist -1 -1 -10 355.000000 168.000000 406.000000 242.000000 1.598502 0.573745 0.607601 -5.256973 1.146691 16.353397 -1.850640 0.034688
Cyclist -1 -1 -10 379.000000 160.000000 420.000000 240.000000 1.613117 0.582904 0.611043 -5.452377 1.054442 17.306742 1.774107 0.020933
