Pedestrian -1 -1 -10 787.000000 154.000000 834.000000 266.000000 1.707433 0.613752 0.764157 3.378856 1.505392 11.100979 -1.247908 0.995611
Pedestrian -1 -1 -10 72.000000 196.000000 128.000000 315.000000 1.867736 0.683229 0.894535 -4.869490 1.959496 5.627294 1.002740 0.907083
Pedestrian -1 -1 -10 778.000000 163.000000 815.000000 257.000000 1.687558 0.592964 0.599481 3.891081 0.913323 13.611037 -1.311758 0.175900
Pedestrian -1 -1 -10 569.000000 176.000000 586.000000 226.000000 1.695305 0.605021 0.747923 -0.827428 1.731758 25.310011 -1.561741 0.132635
Pedestrian -1 -1 -10 589.000000 177.000000 605.000000 225.000000 1.659287 0.617893 0.714806 -0.189981 1.664953 25.276831 -1.571000 0.116057
Pedestrian -1 -1 -10 772.000000 169.000000 797.000000 247.000000 1.635406 0.631141 0.600526 4.220740 1.564746 15.094019 0.797397 0.077139
Pedestrian -1 -1 -10 528.000000 179.000000 537.000000 209.000000 1.654293 0.602428 0.625938 -4.090056 2.104218 41.581170 -1.663857 0.043210
Pedestrian -1 -1 -10 77.000000 209.000000 96.000000 303.000000 1.710150 0.661512 0.790481 -8.580273 2.456212 10.036127 -2.236167 0.016422
Pedestrian -1 -1 -10 446.000000 179.000000 462.000000 232.000000 1.673979 0.608296 0.715454 -4.895892 1.773758 23.703204 -1.743349 0.014631
Car -1 -1 -10 3.000000 200.000000 376.000000 374.000000 1.525740 1.633291 3.732253 -3.704326 1.774615 6.487811 1.542891 0.994480
Car -1 -1 -10 25.000000 203.000000 193.000000 352.000000 1.429430 1.509056 3.663116 -4.152261 1.589502 6.525756 0.955188 0.014057
Car -1 -1 -10 1.000000 233.000000 65.000000 307.000000 1.486998 1.640233 3.624434 -4.119381 1.793941 5.886917 0.879492 0.010501
Cyclist -1 -1 -10 67.000000 197.000000 134.000000 321.000000 1.520555 1.564540 3.374925 -5.343139 1.878237 5.989394 1.035918 0.016043
