Pedestrian -1 -1 -10 1097.000000 242.000000 1237.000000 360.000000 1.842817 0.608805 0.700014 3.184028 1.965988 5.252604 2.293749 0.351234
Pedestrian -1 -1 -10 968.000000 258.000000 1154.000000 372.000000 1.842700 0.620168 0.692050 2.772913 2.050594 5.597724 2.233925 0.224523
Pedestrian -1 -1 -10 417.000000 172.000000 467.000000 269.000000 1.630723 0.625926 0.668838 -2.535124 1.718574 10.011647 -1.777871 0.076298
Pedestrian -1 -1 -10 1189.000000 249.000000 1236.000000 365.000000 1.773432 0.602836 0.683318 1.616207 1.191989 2.166605 -0.886989 0.016244
Car -1 -1 -10 3.000000 192.000000 286.000000 369.000000 1.505409 1.632500 3.786761 -2.874516 1.387710 3.260784 -2.093838 0.111407
Cyclist -1 -1 -10 1.000000 202.000000 285.000000 373.000000 1.649084 0.588294 0.693402 -2.214145 1.619249 2.754260 -2.108644 0.777703
Cyclist -1 -1 -10 402.000000 171.000000 473.000000 281.000000 1.713485 0.628965 0.730562 -2.727006 1.680610 10.074487 -1.799913 0.394149
Cyclist -1 -1 -10 962.000000 257.000000 1162.000000 371.000000 1.491637 1.641328 3.567099 2.755187 1.772865 5.697489 2.219543 0.144629
Cyclist -1 -1 -10 340.000000 170.000000 481.000000 293.000000 1.711702 0.589010 1.807032 -3.050327 1.552459 10.520533 -1.848882 0.118823
Cyclist -1 -1 -10 -2.000000 135.000000 158.000000 374.000000 1.625595 0.600235 0.656334 -2.211892 1.507418 2.815930 -2.187304 0.027867
Cyclist -1 -1 -10 1071.000000 252.000000 1244.000000 371.000000 1.838527 0.600544 0.690488 1.390358 1.152572 2.386092 2.319658 0.013457
Cyclist -1 -1 -10 419.000000 175.000000 463.000000 252.000000 1.635378 0.589893 0.711114 -3.574702 1.606243 16.412239 -1.763115 0.012878
