Pedestrian -1 -1 -10 1083.000000 126.000000 1217.000000 369.000000 1.679901 0.592519 0.726831 3.762531 1.418367 4.813922 -0.870178 0.990568
Pedestrian -1 -1 -10 976.000000 126.000000 1112.000000 368.000000 1.791025 0.595014 0.786796 3.302631 1.645923 5.137402 1.103332 0.989624
Pedestrian -1 -1 -10 1066.000000 131.000000 1154.000000 359.000000 1.662445 0.601229 0.712769 3.684755 1.449461 4.783498 -0.905809 0.719685
Pedestrian -1 -1 -10 714.000000 163.000000 725.000000 205.000000 1.670369 0.602393 0.714110 4.840241 1.131690 29.525526 -1.373002 0.144156
Pedestrian -1 -1 -10 1066.000000 135.000000 1113.000000 311.000000 1.896450 0.666428 0.854453 1.716364 1.271911 3.225568 2.219678 0.102154
Pedestrian -1 -1 -10 1056.000000 133.000000 1141.000000 253.000000 1.690183 0.588324 0.596778 7.368846 0.596981 9.610034 -0.966929 0.033013
Pedestrian -1 -1 -10 1066.000000 136.000000 1109.000000 221.000000 1.806534 0.606903 0.647486 1.628675 1.242641 3.044995 2.235625 0.025274
Pedestrian -1 -1 -10 1099.000000 132.000000 1156.000000 270.000000 1.678360 0.590234 0.595374 7.376929 0.589124 9.577665 -0.940856 0.020098
Pedestrian -1 -1 -10 1078.000000 131.000000 1201.000000 249.000000 1.698414 0.588499 0.597808 7.424351 0.601388 9.613900 -0.929028 0.014530
Cyclist -1 -1 -10 1050.000000 132.000000 1148.000000 333.000000 1.664719 0.580614 0.717456 3.419125 1.243712 5.009283 -0.928472 0.046746
Cyclist -1 -1 -10 1054.000000 137.000000 1111.000000 288.000000 1.615041 0.595642 0.668869 5.849414 0.939133 8.693554 -0.951776 0.022576
Cyclist -1 -1 -10 692.000000 161.000000 710.000000 207.000000 1.641056 0.587868 0.721388 4.152703 1.086292 29.338157 -1.400466 0.020029
Cyclist -1 -1 -10 1080.000000 125.000000 1220.000000 368.000000 1.689131 0.582115 0.745356 3.794553 1.426649 4.863495 -0.864880 0.018515
