Pedestrian -1 -1 -10 204.000000 157.000000 331.000000 372.000000 1.705039 0.604127 0.767554 -2.379652 1.726237 5.264844 -1.961278 0.994782
Pedestrian -1 -1 -10 552.000000 173.000000 575.000000 233.000000 1.681550 0.605608 0.742267 -1.035040 1.675998 20.584281 -1.580468 0.993078
Pedestrian -1 -1 -10 640.000000 169.000000 693.000000 313.000000 1.691946 0.608542 0.746926 0.842368 1.736236 8.529141 -1.442584 0.969623
Pedestrian -1 -1 -10 904.000000 133.000000 948.000000 258.000000 1.713340 0.595739 0.759654 4.969694 1.241335 11.070443 -1.099807 0.906944
Pedestrian -1 -1 -10 509.000000 173.000000 530.000000 229.000000 1.670604 0.610043 0.721406 -2.550759 1.595309 22.361079 -1.652647 0.812657
Pedestrian -1 -1 -10 488.000000 172.000000 507.000000 230.000000 1.698946 0.607503 0.738597 -3.104426 1.681668 21.888895 -1.671139 0.736482
Pedestrian -1 -1 -10 593.000000 174.000000 611.000000 231.000000 1.682570 0.593512 0.647090 0.117599 1.662951 20.998617 0.541595 0.626603
Pedestrian -1 -1 -10 584.000000 175.000000 600.000000 230.000000 1.728847 0.583578 0.659764 -0.028010 1.654725 21.414620 0.539180 0.584945
Pedestrian -1 -1 -10 949.000000 111.000000 1206.000000 380.000000 1.735173 0.591772 0.670692 2.380445 1.524331 3.874933 1.143506 0.527318
Pedestrian -1 -1 -10 467.000000 170.000000 489.000000 232.000000 1.697854 0.602638 0.716549 -3.765814 1.845337 21.465094 1.872889 0.451190
Pedestrian -1 -1 -10 348.000000 196.000000 381.000000 302.000000 1.669270 0.593847 0.604589 -1.770704 1.741431 6.157133 -1.886235 0.326362
Pedestrian -1 -1 -10 601.000000 176.000000 619.000000 228.000000 1.768761 0.579226 0.693915 0.059344 1.757578 21.401100 0.582313 0.199298
Pedestrian -1 -1 -10 329.000000 197.000000 369.000000 285.000000 1.632019 0.590392 0.614410 -3.941656 1.827611 12.233744 -1.896329 0.191242
Pedestrian -1 -1 -10 579.000000 174.000000 594.000000 221.000000 1.655372 0.605749 0.705725 -0.279318 1.559818 21.639681 -1.560699 0.126251
Pedestrian -1 -1 -10 178.000000 205.000000 256.000000 324.000000 1.628704 0.594713 0.638474 -2.557061 1.637233 5.386606 -2.043503 0.124508
Pedestrian -1 -1 -10 342.000000 192.000000 415.000000 312.000000 1.609215 0.605145 0.590807 -1.680359 1.788241 6.284369 -1.823092 0.069365
Pedestrian -1 -1 -10 646.000000 177.000000 680.000000 218.000000 1.737291 0.647520 0.574872 2.314651 1.238897 25.319804 -1.483642 0.056150
Pedestrian -1 -1 -10 166.000000 210.000000 208.000000 310.000000 1.692788 0.592719 0.602211 -4.261922 1.868268 7.987085 -2.097299 0.039349
Pedestrian -1 -1 -10 353.000000 175.000000 453.000000 368.000000 1.696761 0.583936 0.751586 -1.615632 1.882343 5.995911 0.288499 0.022908
Pedestrian -1 -1 -10 642.000000 173.000000 664.000000 219.000000 1.660104 0.614271 0.543164 2.269752 1.141700 28.234629 -1.498929 0.012874
Pedestrian -1 -1 -10 1064.000000 165.000000 1240.000000 369.000000 1.610459 0.596803 0.598136 2.505995 1.540591 3.552414 2.695650 0.011223
Car -1 -1 -10 1028.000000 142.000000 1233.000000 371.000000 1.435371 1.557676 3.628262 3.109571 1.382118 4.343974 -0.902390 0.046256
Cyclist -1 -1 -10 348.000000 170.000000 453.000000 375.000000 1.701452 0.559150 0.742694 -1.641996 1.818068 5.984969 -1.783229 0.998872
Cyclist -1 -1 -10 907.000000 143.000000 1214.000000 372.000000 1.689384 0.574477 1.703013 2.410735 1.465809 3.692846 -0.961721 0.981074
Cyclist -1 -1 -10 639.000000 167.000000 694.000000 315.000000 1.690557 0.603650 0.757433 0.842592 1.668673 8.561610 -1.452836 0.783968
Cyclist -1 -1 -10 509.000000 173.000000 530.000000 229.000000 1.653135 0.600604 0.732767 -2.539574 1.562078 22.369091 -1.660231 0.530725
Cyclist -1 -1 -10 342.000000 192.000000 415.000000 312.000000 1.623879 0.610831 0.578661 -1.652611 1.727477 6.330313 -1.832878 0.270490
Cyclist -1 -1 -10 623.000000 178.000000 669.000000 248.000000 1.621705 0.651097 0.554869 1.031411 2.037306 16.930032 -1.507085 0.118776
Cyclist -1 -1 -10 350.000000 197.000000 388.000000 296.000000 1.699924 0.693565 0.796620 -3.897638 1.895752 9.199007 -1.914734 0.105757
Cyclist -1 -1 -10 422.000000 191.000000 470.000000 260.000000 1.674075 0.535357 1.718372 -3.409556 1.785417 14.804419 -1.743365 0.056256
Cyclist -1 -1 -10 643.000000 174.000000 673.000000 218.000000 1.447008 1.535900 3.610758 2.195612 0.890269 25.669872 1.644764 0.055589
Cyclist -1 -1 -10 324.000000 197.000000 375.000000 277.000000 1.376739 1.633397 3.819476 -4.278857 1.674979 13.782944 1.211923 0.053115
Cyclist -1 -1 -10 373.000000 184.000000 451.000000 303.000000 1.588739 0.592437 0.669358 -1.529950 1.601162 6.192736 -1.802187 0.035976
Cyclist -1 -1 -10 436.000000 178.000000 482.000000 241.000000 1.687687 0.552777 1.708520 -3.968394 1.976342 18.722648 -1.728920 0.013596
Cyclist -1 -1 -10 1064.000000 165.000000 1240.000000 369.000000 1.648646 0.598010 0.574133 2.557094 1.442392 3.506727 -0.881626 0.012808
