Pedestrian -1 -1 -10 161.000000 164.000000 208.000000 293.000000 1.798896 0.604312 0.644502 -2.144064 1.265240 2.896494 1.102166 0.828142
Pedestrian -1 -1 -10 204.000000 167.000000 238.000000 270.000000 1.815898 0.607716 0.681056 -1.676894 1.202295 2.490140 -2.086337 0.552562
Pedestrian -1 -1 -10 29.000000 154.000000 111.000000 305.000000 1.802978 0.605777 0.650780 -2.750908 1.343032 2.948680 0.993018 0.425553
Pedestrian -1 -1 -10 10.000000 164.000000 142.000000 361.000000 1.829622 0.610250 0.681738 -2.789346 1.394670 2.984745 0.999035 0.271014
Pedestrian -1 -1 -10 149.000000 177.000000 316.000000 269.000000 1.846428 0.617453 0.685628 -1.953959 1.331842 2.861241 1.183025 0.086619
Pedestrian -1 -1 -10 196.000000 179.000000 267.000000 265.000000 1.497609 1.564182 3.644419 -6.637824 1.844571 10.937623 1.105818 0.071655
Pedestrian -1 -1 -10 15.000000 198.000000 271.000000 373.000000 1.859291 0.598235 0.715027 -2.739923 1.462300 3.266207 1.036483 0.043951
Car -1 -1 -10 667.000000 178.000000 774.000000 254.000000 1.432268 1.560423 3.786888 2.450153 1.639863 15.797317 -1.563256 0.999107
Car -1 -1 -10 504.000000 176.000000 551.000000 219.000000 1.514735 1.640817 3.778514 -3.317150 1.665960 29.130499 -1.645427 0.997890
Car -1 -1 -10 635.000000 177.000000 696.000000 219.000000 1.457917 1.569737 3.978490 2.357049 1.684224 28.047909 -1.674317 0.993823
Car -1 -1 -10 20.000000 189.000000 378.000000 373.000000 1.479628 1.572825 3.774689 -3.118977 1.639271 5.024775 1.504126 0.992216
Car -1 -1 -10 7.000000 182.000000 162.000000 374.000000 1.390847 1.610635 3.639968 -2.119254 0.909559 2.598157 -2.219779 0.723702
Car -1 -1 -10 628.000000 177.000000 671.000000 213.000000 1.439093 1.490485 3.542967 1.701156 2.058761 31.551344 -1.516385 0.486005
Car -1 -1 -10 195.000000 185.000000 345.000000 259.000000 1.489294 1.620952 3.884053 -8.798836 1.563464 19.999061 1.086507 0.315231
Car -1 -1 -10 621.000000 174.000000 657.000000 205.000000 1.553590 1.610634 3.609784 1.443211 1.971133 43.994575 -1.494412 0.314534
Car -1 -1 -10 536.000000 179.000000 562.000000 206.000000 1.535967 1.605768 3.793459 -3.745942 1.884746 42.623159 -1.635387 0.214390
Car -1 -1 -10 617.000000 174.000000 642.000000 199.000000 1.528054 1.595408 3.637141 1.253102 1.779813 43.961629 -1.511692 0.047743
Cyclist -1 -1 -10 149.000000 177.000000 316.000000 269.000000 1.477174 1.551939 3.750101 -8.934187 2.030171 15.794889 1.143718 0.180176
Cyclist -1 -1 -10 218.000000 185.000000 299.000000 255.000000 1.695373 0.575746 0.620900 -10.768423 1.712161 21.954290 -2.036411 0.104838
Cyclist -1 -1 -10 196.000000 179.000000 267.000000 265.000000 1.832787 0.595764 0.676195 -1.855755 1.150540 2.661781 1.164863 0.091789
Cyclist -1 -1 -10 12.000000 159.000000 136.000000 354.000000 1.495054 1.613537 3.411790 -4.053550 1.459847 4.331979 1.010474 0.034539
Cyclist -1 -1 -10 153.000000 167.000000 209.000000 326.000000 1.498943 1.578590 3.398513 -3.926407 1.584256 5.108690 1.107184 0.018529
Cyclist -1 -1 -10 15.000000 198.000000 271.000000 373.000000 1.859734 0.581135 0.729509 -1.888949 1.207312 2.323806 1.035600 0.016798
