Pedestrian -1 -1 -10 730.000000 173.000000 751.000000 203.000000 1.674088 0.592560 0.528685 8.244572 2.147299 43.299873 1.242491 0.043571
Car -1 -1 -10 772.000000 178.000000 1026.000000 339.000000 1.482313 1.604349 3.941636 3.584112 1.580137 8.327611 1.476451 0.999802
Car -1 -1 -10 2.000000 201.000000 311.000000 357.000000 1.512011 1.642436 3.793077 -5.898606 1.998989 9.174841 1.541866 0.998946
Car -1 -1 -10 702.000000 183.000000 784.000000 242.000000 1.442062 1.559458 3.839800 3.659356 1.797951 19.089757 1.322057 0.998919
Car -1 -1 -10 259.000000 192.000000 402.000000 274.000000 1.520379 1.575122 3.718958 -5.762328 2.081996 15.005167 1.649766 0.998013
Car -1 -1 -10 406.000000 186.000000 484.000000 235.000000 1.515175 1.573303 3.678494 -5.646671 2.106587 23.881851 1.749419 0.997074
Car -1 -1 -10 934.000000 178.000000 1236.000000 375.000000 1.490534 1.534244 3.813680 3.965421 1.684259 5.485400 1.642245 0.977574
Car -1 -1 -10 487.000000 180.000000 526.000000 208.000000 1.503873 1.555392 3.818569 -6.174205 2.091982 38.356087 1.977551 0.966854
Car -1 -1 -10 674.000000 181.000000 745.000000 226.000000 1.431216 1.504603 3.630182 3.442158 1.958897 24.613819 -1.470482 0.958136
Car -1 -1 -10 659.000000 179.000000 701.000000 213.000000 1.422905 1.575649 3.785178 3.585293 1.702208 32.907306 -1.540670 0.940413
Car -1 -1 -10 181.000000 188.000000 275.000000 232.000000 1.462012 1.572764 3.841179 -14.669486 1.841786 28.910148 1.044705 0.035488
