Pedestrian -1 -1 -10 862.000000 165.000000 923.000000 289.000000 1.688485 0.605631 0.748358 3.816378 1.709656 9.454453 -1.148195 0.982063
Pedestrian -1 -1 -10 455.000000 177.000000 479.000000 251.000000 1.722311 0.597170 0.720713 -3.052520 1.849328 16.034879 1.879070 0.867461
Pedestrian -1 -1 -10 512.000000 180.000000 528.000000 231.000000 1.680470 0.599383 0.728555 -2.625782 1.924521 22.742096 -1.643677 0.566860
Pedestrian -1 -1 -10 219.000000 180.000000 258.000000 302.000000 1.610479 0.590042 0.553310 -3.403721 2.208199 6.994664 -2.021150 0.382219
Pedestrian -1 -1 -10 573.000000 180.000000 588.000000 219.000000 1.640338 0.611180 0.682145 -0.944889 1.744534 31.083856 -1.576731 0.274007
Pedestrian -1 -1 -10 408.000000 166.000000 423.000000 227.000000 1.706904 0.583243 0.710512 -5.126343 1.423052 19.530919 1.777834 0.079100
Pedestrian -1 -1 -10 442.000000 174.000000 466.000000 232.000000 1.636111 0.597847 0.685196 -4.639786 1.549878 21.324367 -1.744975 0.075210
Pedestrian -1 -1 -10 150.000000 192.000000 194.000000 280.000000 1.659985 0.610131 0.635374 -7.130756 1.850571 11.742786 -2.068002 0.074623
Pedestrian -1 -1 -10 612.000000 176.000000 626.000000 219.000000 1.703471 0.607094 0.750571 0.744894 1.726990 31.050691 -1.510179 0.045478
Pedestrian -1 -1 -10 440.000000 172.000000 454.000000 222.000000 1.649376 0.592088 0.612941 -4.869058 1.394765 21.826201 -1.735669 0.040396
Pedestrian -1 -1 -10 650.000000 178.000000 660.000000 208.000000 1.681308 0.587291 0.738466 3.059608 1.777978 41.473469 0.611872 0.018044
Pedestrian -1 -1 -10 398.000000 167.000000 412.000000 220.000000 1.647837 0.593378 0.582322 -5.376464 0.898849 19.717693 -1.830318 0.017606
Pedestrian -1 -1 -10 660.000000 178.000000 670.000000 208.000000 1.664142 0.603986 0.708491 3.820556 1.600539 41.468475 -1.448565 0.016486
Cyclist -1 -1 -10 864.000000 166.000000 925.000000 287.000000 1.684698 0.592729 0.757078 3.801685 1.651476 9.503213 -1.153432 0.013874
Cyclist -1 -1 -10 214.000000 184.000000 279.000000 294.000000 1.679922 0.589112 1.742698 -6.033056 1.716281 11.760320 -2.029208 0.012936
