Pedestrian -1 -1 -10 715.000000 165.000000 735.000000 222.000000 1.714730 0.600218 0.624335 3.877778 1.947615 23.984695 2.231683 0.864459
Pedestrian -1 -1 -10 323.000000 192.000000 340.000000 240.000000 1.642440 0.594514 0.565517 -8.390829 1.900922 22.772557 -1.936035 0.125834
Pedestrian -1 -1 -10 476.000000 181.000000 499.000000 243.000000 1.679379 0.602768 0.731075 -3.451105 2.235317 20.627617 -1.695078 0.068081
Pedestrian -1 -1 -10 158.000000 186.000000 290.000000 373.000000 1.660427 0.606001 0.748525 -3.396714 2.104527 6.639838 -2.015193 0.056900
Pedestrian -1 -1 -10 485.000000 184.000000 497.000000 229.000000 1.629566 0.598166 0.592329 -3.365393 1.781480 20.868009 -1.731954 0.029685
Pedestrian -1 -1 -10 310.000000 189.000000 343.000000 246.000000 1.814446 0.607059 0.667785 -1.926845 1.355776 3.641612 1.262898 0.027523
Car -1 -1 -10 308.000000 197.000000 437.000000 271.000000 1.439137 1.560550 3.689096 -5.524199 2.190790 16.748867 1.307800 0.996643
Car -1 -1 -10 640.000000 183.000000 675.000000 210.000000 1.480549 1.544315 3.790714 2.861152 1.942422 36.597580 1.063972 0.988475
Car -1 -1 -10 488.000000 188.000000 525.000000 221.000000 1.463633 1.578198 3.760578 -5.186450 2.561126 35.330155 1.575370 0.031973
Car -1 -1 -10 302.000000 195.000000 359.000000 260.000000 1.443403 1.651922 3.496528 -2.561250 1.201901 4.815488 1.280988 0.015844
Car -1 -1 -10 390.000000 198.000000 434.000000 240.000000 1.588019 1.585159 3.265815 -4.569909 2.542557 11.699155 1.360138 0.012509
Car -1 -1 -10 249.000000 191.000000 379.000000 346.000000 1.568376 1.569042 3.734392 -3.623611 1.780834 8.142417 -1.940537 0.010863
Cyclist -1 -1 -10 134.000000 193.000000 298.000000 377.000000 1.724246 0.541699 1.735901 -3.386759 2.062830 6.714273 -2.039835 0.999389
Cyclist -1 -1 -10 475.000000 180.000000 501.000000 247.000000 1.664641 0.592671 0.743324 -3.455993 2.192879 20.623954 -1.697931 0.999265
Cyclist -1 -1 -10 240.000000 187.000000 379.000000 369.000000 1.743778 0.620151 0.788935 -3.165349 1.928637 7.143261 -1.941829 0.998839
Cyclist -1 -1 -10 716.000000 166.000000 735.000000 222.000000 1.739519 0.594818 0.784917 3.945642 1.686421 24.303202 -1.409444 0.342935
Cyclist -1 -1 -10 309.000000 197.000000 441.000000 274.000000 1.696731 0.490472 1.667360 -5.093178 2.498278 15.653084 -1.865674 0.247483
Cyclist -1 -1 -10 274.000000 197.000000 401.000000 305.000000 1.619088 0.578144 0.680405 -2.863750 1.835410 7.103580 -1.894665 0.125379
Cyclist -1 -1 -10 322.000000 191.000000 341.000000 253.000000 1.515463 1.584614 3.746113 -6.197679 2.015521 13.244306 1.213399 0.034027
Cyclist -1 -1 -10 302.000000 195.000000 359.000000 260.000000 1.875438 0.594421 0.714094 -1.803109 1.351797 3.333511 1.273054 0.015598
