Car -1 -1 -10 195.000000 198.000000 383.000000 287.000000 1.539374 1.609195 3.733275 -5.975108 2.079769 14.040907 1.606954 0.998682
Car -1 -1 -10 709.000000 175.000000 825.000000 251.000000 1.432808 1.565400 3.864300 3.534953 1.539919 15.847022 -1.507780 0.998645
Car -1 -1 -10 359.000000 190.000000 462.000000 247.000000 1.542913 1.582935 3.742614 -5.834883 2.205037 21.429738 1.716754 0.998474
Car -1 -1 -10 685.000000 176.000000 765.000000 231.000000 1.441995 1.544344 3.803189 3.579644 1.562214 21.128327 -1.539208 0.993454
Car -1 -1 -10 0.000000 211.000000 237.000000 374.000000 1.495362 1.612661 3.629713 -5.911692 2.079267 8.068433 1.504608 0.989671
Car -1 -1 -10 664.000000 179.000000 718.000000 214.000000 1.413880 1.538836 3.850691 3.625878 1.863699 31.373718 1.171779 0.986028
Car -1 -1 -10 423.000000 188.000000 489.000000 231.000000 1.551494 1.587594 3.685065 -5.726810 2.166069 27.772173 1.530181 0.938484
Car -1 -1 -10 1031.000000 134.000000 1243.000000 241.000000 1.452788 1.640901 3.977957 9.110992 0.842199 12.065228 1.742993 0.934225
Car -1 -1 -10 864.000000 154.000000 1060.000000 222.000000 1.449468 1.605468 3.806228 8.843860 1.041665 17.562842 -0.057707 0.857089
Car -1 -1 -10 938.000000 149.000000 1166.000000 227.000000 1.501902 1.630081 3.928545 8.621185 1.038315 15.752784 1.624890 0.844196
Car -1 -1 -10 653.000000 179.000000 694.000000 207.000000 1.417230 1.579397 3.858470 3.550340 1.814618 35.366549 1.139128 0.727958
Car -1 -1 -10 475.000000 184.000000 525.000000 215.000000 1.455717 1.555018 3.767320 -6.018641 2.064975 36.194685 1.874512 0.460751
