Pedestrian -1 -1 -10 639.000000 167.000000 682.000000 289.000000 1.677642 0.602431 0.731104 0.833725 1.648748 10.272876 -1.448576 0.997161
Pedestrian -1 -1 -10 693.000000 167.000000 744.000000 285.000000 1.684237 0.609778 0.746579 1.697097 1.643656 10.433398 -1.369137 0.990794
Pedestrian -1 -1 -10 319.000000 165.000000 373.000000 290.000000 1.672865 0.612326 0.752535 -3.576160 1.661568 10.004704 -1.870214 0.947785
Pedestrian -1 -1 -10 164.000000 171.000000 203.000000 255.000000 1.665876 0.605970 0.634205 -8.314391 1.685502 14.004517 1.507548 0.461115
Pedestrian -1 -1 -10 729.000000 160.000000 751.000000 226.000000 1.620605 0.600357 0.602145 4.460597 1.259719 21.606536 0.748403 0.095874
Pedestrian -1 -1 -10 723.000000 158.000000 742.000000 230.000000 1.617595 0.609409 0.576094 4.352400 1.179261 21.998359 0.752188 0.037562
Car -1 -1 -10 520.000000 167.000000 555.000000 202.000000 1.491935 1.563151 3.606865 -4.288845 1.179578 45.240088 -1.640011 0.015672
Cyclist -1 -1 -10 452.000000 164.000000 505.000000 272.000000 1.717360 0.584987 0.767588 -2.110558 1.691953 12.657822 -1.688118 0.999350
Cyclist -1 -1 -10 532.000000 166.000000 568.000000 235.000000 1.692915 0.575080 0.761932 -1.336649 1.541654 18.598748 -1.586042 0.999142
Cyclist -1 -1 -10 506.000000 169.000000 534.000000 229.000000 1.669073 0.600247 0.746226 -2.551314 1.494822 21.755321 -1.650310 0.995077
Cyclist -1 -1 -10 690.000000 163.000000 744.000000 284.000000 1.663794 0.596190 0.753880 1.720783 1.606985 10.427570 -1.376162 0.772144
Cyclist -1 -1 -10 698.000000 167.000000 782.000000 260.000000 1.611396 0.582491 0.638667 2.760047 1.768468 12.694844 -1.344104 0.146371
Cyclist -1 -1 -10 508.000000 167.000000 556.000000 215.000000 1.614121 0.595200 0.682772 -2.571173 1.299925 21.847482 -1.643060 0.097548
Cyclist -1 -1 -10 718.000000 164.000000 762.000000 246.000000 1.831198 0.596270 0.691962 0.412810 1.804677 6.332730 1.824892 0.091708
Cyclist -1 -1 -10 526.000000 169.000000 562.000000 203.000000 1.640546 0.594115 0.623509 -4.088151 1.319004 43.907446 -1.649901 0.023039
Cyclist -1 -1 -10 728.000000 161.000000 752.000000 224.000000 1.604576 0.604086 0.585284 4.434446 1.151776 21.593197 -1.342787 0.017697
Cyclist -1 -1 -10 685.000000 172.000000 707.000000 224.000000 1.592817 0.578755 0.645367 2.801162 1.285959 22.524848 -1.401514 0.010011
