Pedestrian -1 -1 -10 825.000000 163.000000 833.000000 192.000000 1.661159 0.591642 0.589998 11.550924 1.679396 37.098771 -1.275484 0.017942
Car -1 -1 -10 782.000000 180.000000 1210.000000 375.000000 1.482189 1.621244 3.881893 8.299258 2.054714 16.519830 -1.202075 0.999389
Car -1 -1 -10 610.000000 180.000000 692.000000 237.000000 1.476053 1.579104 3.836119 1.372486 1.698770 21.425286 -1.611635 0.998780
Car -1 -1 -10 738.000000 171.000000 822.000000 203.000000 1.546903 1.647772 3.819577 8.348251 1.437548 35.754000 -0.705407 0.993260
Car -1 -1 -10 672.000000 173.000000 767.000000 208.000000 1.516662 1.670217 4.093520 5.513938 1.642251 34.332535 -2.577791 0.992446
Car -1 -1 -10 550.000000 175.000000 626.000000 209.000000 1.506366 1.694768 3.956101 -1.412319 1.824199 36.574547 -0.580603 0.985613
Car -1 -1 -10 798.000000 173.000000 867.000000 200.000000 1.566184 1.610962 3.853392 12.021823 1.516175 38.948543 -0.701602 0.820559
Car -1 -1 -10 902.000000 174.000000 1143.000000 250.000000 1.446316 1.555918 3.670474 17.152566 2.006299 31.097726 2.101478 0.065170
Car -1 -1 -10 940.000000 173.000000 1088.000000 230.000000 1.479155 1.570728 3.774690 18.356792 1.612005 33.670099 -1.069145 0.032540
Car -1 -1 -10 886.000000 178.000000 1033.000000 240.000000 1.417932 1.478580 3.611940 18.148158 1.897745 36.504445 -1.696621 0.016385
Car -1 -1 -10 660.000000 175.000000 714.000000 202.000000 1.520117 1.623744 3.654764 4.343585 1.586376 40.182955 -1.434794 0.012821
Car -1 -1 -10 819.000000 168.000000 894.000000 198.000000 1.470099 1.634930 3.776428 13.322858 1.389360 39.873584 2.509251 0.010145
Cyclist -1 -1 -10 907.000000 173.000000 1137.000000 249.000000 1.678262 0.578890 0.606449 16.823297 2.295106 29.912380 -1.060565 0.104695
Cyclist -1 -1 -10 865.000000 169.000000 911.000000 223.000000 1.634736 0.582735 0.626117 11.902817 1.471850 28.990418 -1.198556 0.032658
Cyclist -1 -1 -10 948.000000 174.000000 1061.000000 237.000000 1.470635 1.556044 3.798916 16.611972 2.014299 30.968055 2.100665 0.025772
Cyclist -1 -1 -10 871.000000 180.000000 988.000000 223.000000 1.803764 0.585159 0.650463 0.917151 1.141473 2.988781 2.046962 0.019681
Cyclist -1 -1 -10 904.000000 181.000000 1025.000000 262.000000 1.709968 0.462112 1.548744 17.040846 1.782379 33.454559 -1.125839 0.012394
Cyclist -1 -1 -10 794.000000 180.000000 1197.000000 329.000000 1.446934 1.622230 3.878474 2.863469 1.455923 5.451507 -1.591768 0.010745
