Pedestrian -1 -1 -10 812.000000 173.000000 820.000000 215.000000 1.651918 0.598133 0.621474 12.647373 1.764191 43.466661 -1.289320 0.022988
Car -1 -1 -10 461.000000 185.000000 529.000000 230.000000 1.513414 1.586085 3.776210 -4.265413 2.121777 25.828508 1.807659 0.999275
Car -1 -1 -10 746.000000 181.000000 882.000000 263.000000 1.453936 1.571891 3.974496 4.503144 1.707419 15.467552 -1.453425 0.996468
Car -1 -1 -10 802.000000 192.000000 1057.000000 326.000000 1.453069 1.588799 4.076301 4.300358 1.745791 8.898744 1.451734 0.994114
Car -1 -1 -10 721.000000 183.000000 798.000000 240.000000 1.414758 1.522658 3.747633 4.575751 1.811507 20.785418 -1.474991 0.991102
Car -1 -1 -10 704.000000 181.000000 759.000000 225.000000 1.408393 1.557215 3.733891 4.834885 1.796185 26.288955 -1.485374 0.988753
Car -1 -1 -10 500.000000 184.000000 550.000000 220.000000 1.460511 1.562820 3.768100 -3.475267 2.529462 31.164074 1.553724 0.966812
Car -1 -1 -10 688.000000 180.000000 735.000000 216.000000 1.408045 1.569101 3.607221 4.685522 1.829162 31.994420 -1.428177 0.951665
Car -1 -1 -10 954.000000 172.000000 1241.000000 373.000000 1.440471 1.555561 3.823024 4.402175 1.692808 4.790463 -0.298090 0.660520
Car -1 -1 -10 523.000000 185.000000 564.000000 213.000000 1.455559 1.587106 3.699461 -3.393487 2.242314 36.561194 1.594272 0.352564
