Car -1 -1 -10 610.000000 176.000000 687.000000 248.000000 1.492433 1.662762 3.800752 1.108324 1.399183 17.973201 -1.503340 0.999324
Car -1 -1 -10 -2.000000 187.000000 340.000000 376.000000 1.547699 1.645762 3.743360 -4.522229 1.678923 6.810394 -1.587077 0.990705
Car -1 -1 -10 669.000000 182.000000 704.000000 207.000000 1.516051 1.608358 3.761997 4.513899 1.189383 42.605593 -1.421520 0.964787
Car -1 -1 -10 486.000000 174.000000 531.000000 206.000000 1.459449 1.600726 3.689207 -4.911469 1.319579 38.422041 -1.624407 0.301353
Car -1 -1 -10 192.000000 191.000000 306.000000 239.000000 1.494597 1.582570 3.774027 -11.830283 1.236131 24.203632 1.640111 0.179634
Car -1 -1 -10 0.000000 193.000000 148.000000 346.000000 1.512842 1.618480 3.763058 -4.494083 1.375200 6.324156 -2.197034 0.075325
Car -1 -1 -10 0.000000 192.000000 131.000000 261.000000 1.525647 1.691813 3.826784 -12.533415 1.465228 16.270927 1.465115 0.067200
Car -1 -1 -10 137.000000 185.000000 332.000000 273.000000 1.521023 1.613554 3.827684 -8.480052 1.150545 16.355278 1.621395 0.039825
Car -1 -1 -10 441.000000 175.000000 528.000000 212.000000 1.464597 1.563425 3.666486 -4.844949 1.446127 37.247224 -1.674063 0.017768
Car -1 -1 -10 266.000000 191.000000 330.000000 226.000000 1.462516 1.625168 3.680464 -16.587722 1.593927 38.562217 -1.972721 0.011442
Car -1 -1 -10 649.000000 180.000000 694.000000 208.000000 1.506039 1.614572 3.772783 4.420972 1.200264 42.613641 -1.458532 0.010903
