Pedestrian -1 -1 -10 949.000000 160.000000 999.000000 282.000000 1.670379 0.605455 0.736531 5.124097 1.610227 9.596827 -1.050553 0.997894
Pedestrian -1 -1 -10 788.000000 156.000000 875.000000 366.000000 1.694955 0.587147 0.754455 1.851633 1.711138 5.960438 0.855218 0.997052
Pedestrian -1 -1 -10 217.000000 163.000000 309.000000 364.000000 1.688217 0.607978 0.747742 -3.098473 1.715404 6.563187 -1.972682 0.996539
Pedestrian -1 -1 -10 726.000000 162.000000 801.000000 368.000000 1.683291 0.604349 0.727595 1.328452 1.667958 5.924903 -1.312780 0.995099
Pedestrian -1 -1 -10 837.000000 161.000000 861.000000 220.000000 1.600252 0.610048 0.556639 8.261905 0.967225 23.760968 -1.203441 0.474458
Pedestrian -1 -1 -10 879.000000 160.000000 898.000000 214.000000 1.690649 0.577758 0.609596 8.445514 1.129917 21.161374 2.428234 0.336530
Pedestrian -1 -1 -10 485.000000 178.000000 503.000000 221.000000 1.681990 0.584692 0.710918 -4.186029 1.808895 28.647240 -1.668261 0.237560
Pedestrian -1 -1 -10 772.000000 169.000000 802.000000 262.000000 1.519643 1.515832 3.709235 3.051132 1.716945 15.260598 1.856836 0.141325
Pedestrian -1 -1 -10 495.000000 175.000000 513.000000 220.000000 1.705408 0.575458 0.730958 -3.935751 1.779230 28.941141 0.422070 0.109332
Pedestrian -1 -1 -10 827.000000 170.000000 871.000000 232.000000 1.651410 0.651260 0.589856 8.002016 1.444324 22.158156 1.357157 0.065658
Pedestrian -1 -1 -10 739.000000 167.000000 778.000000 240.000000 1.796628 0.602152 0.634992 0.292631 1.150385 2.904569 1.850808 0.045097
Pedestrian -1 -1 -10 728.000000 176.000000 745.000000 219.000000 1.636163 0.604270 0.513709 5.538320 1.790209 29.203469 2.230276 0.020326
Pedestrian -1 -1 -10 782.000000 164.000000 848.000000 271.000000 1.769333 0.583993 0.613010 4.435082 1.582740 12.816667 -1.292091 0.019025
Pedestrian -1 -1 -10 848.000000 174.000000 873.000000 226.000000 1.648395 0.641910 0.603266 8.077925 1.400730 22.020827 1.373381 0.016973
Car -1 -1 -10 548.000000 169.000000 599.000000 214.000000 1.608862 1.635183 3.741041 -1.192184 1.230215 34.936106 -1.489847 0.119816
Cyclist -1 -1 -10 410.000000 172.000000 467.000000 251.000000 1.664231 0.598282 1.758773 -4.017568 1.654345 16.259406 0.878594 0.996550
Cyclist -1 -1 -10 998.000000 224.000000 1157.000000 371.000000 1.624426 0.579919 0.613138 2.243018 1.850788 3.598663 -0.978810 0.873440
Cyclist -1 -1 -10 730.000000 166.000000 771.000000 237.000000 1.539086 1.501099 3.600128 2.695384 1.523207 16.033570 -1.530900 0.055430
Cyclist -1 -1 -10 728.000000 164.000000 798.000000 359.000000 1.667012 0.590202 0.739051 1.345513 1.623222 5.931997 -1.318089 0.033426
Cyclist -1 -1 -10 728.000000 174.000000 749.000000 223.000000 1.688383 0.583722 0.633359 5.203180 1.653146 28.190076 -1.394483 0.032595
Cyclist -1 -1 -10 832.000000 166.000000 868.000000 224.000000 1.723093 0.443881 1.558493 8.128061 1.113948 23.273209 -1.231465 0.019863
Cyclist -1 -1 -10 790.000000 160.000000 890.000000 365.000000 1.676831 0.570207 0.760972 1.850256 1.641492 5.987169 -1.207037 0.018713
