Car -1 -1 -10 338.000000 192.000000 500.000000 294.000000 1.567258 1.609357 3.741230 -3.140504 1.830671 12.175404 -1.360990 0.999737
Car -1 -1 -10 633.000000 183.000000 682.000000 222.000000 1.426511 1.596038 3.762182 2.056807 1.950125 29.136972 1.558932 0.999696
Car -1 -1 -10 538.000000 174.000000 572.000000 203.000000 1.500455 1.613036 3.838797 -3.664655 1.858899 47.759388 -1.610686 0.999640
Car -1 -1 -10 0.000000 173.000000 351.000000 376.000000 1.518871 1.574558 3.711286 -2.979321 1.662632 4.228393 1.581637 0.989830
Car -1 -1 -10 630.000000 175.000000 654.000000 204.000000 1.514938 1.690697 3.666362 2.313844 1.991431 46.254252 -1.499382 0.824520
Car -1 -1 -10 464.000000 177.000000 529.000000 203.000000 1.413119 1.545236 3.712477 -6.291258 2.076355 42.804326 1.989024 0.235530
Car -1 -1 -10 6.000000 170.000000 185.000000 258.000000 1.476066 1.648814 3.548495 -3.177703 1.102720 3.521476 1.060219 0.021225
Cyclist -1 -1 -10 0.000000 170.000000 187.000000 262.000000 1.693694 0.701184 0.778378 -5.733187 1.644820 6.695100 -2.234567 0.019484
Cyclist -1 -1 -10 144.000000 183.000000 248.000000 238.000000 1.621025 0.591755 0.597503 -13.474591 1.737400 23.985098 -2.094467 0.012978
Cyclist -1 -1 -10 -4.000000 174.000000 369.000000 369.000000 1.516653 1.560392 3.689574 -2.851313 1.737257 3.896179 1.614059 0.010924
