Pedestrian -1 -1 -10 674.000000 167.000000 760.000000 234.000000 1.763305 0.716896 0.728591 2.790540 1.673725 17.981412 -1.482658 0.015953
Car -1 -1 -10 447.000000 167.000000 518.000000 215.000000 1.487259 1.590789 3.729941 -4.221423 1.299442 24.100189 1.522572 0.996989
Car -1 -1 -10 723.000000 174.000000 891.000000 285.000000 1.451225 1.572355 3.933431 3.394733 1.541653 11.995885 -1.449009 0.996760
Car -1 -1 -10 790.000000 184.000000 1182.000000 374.000000 1.466890 1.601321 3.961039 3.388765 1.562928 6.482508 1.541981 0.996231
Car -1 -1 -10 151.000000 170.000000 414.000000 362.000000 1.480288 1.558248 3.805968 -3.552033 1.660126 6.830120 1.715304 0.995604
Car -1 -1 -10 646.000000 166.000000 719.000000 219.000000 1.426591 1.575380 3.921706 2.754251 1.380953 22.654717 -1.610524 0.995033
Car -1 -1 -10 675.000000 167.000000 757.000000 233.000000 1.471028 1.563598 3.847493 3.025235 1.479273 18.866731 -1.542737 0.993329
Car -1 -1 -10 630.000000 166.000000 683.000000 204.000000 1.432727 1.532455 3.704559 2.167864 1.034272 29.539120 1.507687 0.955689
Car -1 -1 -10 481.000000 166.000000 524.000000 204.000000 1.478177 1.583736 3.697396 -4.157929 1.238434 30.549830 -1.681560 0.580578
Car -1 -1 -10 6.000000 139.000000 264.000000 372.000000 1.517183 1.608780 3.667631 -2.793292 1.403275 3.748031 1.587842 0.487088
Car -1 -1 -10 627.000000 165.000000 661.000000 196.000000 1.459978 1.568830 4.049240 2.204617 1.335965 38.867885 1.145027 0.124727
Car -1 -1 -10 503.000000 167.000000 534.000000 193.000000 1.473720 1.563968 3.637688 -4.922018 1.652152 39.601381 -1.648320 0.105705
