Pedestrian -1 -1 -10 721.000000 162.000000 732.000000 202.000000 1.665604 0.609121 0.647807 5.814615 1.177194 36.786948 -1.381783 0.074324
Car -1 -1 -10 258.000000 187.000000 419.000000 268.000000 1.539596 1.619648 3.784525 -5.821432 1.994405 15.566561 1.720072 0.999621
Car -1 -1 -10 761.000000 179.000000 978.000000 308.000000 1.458140 1.596352 3.911424 3.643744 1.616857 10.083267 1.439716 0.999476
Car -1 -1 -10 707.000000 177.000000 824.000000 254.000000 1.428805 1.558723 3.890446 3.647888 1.633499 15.779096 -1.492216 0.996460
Car -1 -1 -10 673.000000 175.000000 740.000000 222.000000 1.430259 1.555377 3.785489 3.498109 1.508272 24.402724 -1.543859 0.983817
Car -1 -1 -10 0.000000 208.000000 188.000000 373.000000 1.481071 1.606340 3.706126 -5.867068 1.973123 7.213825 -2.169614 0.954718
Car -1 -1 -10 446.000000 177.000000 501.000000 216.000000 1.486869 1.541208 3.719581 -5.621655 1.858804 30.626676 1.562094 0.938959
Car -1 -1 -10 661.000000 174.000000 716.000000 213.000000 1.418784 1.560218 3.727795 3.444392 1.618304 29.401637 -1.482923 0.698627
Car -1 -1 -10 -3.000000 188.000000 112.000000 300.000000 1.534554 1.641435 3.658116 -8.581023 1.912692 9.765285 0.949724 0.480098
Car -1 -1 -10 469.000000 178.000000 514.000000 212.000000 1.482749 1.561389 3.698736 -6.014245 1.826800 33.055467 -1.682913 0.446973
