Car -1 -1 -10 739.000000 182.000000 901.000000 242.000000 1.479658 1.663042 4.009967 5.646478 1.751207 19.919728 -0.233791 0.998985
Car -1 -1 -10 636.000000 181.000000 675.000000 213.000000 1.436201 1.585550 3.807714 2.091821 1.991022 33.701123 -1.550396 0.998812
Car -1 -1 -10 -3.000000 186.000000 350.000000 326.000000 1.497429 1.655691 3.977554 -5.793735 1.766205 9.045425 0.394687 0.996928
Car -1 -1 -10 924.000000 181.000000 1200.000000 312.000000 1.462814 1.640628 4.055133 5.911022 1.594635 8.727318 1.567504 0.989554
Car -1 -1 -10 1019.000000 193.000000 1238.000000 357.000000 1.491090 1.635595 3.841573 6.197698 1.668155 8.131530 -0.921130 0.988978
Car -1 -1 -10 174.000000 177.000000 406.000000 258.000000 1.613582 1.596309 3.957282 -6.000718 1.584207 15.021391 -1.486783 0.961323
Car -1 -1 -10 357.000000 179.000000 494.000000 223.000000 1.477256 1.570268 4.105939 -6.883009 1.617430 28.818065 -2.984808 0.954923
Car -1 -1 -10 270.000000 183.000000 434.000000 243.000000 1.460851 1.601629 3.739382 -5.778353 1.744272 17.789919 1.778432 0.818238
Car -1 -1 -10 412.000000 179.000000 507.000000 215.000000 1.497072 1.620965 4.053844 -7.415096 1.384070 35.714445 1.837064 0.172170
Car -1 -1 -10 0.000000 188.000000 161.000000 369.000000 1.474488 1.616625 3.714075 -5.424744 1.858666 5.956679 1.482752 0.133186
Car -1 -1 -10 457.000000 179.000000 530.000000 207.000000 1.518369 1.603052 3.861428 -5.950139 1.753254 36.409366 1.845004 0.115925
