Pedestrian -1 -1 -10 1172.000000 206.000000 1238.000000 376.000000 1.617150 0.594883 0.620820 4.467205 2.160020 5.022951 -0.864744 0.049584
Car -1 -1 -10 631.000000 179.000000 679.000000 218.000000 1.446193 1.570638 3.861052 2.085998 1.727946 30.793064 -1.599098 0.998713
Car -1 -1 -10 44.000000 162.000000 320.000000 290.000000 1.656853 1.660152 4.007042 -6.859089 1.657297 12.208701 -3.260305 0.992611
Car -1 -1 -10 335.000000 179.000000 474.000000 225.000000 1.452647 1.618520 4.065620 -7.338162 1.482867 26.809120 2.363296 0.986690
Car -1 -1 -10 760.000000 172.000000 946.000000 259.000000 1.512764 1.659036 4.126858 4.948266 1.621654 16.544057 1.470418 0.982104
Car -1 -1 -10 963.000000 188.000000 1250.000000 355.000000 1.498130 1.593734 3.908907 5.805483 1.669703 7.966634 -0.959293 0.980082
Car -1 -1 -10 803.000000 184.000000 1072.000000 280.000000 1.455425 1.586446 4.025471 5.679266 1.675117 12.966185 1.451447 0.972067
Car -1 -1 -10 909.000000 187.000000 1173.000000 303.000000 1.472099 1.622818 4.028381 5.571761 1.597921 8.703254 1.626357 0.920889
Car -1 -1 -10 -1.000000 185.000000 159.000000 368.000000 1.505258 1.619917 3.821088 -5.972638 1.606133 7.050104 -2.184335 0.678459
Car -1 -1 -10 616.000000 176.000000 650.000000 202.000000 1.502603 1.617487 3.538297 1.698924 2.127307 45.073835 -1.495748 0.189313
Car -1 -1 -10 1171.000000 209.000000 1239.000000 376.000000 1.525330 1.612878 3.595878 5.080752 1.973300 5.558413 -0.844799 0.158963
Car -1 -1 -10 396.000000 180.000000 492.000000 218.000000 1.458634 1.544547 3.761571 -7.128681 1.525919 30.830977 0.751898 0.071706
Cyclist -1 -1 -10 489.000000 173.000000 521.000000 231.000000 1.637489 0.582099 0.720522 -3.182491 2.022321 22.468118 -1.672998 0.998618
Cyclist -1 -1 -10 494.000000 177.000000 521.000000 203.000000 1.643785 0.583309 0.650074 -5.576957 1.891571 38.064431 -1.697778 0.070021
