Car -1 -1 -10 573.000000 175.000000 611.000000 209.000000 1.519100 1.618751 3.814979 -0.718789 1.104708 35.987065 -1.584144 0.999182
Car -1 -1 -10 296.000000 183.000000 436.000000 270.000000 1.547105 1.622100 3.717407 -4.821075 1.479028 14.265881 -1.413598 0.999130
Car -1 -1 -10 430.000000 183.000000 496.000000 228.000000 1.494788 1.595879 3.756706 -4.855103 1.350933 23.685028 -1.652860 0.998583
Car -1 -1 -10 154.000000 175.000000 278.000000 227.000000 1.550784 1.632536 3.783935 -12.517335 1.220811 22.853664 -1.526965 0.991731
Car -1 -1 -10 264.000000 184.000000 367.000000 237.000000 1.483169 1.605136 3.879979 -8.892065 1.350380 21.552834 -1.912602 0.986865
Car -1 -1 -10 -2.000000 178.000000 231.000000 286.000000 1.616328 1.714082 3.819012 -8.648617 1.492987 12.823835 -1.594517 0.921402
Car -1 -1 -10 -2.000000 196.000000 238.000000 374.000000 1.494556 1.625993 3.808493 -4.321369 1.654844 4.889677 1.593187 0.820666
Car -1 -1 -10 363.000000 178.000000 428.000000 212.000000 1.581414 1.644568 3.806173 -9.536822 1.132463 31.883333 1.799811 0.523286
Car -1 -1 -10 455.000000 179.000000 504.000000 216.000000 1.485397 1.626143 3.745661 -5.655809 1.054291 31.622947 -1.640628 0.120542
Car -1 -1 -10 77.000000 180.000000 253.000000 241.000000 1.502420 1.608029 3.785351 -12.474092 1.313077 21.929047 -2.065843 0.038457
Car -1 -1 -10 2.000000 193.000000 116.000000 355.000000 1.458031 1.596517 3.644364 -4.183086 1.499059 4.977378 -2.192459 0.018057
