Pedestrian -1 -1 -10 572.000000 161.000000 601.000000 263.000000 1.687376 0.605907 0.742186 -0.126164 1.572448 12.416780 -1.548645 0.996478
Pedestrian -1 -1 -10 863.000000 143.000000 925.000000 290.000000 1.683932 0.592399 0.702320 3.683548 1.389720 8.766094 -1.128129 0.994909
Pedestrian -1 -1 -10 459.000000 160.000000 498.000000 262.000000 1.688203 0.608852 0.723145 -2.093742 1.626720 13.002779 0.361402 0.994430
Pedestrian -1 -1 -10 736.000000 144.000000 802.000000 304.000000 1.659014 0.624466 0.737199 1.932393 1.464072 8.404925 0.739993 0.974922
Pedestrian -1 -1 -10 559.000000 165.000000 577.000000 218.000000 1.628473 0.604442 0.685898 -1.032834 1.240309 23.951706 -1.586576 0.628614
Pedestrian -1 -1 -10 534.000000 166.000000 552.000000 214.000000 1.652906 0.601129 0.699987 -1.985420 1.272236 25.652851 -1.615532 0.252963
Pedestrian -1 -1 -10 508.000000 167.000000 541.000000 241.000000 1.693804 0.602650 0.756289 -1.690054 1.605227 16.035524 0.432911 0.166909
Pedestrian -1 -1 -10 295.000000 161.000000 334.000000 296.000000 1.631005 0.598011 0.600939 -2.889432 1.794782 7.771218 -1.942642 0.145857
Pedestrian -1 -1 -10 482.000000 165.000000 504.000000 233.000000 1.769333 0.583993 0.613010 -3.238300 1.023875 20.711754 -1.730991 0.127520
Pedestrian -1 -1 -10 490.000000 166.000000 505.000000 214.000000 1.648794 0.601647 0.708981 -4.112970 1.222383 29.265411 -1.678690 0.049291
Pedestrian -1 -1 -10 384.000000 183.000000 412.000000 258.000000 1.632427 0.582125 0.646740 -4.034223 1.842099 14.048620 1.765943 0.037771
Pedestrian -1 -1 -10 840.000000 157.000000 853.000000 205.000000 1.666525 0.709960 0.694973 2.179276 1.179017 7.773859 1.901238 0.036441
Pedestrian -1 -1 -10 814.000000 149.000000 833.000000 221.000000 1.686156 0.578857 0.673702 5.589278 0.899786 17.609170 0.859796 0.032027
Pedestrian -1 -1 -10 445.000000 175.000000 481.000000 259.000000 1.641031 0.610349 0.665425 -2.146656 1.711911 13.305954 0.354938 0.029609
Pedestrian -1 -1 -10 861.000000 148.000000 896.000000 255.000000 1.630261 0.602602 0.626229 4.507941 1.708962 12.013902 -1.190971 0.028477
Pedestrian -1 -1 -10 581.000000 164.000000 606.000000 234.000000 1.516654 1.565309 3.730456 -0.876893 1.456161 13.109324 1.597021 0.026323
Pedestrian -1 -1 -10 505.000000 164.000000 520.000000 206.000000 1.645519 0.600470 0.691938 -3.558865 1.084597 29.124422 -1.659898 0.026116
Pedestrian -1 -1 -10 354.000000 179.000000 376.000000 260.000000 1.659573 0.604346 0.675106 -4.557047 1.810415 13.399888 0.209515 0.025215
Pedestrian -1 -1 -10 524.000000 167.000000 549.000000 207.000000 1.725914 0.585598 0.597516 -1.873159 0.799649 25.745557 -1.668030 0.020149
Pedestrian -1 -1 -10 865.000000 151.000000 886.000000 224.000000 1.890098 0.646102 0.741648 1.157187 1.538385 4.662504 2.002795 0.014597
Cyclist -1 -1 -10 506.000000 168.000000 542.000000 243.000000 1.700568 0.599063 0.767157 -1.688839 1.566364 16.052364 -1.636967 0.995591
Cyclist -1 -1 -10 723.000000 147.000000 817.000000 303.000000 1.671058 0.638538 0.721522 1.939870 1.519400 8.332990 1.321459 0.708886
Cyclist -1 -1 -10 649.000000 161.000000 687.000000 224.000000 1.673359 0.624496 1.765685 1.468219 1.287208 18.785874 1.182531 0.159568
Cyclist -1 -1 -10 531.000000 165.000000 555.000000 215.000000 1.629415 0.590321 0.707263 -1.969445 1.226629 25.666714 -1.620951 0.059642
Cyclist -1 -1 -10 519.000000 168.000000 546.000000 221.000000 1.630652 0.587811 0.710362 -1.980803 1.209598 25.703574 -1.633628 0.018990
Cyclist -1 -1 -10 486.000000 166.000000 505.000000 221.000000 1.719594 0.596365 0.604953 -3.993868 1.497082 28.754170 -1.718265 0.017420
Cyclist -1 -1 -10 466.000000 163.000000 503.000000 255.000000 1.660672 0.625394 0.732186 -2.086557 1.506348 12.980211 -1.705650 0.011057
