Car -1 -1 -10 635.000000 172.000000 671.000000 201.000000 1.483667 1.579210 3.779891 2.583948 1.644009 40.277202 -1.551558 0.998813
Car -1 -1 -10 780.000000 182.000000 1129.000000 371.000000 1.462681 1.613954 4.015901 3.116307 1.545946 6.503677 1.530964 0.997853
Car -1 -1 -10 207.000000 173.000000 414.000000 253.000000 1.552596 1.594820 3.894682 -5.851629 1.514189 15.250255 1.656681 0.990915
Car -1 -1 -10 -3.000000 168.000000 332.000000 311.000000 1.564626 1.629002 4.032568 -6.104725 1.519527 9.516694 0.412391 0.990519
Car -1 -1 -10 740.000000 176.000000 866.000000 228.000000 1.445724 1.530004 3.914965 5.933271 1.552702 22.668562 1.326723 0.985402
Car -1 -1 -10 290.000000 160.000000 451.000000 234.000000 1.497442 1.542372 3.915166 -6.463624 1.409841 20.098052 1.850563 0.965458
Car -1 -1 -10 783.000000 176.000000 904.000000 243.000000 1.439549 1.654972 4.018648 5.792022 1.531024 17.563649 1.690359 0.963040
Car -1 -1 -10 718.000000 171.000000 821.000000 219.000000 1.504153 1.636495 3.955021 5.104161 1.334049 25.989122 1.367799 0.658816
Car -1 -1 -10 420.000000 172.000000 523.000000 205.000000 1.472230 1.680844 3.922339 -6.346504 1.321609 36.385157 1.987454 0.267308
Car -1 -1 -10 -3.000000 176.000000 188.000000 368.000000 1.472472 1.614329 3.777582 -5.501771 1.692023 6.529254 1.405854 0.246126
Car -1 -1 -10 804.000000 175.000000 979.000000 255.000000 1.469328 1.607632 4.032300 5.707746 1.447450 15.630149 1.451420 0.212804
Car -1 -1 -10 830.000000 168.000000 1149.000000 289.000000 1.584839 1.687883 4.197785 6.390698 1.452193 12.095575 -2.252383 0.195059
Cyclist -1 -1 -10 541.000000 169.000000 559.000000 203.000000 1.640569 0.583247 0.715099 -2.818204 1.686342 36.193029 -1.617539 0.340125
