Pedestrian -1 -1 -10 814.000000 173.000000 822.000000 218.000000 1.646977 0.592057 0.616194 12.573839 1.739394 42.450294 -1.286208 0.045713
Pedestrian -1 -1 -10 804.000000 175.000000 817.000000 224.000000 1.752787 0.584242 0.611346 12.787669 2.175882 44.458394 -1.312017 0.037331
Pedestrian -1 -1 -10 798.000000 177.000000 812.000000 226.000000 1.823982 0.676751 0.876062 1.458355 2.007033 8.375706 1.855249 0.022000
Pedestrian -1 -1 -10 793.000000 177.000000 808.000000 225.000000 1.553487 1.243303 3.387367 4.310275 3.305775 21.198243 1.736243 0.019706
Pedestrian -1 -1 -10 787.000000 177.000000 802.000000 227.000000 1.822469 0.679981 0.881304 1.394832 2.102629 8.732587 1.846311 0.012529
Car -1 -1 -10 451.000000 185.000000 525.000000 233.000000 1.484492 1.569624 3.812261 -4.180961 2.020686 24.826966 1.819454 0.999140
Car -1 -1 -10 755.000000 182.000000 887.000000 269.000000 1.475712 1.573488 3.964823 4.421420 1.712506 14.488001 -1.452516 0.995736
Car -1 -1 -10 815.000000 193.000000 1101.000000 348.000000 1.456526 1.579101 4.010919 4.285721 1.699262 8.016319 1.477628 0.994821
Car -1 -1 -10 726.000000 183.000000 810.000000 243.000000 1.428309 1.539254 3.810931 4.640834 1.823203 19.446982 -1.451781 0.994011
Car -1 -1 -10 707.000000 181.000000 767.000000 227.000000 1.398659 1.568582 3.753766 4.718666 1.828653 25.337305 -1.478930 0.990740
Car -1 -1 -10 494.000000 184.000000 546.000000 221.000000 1.505458 1.551079 3.746611 -3.740433 2.209516 31.294233 1.562738 0.971757
Car -1 -1 -10 690.000000 180.000000 740.000000 217.000000 1.423601 1.539026 3.726659 4.838641 1.838532 30.390616 -1.470089 0.927152
Car -1 -1 -10 1006.000000 197.000000 1238.000000 371.000000 1.468002 1.575091 3.678219 4.060065 1.716688 3.665380 1.566173 0.638578
Car -1 -1 -10 519.000000 185.000000 560.000000 214.000000 1.479305 1.558723 3.696945 -3.695040 2.119945 35.323102 1.605153 0.262170
Car -1 -1 -10 1124.000000 175.000000 1220.000000 230.000000 1.561795 1.682595 3.823291 18.028809 1.997355 22.218308 2.200976 0.090220
Car -1 -1 -10 686.000000 179.000000 721.000000 208.000000 1.488563 1.487483 3.376003 4.358137 2.022052 33.124184 -1.432549 0.081874
Cyclist -1 -1 -10 968.000000 179.000000 1056.000000 238.000000 1.445789 1.555466 3.645277 12.317247 1.728722 21.015944 1.505692 0.036334
