Car -1 -1 -10 686.000000 183.000000 807.000000 265.000000 1.477811 1.583978 3.909824 2.948920 1.619551 14.842879 -1.533744 0.999377
Car -1 -1 -10 -8.000000 191.000000 309.000000 302.000000 1.512622 1.578008 3.817613 -5.808789 1.643261 9.335712 1.511298 0.996256
Car -1 -1 -10 273.000000 184.000000 470.000000 244.000000 1.543046 1.559532 4.047742 -5.991505 1.740983 19.767370 -3.002403 0.996137
Car -1 -1 -10 664.000000 180.000000 725.000000 220.000000 1.413758 1.537845 3.777830 3.291907 1.714091 26.220574 -1.563215 0.993148
Car -1 -1 -10 824.000000 202.000000 1256.000000 375.000000 1.450521 1.619478 3.991818 3.338472 1.670823 5.091720 1.529555 0.957556
Car -1 -1 -10 643.000000 171.000000 678.000000 199.000000 1.549793 1.624911 3.770150 3.405480 1.494012 45.057052 -1.496073 0.947076
Car -1 -1 -10 113.000000 184.000000 367.000000 276.000000 1.519597 1.576362 3.939906 -6.264814 1.695955 12.213808 -3.105181 0.923530
Car -1 -1 -10 4.000000 195.000000 159.000000 353.000000 1.450564 1.574152 3.664688 -5.702186 1.771665 7.117215 1.446155 0.699016
Car -1 -1 -10 359.000000 173.000000 465.000000 224.000000 1.487642 1.618679 3.909033 -6.087770 1.389805 21.940233 1.770176 0.345163
Car -1 -1 -10 422.000000 179.000000 511.000000 217.000000 1.542865 1.599150 3.792426 -5.217478 1.602055 30.124376 -1.701609 0.038490
Car -1 -1 -10 478.000000 176.000000 542.000000 203.000000 1.457339 1.487661 3.578283 -4.667935 1.609545 38.549756 1.466430 0.037034
