Car -1 -1 -10 631.000000 179.000000 678.000000 217.000000 1.440936 1.576882 3.895272 2.196720 1.755497 31.689648 -1.588813 0.998480
Car -1 -1 -10 94.000000 162.000000 350.000000 278.000000 1.638872 1.636566 3.957225 -6.806996 1.628249 13.302967 -3.216959 0.993664
Car -1 -1 -10 923.000000 188.000000 1254.000000 340.000000 1.467106 1.595988 3.863085 5.736139 1.668034 7.943676 1.526192 0.983937
Car -1 -1 -10 789.000000 185.000000 1051.000000 276.000000 1.427959 1.598070 4.050943 5.774152 1.746712 13.521904 -0.087094 0.982696
Car -1 -1 -10 750.000000 173.000000 928.000000 255.000000 1.500871 1.640705 4.085678 5.020111 1.642817 17.396923 1.456891 0.980856
Car -1 -1 -10 0.000000 182.000000 210.000000 361.000000 1.509931 1.605008 3.643702 -5.652277 1.663682 7.111729 1.516634 0.974042
Car -1 -1 -10 363.000000 179.000000 483.000000 221.000000 1.484447 1.573751 4.174456 -7.331891 1.522044 30.241602 0.690477 0.973590
Car -1 -1 -10 884.000000 185.000000 1118.000000 294.000000 1.449426 1.642855 4.118962 5.668324 1.541527 10.193152 1.654691 0.682358
Car -1 -1 -10 1080.000000 194.000000 1242.000000 360.000000 1.476654 1.609951 3.715844 5.614694 1.688316 5.635565 -0.866551 0.590546
Car -1 -1 -10 616.000000 176.000000 651.000000 202.000000 1.523876 1.631554 3.654952 1.658410 2.290889 46.223067 -1.513050 0.107988
Car -1 -1 -10 1.000000 192.000000 89.000000 372.000000 1.465098 1.609970 3.682993 -5.403624 1.895837 6.004524 -2.167839 0.028105
Cyclist -1 -1 -10 497.000000 174.000000 525.000000 230.000000 1.644756 0.586032 0.720194 -3.158789 2.053824 23.783302 -1.666777 0.979358
Cyclist -1 -1 -10 480.000000 176.000000 526.000000 209.000000 1.634262 0.584034 0.648389 -5.058559 2.065778 28.470374 -1.695897 0.024431
