Pedestrian -1 -1 -10 737.000000 155.000000 779.000000 256.000000 1.705764 0.609041 0.754880 2.800145 1.475837 12.115884 -1.312419 0.997058
Pedestrian -1 -1 -10 57.000000 186.000000 115.000000 326.000000 1.610821 0.594916 0.567811 -7.413659 1.509644 10.661916 -2.173032 0.893203
Pedestrian -1 -1 -10 552.000000 169.000000 569.000000 222.000000 1.680619 0.611078 0.716801 -1.448786 1.536509 25.372006 2.006250 0.136476
Pedestrian -1 -1 -10 535.000000 170.000000 552.000000 222.000000 1.655120 0.600847 0.711691 -2.045820 1.555705 25.550664 -1.614875 0.129633
Pedestrian -1 -1 -10 1080.000000 40.000000 1146.000000 231.000000 1.875435 0.631203 0.711224 1.271543 1.045985 2.436266 2.258031 0.101033
Pedestrian -1 -1 -10 729.000000 165.000000 763.000000 240.000000 1.619612 0.590745 0.561605 3.361915 1.289170 15.473309 0.756985 0.071078
Pedestrian -1 -1 -10 495.000000 172.000000 503.000000 203.000000 1.647247 0.609545 0.704476 -5.819047 1.442662 41.590931 -1.683633 0.027799
Car -1 -1 -10 2.000000 194.000000 345.000000 372.000000 1.545245 1.631796 3.762706 -4.113512 1.702582 7.001999 1.507789 0.998747
Car -1 -1 -10 34.000000 192.000000 129.000000 326.000000 1.466341 1.561179 3.724961 -8.031558 1.678666 11.339303 -2.210923 0.023123
Cyclist -1 -1 -10 1.000000 209.000000 48.000000 305.000000 1.707983 0.576406 0.606697 -4.278792 1.963610 5.638555 -2.255745 0.012578
