Pedestrian -1 -1 -10 637.000000 167.000000 654.000000 200.000000 1.637210 0.630517 0.670413 2.044689 1.776949 40.130159 -1.489445 0.210131
Pedestrian -1 -1 -10 630.000000 170.000000 641.000000 201.000000 1.679332 0.601497 0.703260 1.380798 1.753883 41.450672 -1.497508 0.191386
Pedestrian -1 -1 -10 624.000000 170.000000 636.000000 200.000000 1.610216 0.618828 0.604276 1.373839 1.826064 41.566302 -1.498868 0.020188
Car -1 -1 -10 516.000000 176.000000 556.000000 211.000000 1.526382 1.601899 3.729675 -3.312487 1.641246 33.706955 -1.580929 0.998122
Car -1 -1 -10 579.000000 174.000000 606.000000 200.000000 1.562181 1.612854 3.872388 -1.140876 1.678072 46.722009 -1.599782 0.997911
Car -1 -1 -10 403.000000 184.000000 447.000000 210.000000 1.517047 1.662584 3.851873 -10.243582 2.379405 40.954678 1.251890 0.975467
Car -1 -1 -10 53.000000 167.000000 264.000000 268.000000 1.652130 1.580109 3.829501 -9.730870 1.855920 16.069355 -1.581379 0.813069
Car -1 -1 -10 427.000000 181.000000 465.000000 207.000000 1.423072 1.569834 3.764054 -8.240382 2.290027 38.249623 1.246474 0.015072
Cyclist -1 -1 -10 633.000000 168.000000 655.000000 201.000000 1.727054 0.559348 1.722874 2.085008 1.767490 40.093006 -1.508425 0.602735
Cyclist -1 -1 -10 629.000000 169.000000 645.000000 200.000000 1.607754 0.622549 0.626072 2.010448 1.646095 40.424863 1.036095 0.072088
Cyclist -1 -1 -10 642.000000 167.000000 653.000000 197.000000 1.628376 0.597452 0.705014 2.035811 1.601534 39.828291 -1.500283 0.013231
