Pedestrian -1 -1 -10 581.000000 170.000000 602.000000 224.000000 1.679031 0.598666 0.714707 -0.506185 1.909285 22.179113 -1.547380 0.012910
Car -1 -1 -10 461.000000 173.000000 543.000000 239.000000 1.567942 1.615593 3.703087 -2.946842 1.646015 20.738302 1.554913 0.999534
Car -1 -1 -10 741.000000 182.000000 935.000000 343.000000 1.462855 1.587575 3.900027 2.806349 1.711330 8.596687 -1.332505 0.999257
Car -1 -1 -10 128.000000 171.000000 374.000000 253.000000 1.521518 1.593534 4.063475 -6.998865 1.411739 14.837167 -3.148599 0.997176
Car -1 -1 -10 518.000000 177.000000 569.000000 220.000000 1.513171 1.631053 3.671300 -2.743012 1.863619 27.914037 -1.555514 0.996968
Car -1 -1 -10 696.000000 186.000000 819.000000 279.000000 1.455347 1.578989 3.927895 3.020462 1.774771 12.863322 -1.442709 0.996801
Car -1 -1 -10 822.000000 185.000000 905.000000 219.000000 1.492460 1.640412 3.601041 10.135480 1.506846 30.476552 1.917443 0.011288
Car -1 -1 -10 774.000000 182.000000 917.000000 253.000000 1.462271 1.664400 3.679652 5.270444 1.290886 17.088344 1.858967 0.010624
Cyclist -1 -1 -10 579.000000 168.000000 603.000000 228.000000 1.669192 0.591973 0.725697 -0.489360 1.868253 22.185698 -1.555036 0.998618
Cyclist -1 -1 -10 574.000000 170.000000 598.000000 200.000000 1.525115 1.580084 3.661067 -1.503978 2.076464 13.567912 1.536385 0.079764
