Pedestrian -1 -1 -10 824.000000 159.000000 863.000000 266.000000 1.732482 0.598797 0.631275 3.991546 1.422653 11.742462 2.385641 0.991649
Pedestrian -1 -1 -10 552.000000 152.000000 561.000000 184.000000 1.620759 0.626337 0.713421 -2.524721 0.277132 44.103770 -1.611120 0.099736
Pedestrian -1 -1 -10 610.000000 153.000000 619.000000 179.000000 1.673027 0.602427 0.604654 1.213566 0.029065 50.014249 0.579448 0.077406
Pedestrian -1 -1 -10 532.000000 152.000000 543.000000 187.000000 1.712788 0.627675 0.736146 -3.545551 0.595742 40.718709 -1.608247 0.060465
Pedestrian -1 -1 -10 952.000000 147.000000 992.000000 271.000000 1.646610 0.600608 0.707537 5.702262 1.235093 10.438808 1.027188 0.029317
Pedestrian -1 -1 -10 819.000000 169.000000 843.000000 259.000000 1.691225 0.608438 0.638697 4.926013 1.478745 14.114893 0.867423 0.026240
Pedestrian -1 -1 -10 614.000000 152.000000 622.000000 179.000000 1.668520 0.607255 0.662492 1.284079 -0.014149 49.463356 -1.490094 0.021943
Pedestrian -1 -1 -10 941.000000 149.000000 974.000000 265.000000 1.616019 0.596857 0.667096 5.675595 1.158629 10.839312 1.016073 0.019780
Pedestrian -1 -1 -10 890.000000 147.000000 927.000000 230.000000 1.667003 0.637579 0.626483 7.165378 1.319567 16.356930 1.415502 0.018998
Pedestrian -1 -1 -10 841.000000 162.000000 865.000000 251.000000 1.648587 0.602471 0.572126 4.681066 0.882251 12.882684 -1.238392 0.013993
Pedestrian -1 -1 -10 619.000000 152.000000 624.000000 181.000000 1.607424 0.623659 0.681205 1.465331 0.636800 48.197696 1.590704 0.010858
Cyclist -1 -1 -10 388.000000 157.000000 464.000000 295.000000 1.687955 0.568319 0.750799 -2.237575 1.561915 9.373162 -1.759351 0.999570
Cyclist -1 -1 -10 234.000000 148.000000 371.000000 359.000000 1.701357 0.550239 0.733467 -2.715710 1.643147 6.606474 -1.902429 0.999566
