Car -1 -1 -10 780.000000 181.000000 1105.000000 358.000000 1.449218 1.630370 3.956514 3.432708 1.594886 7.741970 1.491360 0.999474
Car -1 -1 -10 193.000000 194.000000 391.000000 290.000000 1.526203 1.621071 3.781563 -5.862687 2.093512 13.718985 1.656212 0.999089
Car -1 -1 -10 724.000000 178.000000 871.000000 274.000000 1.455545 1.576525 3.945010 3.646146 1.542138 13.056415 -1.470564 0.998767
Car -1 -1 -10 685.000000 181.000000 745.000000 229.000000 1.437452 1.562196 3.934456 3.827264 1.842512 23.261443 1.291149 0.997903
Car -1 -1 -10 443.000000 186.000000 503.000000 226.000000 1.501629 1.573091 3.679080 -5.699369 2.196898 28.228751 1.809339 0.995182
Car -1 -1 -10 352.000000 190.000000 447.000000 252.000000 1.518250 1.546531 3.691524 -5.634104 2.129607 19.383841 1.703890 0.995032
Car -1 -1 -10 667.000000 181.000000 719.000000 219.000000 1.394289 1.570031 3.670731 3.694893 1.874997 29.396494 -1.476915 0.953618
Car -1 -1 -10 1030.000000 152.000000 1243.000000 271.000000 1.471631 1.645008 3.842227 7.945642 1.099953 10.242678 2.696717 0.925231
Car -1 -1 -10 -1.000000 212.000000 170.000000 373.000000 1.501398 1.625913 3.763316 -6.064410 1.963417 6.967033 1.554479 0.866143
Car -1 -1 -10 651.000000 179.000000 693.000000 209.000000 1.434130 1.545928 3.706212 3.307869 1.925565 37.308427 -1.519557 0.678256
Car -1 -1 -10 6.000000 189.000000 136.000000 239.000000 1.441315 1.569371 3.781915 -14.642380 1.624975 19.631539 0.386015 0.398380
Car -1 -1 -10 500.000000 180.000000 536.000000 206.000000 1.557556 1.548409 3.702051 -6.172566 2.079602 40.452409 -1.142727 0.196128
