Pedestrian -1 -1 -10 767.000000 162.000000 812.000000 286.000000 1.662120 0.603648 0.716083 2.540573 1.622956 9.445048 -1.281147 0.990972
Pedestrian -1 -1 -10 649.000000 160.000000 670.000000 223.000000 1.690721 0.617811 0.678327 1.478506 1.302117 19.189950 -1.464125 0.278163
Pedestrian -1 -1 -10 756.000000 183.000000 792.000000 281.000000 1.626302 0.702485 0.679113 2.139779 2.089475 13.348921 1.801335 0.112587
Pedestrian -1 -1 -10 492.000000 161.000000 502.000000 191.000000 1.630932 0.635895 0.733128 -6.876745 0.540618 48.388420 -1.722427 0.085713
Pedestrian -1 -1 -10 521.000000 161.000000 530.000000 189.000000 1.758216 0.574419 0.683153 -5.157293 0.702951 49.034962 0.456615 0.043559
Pedestrian -1 -1 -10 761.000000 158.000000 779.000000 228.000000 1.673594 0.594941 0.580171 4.334481 1.535151 19.306799 2.282890 0.036852
Pedestrian -1 -1 -10 442.000000 159.000000 453.000000 196.000000 1.729009 0.632435 0.814304 -8.361589 1.042075 39.195157 -1.735336 0.019681
Pedestrian -1 -1 -10 -7.000000 189.000000 188.000000 373.000000 1.616135 0.603336 0.632795 -2.466199 1.768736 3.090568 -2.174999 0.019484
Pedestrian -1 -1 -10 475.000000 159.000000 484.000000 190.000000 1.700885 0.629972 0.690658 -8.336896 0.809567 49.933104 -1.708347 0.012899
Pedestrian -1 -1 -10 453.000000 163.000000 479.000000 224.000000 1.655268 0.599154 0.713605 -3.725315 1.405342 19.974900 -1.711518 0.011209
Car -1 -1 -10 962.000000 158.000000 1198.000000 239.000000 1.495660 1.555862 3.771495 10.388172 1.106080 15.997281 0.114719 0.974293
Car -1 -1 -10 1.000000 195.000000 181.000000 376.000000 1.519026 1.590372 3.711935 -3.010667 1.580319 3.585506 -2.167837 0.681708
Car -1 -1 -10 1112.000000 165.000000 1234.000000 250.000000 1.459366 1.618488 3.812333 11.420493 0.672323 15.270379 2.761450 0.014988
Car -1 -1 -10 1143.000000 296.000000 1232.000000 357.000000 1.459553 1.661848 3.532709 2.305776 0.994959 3.534289 2.346533 0.014981
Cyclist -1 -1 -10 451.000000 162.000000 480.000000 227.000000 1.640868 0.586245 0.727747 -3.717268 1.360707 19.989339 -1.716340 0.999381
Cyclist -1 -1 -10 401.000000 163.000000 437.000000 240.000000 1.705438 0.565618 0.745603 -4.432662 1.500547 17.212400 -1.764672 0.999264
