Pedestrian -1 -1 -10 857.000000 143.000000 938.000000 371.000000 1.705952 0.610329 0.765941 2.306566 1.639200 5.385717 -1.138355 0.998403
Pedestrian -1 -1 -10 985.000000 124.000000 1084.000000 306.000000 1.724691 0.595368 0.766877 4.354117 1.340146 7.365098 1.080113 0.996037
Pedestrian -1 -1 -10 575.000000 162.000000 597.000000 233.000000 1.690483 0.609949 0.754025 -0.360662 1.455683 18.263740 -1.550912 0.995090
Pedestrian -1 -1 -10 507.000000 163.000000 531.000000 247.000000 1.723408 0.600138 0.770053 -1.709933 1.572219 15.214597 0.424940 0.991910
Pedestrian -1 -1 -10 479.000000 167.000000 508.000000 248.000000 1.710892 0.601665 0.754581 -2.174717 1.592027 15.235658 -1.672890 0.982430
Pedestrian -1 -1 -10 621.000000 162.000000 640.000000 229.000000 1.666980 0.596400 0.656509 1.118017 1.380380 18.589378 0.598709 0.957869
Pedestrian -1 -1 -10 4.000000 226.000000 108.000000 368.000000 1.851724 0.608475 0.715994 -2.007569 1.330953 2.143082 -2.233484 0.845509
Pedestrian -1 -1 -10 206.000000 214.000000 304.000000 366.000000 1.623806 0.593979 0.607638 -2.066997 1.887465 4.351287 -2.002500 0.754008
Pedestrian -1 -1 -10 2.000000 223.000000 237.000000 372.000000 1.610990 0.602702 0.600175 -2.302699 1.872182 4.019641 -2.150391 0.690255
Pedestrian -1 -1 -10 603.000000 163.000000 622.000000 212.000000 1.649405 0.615138 0.712749 0.393357 1.082763 26.244383 -1.527438 0.678886
Pedestrian -1 -1 -10 628.000000 163.000000 652.000000 229.000000 1.655957 0.603599 0.645418 1.020724 1.382050 18.534285 0.583157 0.623475
Pedestrian -1 -1 -10 654.000000 165.000000 676.000000 222.000000 1.620008 0.592597 0.644336 1.781274 1.211964 20.167302 -1.455244 0.525911
Pedestrian -1 -1 -10 192.000000 204.000000 259.000000 336.000000 1.837441 0.601453 0.723209 -1.579753 1.330380 2.519562 -2.076016 0.515084
Pedestrian -1 -1 -10 177.000000 203.000000 207.000000 291.000000 1.769568 0.602290 0.666886 -1.504136 1.161245 2.272437 -2.111860 0.356704
Pedestrian -1 -1 -10 179.000000 202.000000 231.000000 302.000000 1.831587 0.612841 0.692184 -3.715150 1.991468 5.163535 1.131024 0.230824
Cyclist -1 -1 -10 652.000000 165.000000 681.000000 221.000000 1.603329 0.587621 0.642174 1.870370 1.204609 20.459808 -1.438637 0.302878
Cyclist -1 -1 -10 679.000000 160.000000 724.000000 223.000000 1.727486 0.491593 1.644095 3.005533 1.053765 22.177204 -1.394234 0.298948
Cyclist -1 -1 -10 -2.000000 221.000000 219.000000 372.000000 1.609824 0.596944 0.607203 -2.352794 1.837205 3.997248 -2.166198 0.204173
Cyclist -1 -1 -10 150.000000 220.000000 331.000000 373.000000 1.642252 0.581642 0.667225 -2.400666 1.785967 4.174403 -2.008357 0.154119
Cyclist -1 -1 -10 194.000000 205.000000 280.000000 346.000000 1.751617 0.579798 0.643422 -2.066835 1.523704 4.644841 -2.055564 0.038305
Cyclist -1 -1 -10 0.000000 225.000000 101.000000 368.000000 1.888275 0.584085 0.761803 -2.173468 1.430406 2.231269 0.973302 0.032275
Cyclist -1 -1 -10 222.000000 209.000000 311.000000 331.000000 1.511581 1.559614 3.394642 -4.016208 1.821824 6.394664 1.202294 0.020328
Cyclist -1 -1 -10 183.000000 204.000000 246.000000 314.000000 1.848717 0.597426 0.689566 -2.323418 1.326504 3.266257 1.151182 0.011761
