Car -1 -1 -10 393.000000 192.000000 467.000000 238.000000 1.503828 1.565512 3.648823 -6.207798 2.276240 25.397178 1.722143 0.998084
Car -1 -1 -10 656.000000 177.000000 710.000000 217.000000 1.453846 1.570785 4.034619 3.155656 1.641068 28.383032 1.289693 0.994986
Car -1 -1 -10 437.000000 190.000000 495.000000 226.000000 1.480678 1.569596 3.725135 -6.086537 2.347497 30.739281 1.737862 0.989715
Car -1 -1 -10 89.000000 203.000000 187.000000 241.000000 1.524979 1.611325 3.930217 -20.880950 2.758191 32.047061 -2.688676 0.937089
Car -1 -1 -10 1018.000000 136.000000 1116.000000 180.000000 1.798522 1.748743 4.332256 24.767664 -0.036568 38.921112 -2.088730 0.892018
Car -1 -1 -10 49.000000 208.000000 129.000000 242.000000 1.455825 1.573504 3.993086 -22.847754 3.047717 32.555026 0.363358 0.763305
Car -1 -1 -10 -1.000000 209.000000 80.000000 247.000000 1.475334 1.579358 3.782115 -25.372487 3.147872 32.854637 -1.609016 0.753832
Car -1 -1 -10 160.000000 204.000000 250.000000 240.000000 1.518710 1.674597 3.708292 -18.142687 2.909054 31.366561 1.039633 0.484441
Car -1 -1 -10 473.000000 182.000000 514.000000 214.000000 1.518004 1.577764 3.645590 -6.900275 2.258756 36.966761 2.048858 0.167210
Car -1 -1 -10 489.000000 184.000000 529.000000 209.000000 1.511392 1.584114 3.786401 -6.441067 2.249964 39.574775 1.880720 0.027845
