Car -1 -1 -10 241.000000 199.000000 438.000000 316.000000 1.459426 1.585748 3.676613 -3.898552 1.937720 10.750875 1.596225 0.999078
Car -1 -1 -10 656.000000 181.000000 711.000000 224.000000 1.461128 1.554511 3.672619 2.729688 1.815004 26.038711 -1.521921 0.998703
Car -1 -1 -10 817.000000 164.000000 1024.000000 227.000000 1.467367 1.636361 4.244475 8.413823 1.177090 20.050325 3.048989 0.998428
Car -1 -1 -10 478.000000 185.000000 516.000000 211.000000 1.568603 1.557497 3.721535 -7.023405 2.194694 38.741136 1.982491 0.980330
Car -1 -1 -10 415.000000 184.000000 484.000000 229.000000 1.489910 1.549458 3.826782 -6.660687 2.164103 28.430222 1.780265 0.975780
Car -1 -1 -10 -3.000000 213.000000 268.000000 377.000000 1.479283 1.602009 3.781043 -3.453134 1.772189 4.032665 1.573459 0.969014
Car -1 -1 -10 325.000000 194.000000 415.000000 255.000000 1.540859 1.579534 3.824795 -6.606304 1.571623 20.513441 1.268134 0.447162
Car -1 -1 -10 1043.000000 123.000000 1240.000000 367.000000 1.522282 1.574008 3.601556 3.192226 1.184188 3.744442 -0.898809 0.242233
Car -1 -1 -10 800.000000 162.000000 930.000000 216.000000 1.427383 1.577170 3.856639 8.059493 1.057384 22.921023 -0.122827 0.201783
Car -1 -1 -10 939.000000 158.000000 1024.000000 191.000000 1.503769 1.617517 3.740831 20.915388 0.926510 39.139399 1.441231 0.142930
Car -1 -1 -10 755.000000 166.000000 870.000000 209.000000 1.526305 1.644576 3.919936 7.981614 1.211513 28.596354 -0.210182 0.135962
Car -1 -1 -10 981.000000 152.000000 1103.000000 187.000000 1.484827 1.536649 3.865152 21.742072 0.546992 36.357481 1.571870 0.066891
Cyclist -1 -1 -10 1057.000000 120.000000 1237.000000 366.000000 1.604271 0.591497 0.693610 2.627562 1.321184 3.031576 -0.906539 0.420976
Cyclist -1 -1 -10 0.000000 214.000000 264.000000 377.000000 1.697150 0.576330 0.705142 -3.158406 1.913883 3.697760 1.522504 0.024811
