Pedestrian -1 -1 -10 603.000000 159.000000 680.000000 297.000000 1.705742 0.608477 0.791328 0.601606 1.705476 8.659004 -1.473285 0.999280
Pedestrian -1 -1 -10 642.000000 164.000000 661.000000 215.000000 1.718975 0.693681 0.758423 -0.077759 1.377970 7.578751 -1.559386 0.025059
Pedestrian -1 -1 -10 631.000000 165.000000 666.000000 224.000000 1.648968 0.610740 0.590399 1.087293 0.949312 17.817479 -1.518929 0.021435
Pedestrian -1 -1 -10 646.000000 175.000000 657.000000 212.000000 1.673993 0.701886 0.701035 -0.051949 1.531881 10.125553 1.641808 0.013883
Pedestrian -1 -1 -10 620.000000 166.000000 677.000000 250.000000 1.662924 0.637165 0.698658 1.116287 1.578562 13.178554 1.082561 0.013819
Pedestrian -1 -1 -10 653.000000 168.000000 663.000000 211.000000 1.725760 0.688118 0.766682 -0.002583 1.448856 7.824594 -1.546245 0.010415
Cyclist -1 -1 -10 652.000000 170.000000 664.000000 211.000000 1.777800 0.693109 0.897298 -0.156488 1.662671 7.018006 1.667767 0.028264
Cyclist -1 -1 -10 606.000000 157.000000 679.000000 297.000000 1.708261 0.606992 0.786233 0.601727 1.623742 8.713848 -1.484063 0.026177
Cyclist -1 -1 -10 643.000000 174.000000 674.000000 211.000000 1.785696 0.695040 0.899887 -0.219407 1.773452 7.426901 1.672211 0.023660
Cyclist -1 -1 -10 648.000000 170.000000 659.000000 210.000000 1.830381 0.595048 0.682459 -0.276480 1.436877 4.781864 1.704978 0.013347
